Timestamp,TimeUnixNano,Node,PodName,Container,TraceID,SpanID,Log
2025-06-06T09:22:12.28401291Z,1674984132284012910,33.33.33.167,ts-travel2-service-5c66d57d58-6mp2b,server,3001be7d4dd710e91cf22b2c3cd52097,98b2edf515eb27cd,"{""log"":""17:22:12.283 INFO  t.s.TravelServiceImpl#372 TraceID: 3001be7d4dd710e91cf22b2c3cd52097 SpanID: 98b2edf515eb27cd [getTickets][Calculate distance][calculate time：175  time: Sat May 04 12:46:52 CST 2013]\n"",""stream"":""stdout"",""time"":""2025-06-06T09:22:12.28401291Z""}"
2025-06-06T09:22:12.283710917Z,1674984132283710917,33.33.33.167,ts-travel2-service-5c66d57d58-6mp2b,server,3001be7d4dd710e91cf22b2c3cd52097,98b2edf515eb27cd,"{""log"":""17:22:12.283 INFO  t.s.TravelServiceImpl#366 TraceID: 3001be7d4dd710e91cf22b2c3cd52097 SpanID: 98b2edf515eb27cd [getTickets][Calculate distance][calculate time：0  time: Sat May 04 09:51:52 CST 2013]\n"",""stream"":""stdout"",""time"":""2025-06-06T09:22:12.283710917Z""}"
2025-06-06T09:22:12.283366332Z,1674984132283366332,33.33.33.167,ts-travel2-service-5c66d57d58-6mp2b,server,3001be7d4dd710e91cf22b2c3cd52097,98b2edf515eb27cd,"{""log"":""17:22:12.282 INFO  t.s.TravelServiceImpl#469 TraceID: 3001be7d4dd710e91cf22b2c3cd52097 SpanID: 98b2edf515eb27cd [getRestTicketNumber][Get Rest tickets num][num is: Response(status=1, msg=Get Left Ticket of Internal Success, data=1073741654)]\n"",""stream"":""stdout"",""time"":""2025-06-06T09:22:12.283366332Z""}"
2025-06-06T09:22:12.262521203Z,1674984132262521203,33.33.33.167,ts-travel2-service-5c66d57d58-6mp2b,server,3001be7d4dd710e91cf22b2c3cd52097,98b2edf515eb27cd,"{""log"":""17:22:12.262 INFO  t.s.TravelServiceImpl#459 TraceID: 3001be7d4dd710e91cf22b2c3cd52097 SpanID: 98b2edf515eb27cd [getRestTicketNumber][Seat request][request: Seat(travelDate=2023-01-29, trainNumber=Z1234, startStation=shanghai, destStation=nanjing, seatType=3, totalNum=2147483647, stations=[shanghai, nanjing, shijiazhuang, taiyuan])]\n"",""stream"":""stdout"",""time"":""2025-06-06T09:22:12.262521203Z""}"
2025-06-06T09:22:12.262269011Z,1674984132262269011,33.33.33.167,ts-travel2-service-5c66d57d58-6mp2b,server,3001be7d4dd710e91cf22b2c3cd52097,98b2edf515eb27cd,"{""log"":""17:22:12.261 INFO  t.s.TravelServiceImpl#469 TraceID: 3001be7d4dd710e91cf22b2c3cd52097 SpanID: 98b2edf515eb27cd [getRestTicketNumber][Get Rest tickets num][num is: Response(status=1, msg=Get Left Ticket of Internal Success, data=1073741654)]\n"",""stream"":""stdout"",""time"":""2025-06-06T09:22:12.262269011Z""}"
2025-06-06T09:22:12.209952503Z,1674984132209952503,33.33.33.167,ts-travel2-service-5c66d57d58-6mp2b,server,3001be7d4dd710e91cf22b2c3cd52097,98b2edf515eb27cd,"{""log"":""17:22:12.209 INFO  t.s.TravelServiceImpl#459 TraceID: 3001be7d4dd710e91cf22b2c3cd52097 SpanID: 98b2edf515eb27cd [getRestTicketNumber][Seat request][request: Seat(travelDate=2023-01-29, trainNumber=Z1234, startStation=shanghai, destStation=nanjing, seatType=2, totalNum=2147483647, stations=[shanghai, nanjing, shijiazhuang, taiyuan])]\n"",""stream"":""stdout"",""time"":""2025-06-06T09:22:12.209952503Z""}"
2025-06-06T09:22:12.162989787Z,1674984132162989787,33.33.33.167,ts-travel2-service-5c66d57d58-6mp2b,server,3001be7d4dd710e91cf22b2c3cd52097,98b2edf515eb27cd,"{""log"":""17:22:12.162 INFO  t.c.Travel2Controller#129 TraceID: 3001be7d4dd710e91cf22b2c3cd52097 SpanID: 98b2edf515eb27cd [getTripAllDetailInfo][Get trip detail][TripId: Z1234]\n"",""stream"":""stdout"",""time"":""2025-06-06T09:22:12.162989787Z""}"
2025-06-06T09:22:12.179869425Z,1674984132179869425,33.33.33.79,ts-train-service-86f5f97bc9-dkqmf,server,3001be7d4dd710e91cf22b2c3cd52097,6d879859aebdc011,"{""log"":""17:22:12.178 INFO  t.c.TrainController#60 TraceID: 3001be7d4dd710e91cf22b2c3cd52097 SpanID: 6d879859aebdc011 [retrieveByName][Retrieve train][TrainTypeName: ZhiDa]\n"",""stream"":""stdout"",""time"":""2025-06-06T09:22:12.179869425Z""}"
2025-06-06T09:22:12.173736789Z,1674984132173736789,33.33.33.76,ts-station-service-7f4f5f6f77-5qb6j,server,3001be7d4dd710e91cf22b2c3cd52097,74530cf5609fb17a,"{""log"":""17:22:12.173 INFO  f.m.c.StationController#63 TraceID: 3001be7d4dd710e91cf22b2c3cd52097 SpanID: 74530cf5609fb17a [queryForId][Query for station id][StationName: nanjing]\n"",""stream"":""stdout"",""time"":""2025-06-06T09:22:12.173736789Z""}"
2025-06-06T09:22:12.170037753Z,1674984132170037753,33.33.33.76,ts-station-service-7f4f5f6f77-5qb6j,server,3001be7d4dd710e91cf22b2c3cd52097,9f8f64e6e1ed8d7b,"{""log"":""17:22:12.169 INFO  f.m.c.StationController#63 TraceID: 3001be7d4dd710e91cf22b2c3cd52097 SpanID: 9f8f64e6e1ed8d7b [queryForId][Query for station id][StationName: shanghai]\n"",""stream"":""stdout"",""time"":""2025-06-06T09:22:12.170037753Z""}"
2025-06-06T09:22:12.133674193Z,1674984132133674193,33.33.33.115,ts-security-service-cb9788d56-mrzv2,ts-security-service,3001be7d4dd710e91cf22b2c3cd52097,27effee96ea61ed9,"{""log"":""17:22:12.133 INFO  s.s.SecurityServiceImpl#119 TraceID: 3001be7d4dd710e91cf22b2c3cd52097 SpanID: 27effee96ea61ed9 [check][Max][Max In One Hour: 2147483647  Max Not Use: 2147483647]\n"",""stream"":""stdout"",""time"":""2025-06-06T09:22:12.133674193Z""}"
2025-06-06T09:22:12.130366677Z,1674984132130366677,33.33.33.115,ts-security-service-cb9788d56-mrzv2,ts-security-service,3001be7d4dd710e91cf22b2c3cd52097,27effee96ea61ed9,"{""log"":""17:22:12.130 INFO  s.s.SecurityServiceImpl#156 TraceID: 3001be7d4dd710e91cf22b2c3cd52097 SpanID: 27effee96ea61ed9 [getSecurityOrderOtherInfoFromOrder][Get Order Other Info For Security][Last One Hour: 170  Total Valid Order: 113]\n"",""stream"":""stdout"",""time"":""2025-06-06T09:22:12.130366677Z""}"
2025-06-06T09:22:12.120280201Z,1674984132120280201,33.33.33.115,ts-security-service-cb9788d56-mrzv2,ts-security-service,3001be7d4dd710e91cf22b2c3cd52097,27effee96ea61ed9,"{""log"":""17:22:12.119 INFO  s.s.SecurityServiceImpl#141 TraceID: 3001be7d4dd710e91cf22b2c3cd52097 SpanID: 27effee96ea61ed9 [getSecurityOrderInfoFromOrder][Get Order Info For Security][Last One Hour: 322  Total Valid Order: 160]\n"",""stream"":""stdout"",""time"":""2025-06-06T09:22:12.120280201Z""}"
2025-06-06T09:22:12.102676732Z,1674984132102676732,33.33.33.115,ts-security-service-cb9788d56-mrzv2,ts-security-service,3001be7d4dd710e91cf22b2c3cd52097,27effee96ea61ed9,"{""log"":""17:22:12.102 INFO  s.c.SecurityController#62 TraceID: 3001be7d4dd710e91cf22b2c3cd52097 SpanID: 27effee96ea61ed9 [check][Check Security][Check Account Id: 4d2a46c7-71cb-4cf1-b5bb-b68406d9da6f]\n"",""stream"":""stdout"",""time"":""2025-06-06T09:22:12.102676732Z""}"
2025-06-06T09:22:12.281753563Z,1674984132281753563,33.33.33.82,ts-seat-service-5c95b49cff-tdsdz,server,3001be7d4dd710e91cf22b2c3cd52097,c6d527a39f2a9290,"{""log"":""17:22:12.280 INFO  s.s.SeatServiceImpl#217 TraceID: 3001be7d4dd710e91cf22b2c3cd52097 SpanID: c6d527a39f2a9290 [getDirectProportion][Configs is : Config(name=DirectTicketAllocationProportion, value=0.5, description=Allocation Proportion Of The Direct Ticket - From Start To End)]\n"",""stream"":""stdout"",""time"":""2025-06-06T09:22:12.281753563Z""}"
2025-06-06T09:22:12.277277025Z,1674984132277277025,33.33.33.82,ts-seat-service-5c95b49cff-tdsdz,server,3001be7d4dd710e91cf22b2c3cd52097,c6d527a39f2a9290,"{""log"":""17:22:12.275 INFO  s.s.SeatServiceImpl#166 TraceID: 3001be7d4dd710e91cf22b2c3cd52097 SpanID: c6d527a39f2a9290 [getLeftTicketOfInterval][Get Order tickets result][result is \u003c200,Response(status=1, msg=Success, data=LeftTicketInfo{soldTickets=[Ticket(seatNo=388817927, startStation=shanghai, destStation=nanjing), Ticket(seatNo=512319188, startStation=shanghai, destStation=nanjing), Ticket(seatNo=650950163, startStation=shanghai, destStation=nanjing), Ticket(seatNo=681456978, startStation=shanghai, destStation=nanjing), Ticket(seatNo=1278422345, startStation=shanghai, destStation=nanjing), Ticket(seatNo=113640569, startStation=shanghai, destStation=nanjing), Ticket(seatNo=1706091788, startStation=shanghai, destStation=nanjing), Ticket(seatNo=719931591, startStation=shanghai, destStation=nanjing), Ticket(seatNo=324348558, startStation=shanghai, destStation=nanjing), Ticket(seatNo=437134557, startStation=shanghai, destStation=nanjing), Ticket(seatNo=1180305654, startStation=shanghai, destStation=nanjing), Ticket(seatNo=218664224, startStation=shanghai, destStation=nanjing), Ticket(seatNo=1531256885, startStation=shanghai, destStation=nanjing), Ticket(seatNo=282865016, startStation=shanghai, destStation=nanjing), Ticket(seatNo=290573193, startStation=shanghai, destStation=nanjing), Ticket(seatNo=2091646075, startStation=shanghai, destStation=nanjing), Ticket(seatNo=1529246592, startStation=shanghai, destStation=nanjing), Ticket(seatNo=518358183, startStation=shanghai, destStation=nanjing), Ticket(seatNo=1578574107, startStation=shanghai, destStation=nanjing), Ticket(seatNo=864103707, startStation=shanghai, destStation=nanjing), Ticket(seatNo=1101722819, startStation=shanghai, destStation=nanjing), Ticket(seatNo=1110043211, startStation=shanghai, destStation=nanjing), Ticket(seatNo=2115304579, startStation=shanghai, destStation=nanjing), Ticket(seatNo=517895253, startStation=shanghai, destStation=nanjing), Ticket(seatNo=112374996, startStation=shanghai, destStation=nanjing), Ticket(seatNo=1222554072, startStation=shanghai, destStation=nanjing), Ticket(seatNo=1445221655, startStation=shanghai, destStation=nanjing), Ticket(seatNo=55335899, startStation=shanghai, destStation=nanjing), Ticket(seatNo=1402723531, startStation=shanghai, destStation=nanjing), Ticket(seatNo=520072209, startStation=shanghai, destStation=nanjing), Ticket(seatNo=1063924165, startStation=shanghai, destStation=nanjing), Ticket(seatNo=828062078, startStation=shanghai, destStation=nanjing), Ticket(seatNo=364950093, startStation=shanghai, destStation=nanjing), Ticket(seatNo=1605189805, startStation=shanghai, destStation=nanjing), Ticket(seatNo=182083286, startStation=shanghai, destStation=nanjing), Ticket(seatNo=1956808479, startStation=shanghai, destStation=nanjing), Ticket(seatNo=1479771875, startStation=shanghai, destStation=nanjing), Ticket(seatNo=1340473816, startStation=shanghai, destStation=nanjing), Ticket(seatNo=2058528320, startStation=shanghai, destStation=nanjing), Ticket(seatNo=1862239339, startStation=shanghai, destStation=nanjing), Ticket(seatNo=756196424, startStation=shanghai, destStation=nanjing), Ticket(seatNo=1554210637, startStation=shanghai, destStation=nanjing), Ticket(seatNo=2131607583, startStation=shanghai, destStation=nanjing), Ticket(seatNo=1114945650, startStation=shanghai, destStation=nanjing), Ticket(seatNo=978840618, startStation=shanghai, destStation=nanjing), Ticket(seatNo=1696192204, startStation=shanghai, destStation=nanjing), Ticket(seatNo=159217444, startStation=shanghai, destStation=nanjing), Ticket(seatNo=1472397446, startStation=shanghai, destStation=nanjing), Ticket(seatNo=863762562, startStation=shanghai, destStation=nanjing), Ticket(seatNo=762240728, startStation=shanghai, destStation=nanjing), Ticket(seatNo=733090960, startStation=shanghai, destStation=nanjing), Ticket(seatNo=1385200790, startStation=shanghai, destStation=nanjing), Ticket(seatNo=1483334408, startStation=shanghai, destStation=nanjing), Ticket(seatNo=1230952670, startStation=shanghai, destStation=nanjing), Ticket(seatNo=1760486203, startStation=shanghai, destStation=nanjing), Ticket(seatNo=1631472666, startStation=shanghai, destStation=nanjing), Ticket(seatNo=882144838, startStation=shanghai, destStation=nanjing), Ticket(seatNo=210246843, startStation=shanghai, destStation=nanjing), Ticket(seatNo=427259238, startStation=shanghai, destStation=nanjing), Ticket(seatNo=1232572404, startStation=shanghai, destStation=nanjing), Ticket(seatNo=1304478712, startStation=shanghai, destStation=nanjing), Ticket(seatNo=2016232602, startStation=shanghai, destStation=nanjing), Ticket(seatNo=76670888, startStation=shanghai, destStation=nanjing), Ticket(seatNo=1754550335, startStation=shanghai, destStation=nanjing), Ticket(seatNo=1491838595, startStation=shanghai, destStation=nanjing), Ticket(seatNo=1330605393, startStation=shanghai, destStation=nanjing), Ticket(seatNo=226825480, startStation=shanghai, destStation=nanjing), Ticket(seatNo=1787175945, startStation=shanghai, destStation=nanjing), Ticket(seatNo=590443336, startStation=shanghai, destStation=nanjing), Ticket(seatNo=427944411, startStation=shanghai, destStation=nanjing), Ticket(seatNo=1638437656, startStation=shanghai, destStation=nanjing), Ticket(seatNo=1361381257, startStation=shanghai, destStation=nanjing), Ticket(seatNo=1482512162, startStation=shanghai, destStation=nanjing), Ticket(seatNo=400526011, startStation=shanghai, destStation=nanjing), Ticket(seatNo=1749342441, startStation=shanghai, destStation=nanjing), Ticket(seatNo=2117918027, startStation=shanghai, destStation=nanjing), Ticket(seatNo=654927142, startStation=shanghai, destStation=nanjing), Ticket(seatNo=1977897455, startStation=shanghai, destStation=nanjing), Ticket(seatNo=641977830, startStation=shanghai, destStation=nanjing), Ticket(seatNo=1021188806, startStation=shanghai, destStation=nanjing), Ticket(seatNo=1445935016, startStation=shanghai, destStation=nanjing), Ticket(seatNo=830548221, startStation=shanghai, destStation=nanjing), Ticket(seatNo=1655441840, startStation=shanghai, destStation=nanjing), Ticket(seatNo=678340688, startStation=shanghai, destStation=nanjing), Ticket(seatNo=1682320147, startStation=shanghai, destStation=nanjing), Ticket(seatNo=1195341149, startStation=shanghai, destStation=nanjing), Ticket(seatNo=973914808, startStation=shanghai, destStation=nanjing), Ticket(seatNo=1217764195, startStation=shanghai, destStation=nanjing), Ticket(seatNo=837692558, startStation=shanghai, destStation=nanjing), Ticket(seatNo=1203709814, startStation=shanghai, destStation=nanjing), Ticket(seatNo=984361044, startStation=shanghai, destStation=nanjing), Ticket(seatNo=675974723, startStation=shanghai, destStation=nanjing), Ticket(seatNo=1490992938, startStation=shanghai, destStation=nanjing), Ticket(seatNo=1201160931, startStation=shanghai, destStation=nanjing), Ticket(seatNo=1435884154, startStation=shanghai, destStation=nanjing), Ticket(seatNo=1297551695, startStation=shanghai, destStation=nanjing), Ticket(seatNo=1664074534, startStation=shanghai, destStation=nanjing), Ticket(seatNo=1921728155, startStation=shanghai, destStation=nanjing), Ticket(seatNo=1137714160, startStation=shanghai, destStation=nanjing), Ticket(seatNo=1988971469, startStation=shanghai, destStation=nanjing), Ticket(seatNo=1018160513, startStation=shanghai, destStation=nanjing), Ticket(seatNo=1550917166, startStation=shanghai, destStation=nanjing), Ticket(seatNo=1894695695, startStation=shanghai, destStation=nanjing), Ticket(seatNo=784843623, startStation=shanghai, destStation=nanjing), Ticket(seatNo=1932732784, startStation=shanghai, destStation=nanjing), Ticket(seatNo=1565956437, startStation=shanghai, destStation=nanjing), Ticket(seatNo=249855326, startStation=shanghai, destStation=nanjing), Ticket(seatNo=77833908, startStation=shanghai, destStation=nanjing), Ticket(seatNo=64395763, startStation=shanghai, destStation=nanjing), Ticket(seatNo=781572303, startStation=shanghai, destStation=nanjing), Ticket(seatNo=1060217224, startStation=shanghai, destStation=nanjing), Ticket(seatNo=210817532, startStation=shanghai, destStation=nanjing), Ticket(seatNo=1587135411, startStation=shanghai, destStation=nanjing), Ticket(seatNo=862437816, startStation=shanghai, destStation=nanjing), Ticket(seatNo=348991760, startStation=shanghai, destStation=nanjing), Ticket(seatNo=1479280287, startStation=shanghai, destStation=nanjing), Ticket(seatNo=349038530, startStation=shanghai, destStation=nanjing), Ticket(seatNo=90480773, startStation=shanghai, destStation=nanjing), Ticket(seatNo=1465059263, startStation=shanghai, destStation=nanjing), Ticket(seatNo=1498460243, startStation=shanghai, destStation=nanjing), Ticket(seatNo=671507041, startStation=shanghai, destStation=nanjing), Ticket(seatNo=965174800, startStation=shanghai, destStation=nanjing), Ticket(seatNo=1841324996, startStation=shanghai, destStation=nanjing), Ticket(seatNo=1248601454, startStation=shanghai, destStation=nanjing), Ticket(seatNo=1901083814, startStation=shanghai, destStation=nanjing), Ticket(seatNo=2077341681, startStation=shanghai, destStation=nanjing), Ticket(seatNo=1207577891, startStation=shanghai, destStation=nanjing), Ticket(seatNo=1454446323, startStation=shanghai, destStation=nanjing), Ticket(seatNo=234766556, startStation=shanghai, destStation=nanjing), Ticket(seatNo=1726109987, startStation=shanghai, destStation=nanjing), Ticket(seatNo=317002893, startStation=shanghai, destStation=nanjing), Ticket(seatNo=1499460332, startStation=shanghai, destStation=nanjing), Ticket(seatNo=267587626, startStation=shanghai, destStation=nanjing), Ticket(seatNo=747527520, startStation=shanghai, destStation=nanjing), Ticket(seatNo=207584255, startStation=shanghai, destStation=nanjing), Ticket(seatNo=636497848, startStation=shanghai, destStation=nanjing), Ticket(seatNo=134621623, startStation=shanghai, destStation=nanjing), Ticket(seatNo=1143973252, startStation=shanghai, destStation=nanjing), Ticket(seatNo=1285506393, startStation=shanghai, destStation=nanjing), Ticket(seatNo=1318597280, startStation=shanghai, destStation=nanjing), Ticket(seatNo=2109276771, startStation=shanghai, destStation=nanjing), Ticket(seatNo=746347294, startStation=shanghai, destStation=nanjing), Ticket(seatNo=1636266694, startStation=shanghai, destStation=nanjing), Ticket(seatNo=538009141, startStation=shanghai, destStation=nanjing), Ticket(seatNo=1944586976, startStation=shanghai, destStation=nanjing), Ticket(seatNo=1320680614, startStation=shanghai, destStation=nanjing), Ticket(seatNo=142490066, startStation=shanghai, destStation=nanjing), Ticket(seatNo=252466715, startStation=shanghai, destStation=nanjing), Ticket(seatNo=1806446874, startStation=shanghai, destStation=nanjing), Ticket(seatNo=1743761737, startStation=shanghai, destStation=nanjing), Ticket(seatNo=610439616, startStation=shanghai, destStation=nanjing), Ticket(seatNo=76166607, startStation=shanghai, destStation=nanjing), Ticket(seatNo=1265135696, startStation=shanghai, destStation=nanjing), Ticket(seatNo=1177274309, startStation=shanghai, destStation=nanjing), Ticket(seatNo=746628462, startStation=shanghai, destStation=nanjing), Ticket(seatNo=573722729, startStation=shanghai, destStation=nanjing), Ticket(seatNo=940056408, startStation=shanghai, destStation=nanjing), Ticket(seatNo=202317050, startStation=shanghai, destStation=nanjing), Ticket(seatNo=221602851, startStation=shanghai, destStation=nanjing), Ticket(seatNo=1431476535, startStation=shanghai, destStation=nanjing), Ticket(seatNo=606888208, startStation=shanghai, destStation=nanjing), Ticket(seatNo=813377677, startStation=shanghai, destStation=nanjing), Ticket(seatNo=1592122745, startStation=shanghai, destStation=nanjing), Ticket(seatNo=2128153780, startStation=shanghai, destStation=nanjing), Ticket(seatNo=568784077, startStation=shanghai, destStation=nanjing), Ticket(seatNo=990332202, startStation=shanghai, destStation=nanjing), Ticket(seatNo=1969469614, startStation=shanghai, destStation=nanjing), Ticket(seatNo=1456285444, startStation=shanghai, destStation=nanjing), Ticket(seatNo=1785859166, startStation=shanghai, destStation=nanjing)]}),[vary:\""Origin,Access-Control-Request-Method,Access-Control-Request-Headers\"", x-content-type-options:\""nosniff\"", x-xss-protection:\""1; mode=block\"", cache-control:\""no-cache, no-store, max-age=0, must-revalidate\"", pragma:\""no-cache\"", expires:\""0\"", x-frame-options:\""DENY\"", content-type:\""application/json\"", date:\""Sun, 29 Jan 2023 09:22:11 GMT\"", x-envoy-upstream-service-time:\""7\"", server:\""envoy\"", transfer-encoding:\""chunked\""]\u003e]\n"",""stream"":""stdout"",""time"":""2025-06-06T09:22:12.277277025Z""}"
2025-06-06T09:22:12.266429067Z,1674984132266429067,33.33.33.82,ts-seat-service-5c95b49cff-tdsdz,server,3001be7d4dd710e91cf22b2c3cd52097,c6d527a39f2a9290,"{""log"":""17:22:12.265 INFO  s.s.SeatServiceImpl#154 TraceID: 3001be7d4dd710e91cf22b2c3cd52097 SpanID: c6d527a39f2a9290 [getLeftTicketOfInterval][TrainNumber start with other capital][trainNumber:Z1234]\n"",""stream"":""stdout"",""time"":""2025-06-06T09:22:12.266429067Z""}"
2025-06-06T09:22:12.266090262Z,1674984132266090262,33.33.33.82,ts-seat-service-5c95b49cff-tdsdz,server,3001be7d4dd710e91cf22b2c3cd52097,c6d527a39f2a9290,"{""log"":""17:22:12.265 INFO  s.s.SeatServiceImpl#137 TraceID: 3001be7d4dd710e91cf22b2c3cd52097 SpanID: c6d527a39f2a9290 [getLeftTicketOfInterval][Seat request][request:Seat(travelDate=2023-01-29, trainNumber=Z1234, startStation=shanghai, destStation=nanjing, seatType=3, totalNum=2147483647, stations=[shanghai, nanjing, shijiazhuang, taiyuan])]\n"",""stream"":""stdout"",""time"":""2025-06-06T09:22:12.266090262Z""}"
2025-06-06T09:22:12.265652631Z,1674984132265652631,33.33.33.82,ts-seat-service-5c95b49cff-tdsdz,server,3001be7d4dd710e91cf22b2c3cd52097,c6d527a39f2a9290,"{""log"":""17:22:12.264 INFO  s.c.SeatController#57 TraceID: 3001be7d4dd710e91cf22b2c3cd52097 SpanID: c6d527a39f2a9290 [getLeftTicketOfInterval][Get left ticket of interval][TravelDate: 2023-01-29,TrainNumber: Z1234,SeatType: 3]\n"",""stream"":""stdout"",""time"":""2025-06-06T09:22:12.265652631Z""}"
2025-06-06T09:22:12.260191679Z,1674984132260191679,33.33.33.82,ts-seat-service-5c95b49cff-tdsdz,server,3001be7d4dd710e91cf22b2c3cd52097,488dd4cf5d5f816b,"{""log"":""17:22:12.259 INFO  s.s.SeatServiceImpl#217 TraceID: 3001be7d4dd710e91cf22b2c3cd52097 SpanID: 488dd4cf5d5f816b [getDirectProportion][Configs is : Config(name=DirectTicketAllocationProportion, value=0.5, description=Allocation Proportion Of The Direct Ticket - From Start To End)]\n"",""stream"":""stdout"",""time"":""2025-06-06T09:22:12.260191679Z""}"
2025-06-06T09:22:12.25436835Z,1674984132254368350,33.33.33.82,ts-seat-service-5c95b49cff-tdsdz,server,3001be7d4dd710e91cf22b2c3cd52097,488dd4cf5d5f816b,"{""log"":""17:22:12.252 INFO  s.s.SeatServiceImpl#166 TraceID: 3001be7d4dd710e91cf22b2c3cd52097 SpanID: 488dd4cf5d5f816b [getLeftTicketOfInterval][Get Order tickets result][result is \u003c200,Response(status=1, msg=Success, data=LeftTicketInfo{soldTickets=[Ticket(seatNo=388817927, startStation=shanghai, destStation=nanjing), Ticket(seatNo=512319188, startStation=shanghai, destStation=nanjing), Ticket(seatNo=650950163, startStation=shanghai, destStation=nanjing), Ticket(seatNo=681456978, startStation=shanghai, destStation=nanjing), Ticket(seatNo=1278422345, startStation=shanghai, destStation=nanjing), Ticket(seatNo=113640569, startStation=shanghai, destStation=nanjing), Ticket(seatNo=1706091788, startStation=shanghai, destStation=nanjing), Ticket(seatNo=719931591, startStation=shanghai, destStation=nanjing), Ticket(seatNo=324348558, startStation=shanghai, destStation=nanjing), Ticket(seatNo=437134557, startStation=shanghai, destStation=nanjing), Ticket(seatNo=1180305654, startStation=shanghai, destStation=nanjing), Ticket(seatNo=218664224, startStation=shanghai, destStation=nanjing), Ticket(seatNo=1531256885, startStation=shanghai, destStation=nanjing), Ticket(seatNo=282865016, startStation=shanghai, destStation=nanjing), Ticket(seatNo=290573193, startStation=shanghai, destStation=nanjing), Ticket(seatNo=2091646075, startStation=shanghai, destStation=nanjing), Ticket(seatNo=1529246592, startStation=shanghai, destStation=nanjing), Ticket(seatNo=518358183, startStation=shanghai, destStation=nanjing), Ticket(seatNo=1578574107, startStation=shanghai, destStation=nanjing), Ticket(seatNo=864103707, startStation=shanghai, destStation=nanjing), Ticket(seatNo=1101722819, startStation=shanghai, destStation=nanjing), Ticket(seatNo=1110043211, startStation=shanghai, destStation=nanjing), Ticket(seatNo=2115304579, startStation=shanghai, destStation=nanjing), Ticket(seatNo=517895253, startStation=shanghai, destStation=nanjing), Ticket(seatNo=112374996, startStation=shanghai, destStation=nanjing), Ticket(seatNo=1222554072, startStation=shanghai, destStation=nanjing), Ticket(seatNo=1445221655, startStation=shanghai, destStation=nanjing), Ticket(seatNo=55335899, startStation=shanghai, destStation=nanjing), Ticket(seatNo=1402723531, startStation=shanghai, destStation=nanjing), Ticket(seatNo=520072209, startStation=shanghai, destStation=nanjing), Ticket(seatNo=1063924165, startStation=shanghai, destStation=nanjing), Ticket(seatNo=828062078, startStation=shanghai, destStation=nanjing), Ticket(seatNo=364950093, startStation=shanghai, destStation=nanjing), Ticket(seatNo=1605189805, startStation=shanghai, destStation=nanjing), Ticket(seatNo=182083286, startStation=shanghai, destStation=nanjing), Ticket(seatNo=1956808479, startStation=shanghai, destStation=nanjing), Ticket(seatNo=1479771875, startStation=shanghai, destStation=nanjing), Ticket(seatNo=1340473816, startStation=shanghai, destStation=nanjing), Ticket(seatNo=2058528320, startStation=shanghai, destStation=nanjing), Ticket(seatNo=1862239339, startStation=shanghai, destStation=nanjing), Ticket(seatNo=756196424, startStation=shanghai, destStation=nanjing), Ticket(seatNo=1554210637, startStation=shanghai, destStation=nanjing), Ticket(seatNo=2131607583, startStation=shanghai, destStation=nanjing), Ticket(seatNo=1114945650, startStation=shanghai, destStation=nanjing), Ticket(seatNo=978840618, startStation=shanghai, destStation=nanjing), Ticket(seatNo=1696192204, startStation=shanghai, destStation=nanjing), Ticket(seatNo=159217444, startStation=shanghai, destStation=nanjing), Ticket(seatNo=1472397446, startStation=shanghai, destStation=nanjing), Ticket(seatNo=863762562, startStation=shanghai, destStation=nanjing), Ticket(seatNo=762240728, startStation=shanghai, destStation=nanjing), Ticket(seatNo=733090960, startStation=shanghai, destStation=nanjing), Ticket(seatNo=1385200790, startStation=shanghai, destStation=nanjing), Ticket(seatNo=1483334408, startStation=shanghai, destStation=nanjing), Ticket(seatNo=1230952670, startStation=shanghai, destStation=nanjing), Ticket(seatNo=1760486203, startStation=shanghai, destStation=nanjing), Ticket(seatNo=1631472666, startStation=shanghai, destStation=nanjing), Ticket(seatNo=882144838, startStation=shanghai, destStation=nanjing), Ticket(seatNo=210246843, startStation=shanghai, destStation=nanjing), Ticket(seatNo=427259238, startStation=shanghai, destStation=nanjing), Ticket(seatNo=1232572404, startStation=shanghai, destStation=nanjing), Ticket(seatNo=1304478712, startStation=shanghai, destStation=nanjing), Ticket(seatNo=2016232602, startStation=shanghai, destStation=nanjing), Ticket(seatNo=76670888, startStation=shanghai, destStation=nanjing), Ticket(seatNo=1754550335, startStation=shanghai, destStation=nanjing), Ticket(seatNo=1491838595, startStation=shanghai, destStation=nanjing), Ticket(seatNo=1330605393, startStation=shanghai, destStation=nanjing), Ticket(seatNo=226825480, startStation=shanghai, destStation=nanjing), Ticket(seatNo=1787175945, startStation=shanghai, destStation=nanjing), Ticket(seatNo=590443336, startStation=shanghai, destStation=nanjing), Ticket(seatNo=427944411, startStation=shanghai, destStation=nanjing), Ticket(seatNo=1638437656, startStation=shanghai, destStation=nanjing), Ticket(seatNo=1361381257, startStation=shanghai, destStation=nanjing), Ticket(seatNo=1482512162, startStation=shanghai, destStation=nanjing), Ticket(seatNo=400526011, startStation=shanghai, destStation=nanjing), Ticket(seatNo=1749342441, startStation=shanghai, destStation=nanjing), Ticket(seatNo=2117918027, startStation=shanghai, destStation=nanjing), Ticket(seatNo=654927142, startStation=shanghai, destStation=nanjing), Ticket(seatNo=1977897455, startStation=shanghai, destStation=nanjing), Ticket(seatNo=641977830, startStation=shanghai, destStation=nanjing), Ticket(seatNo=1021188806, startStation=shanghai, destStation=nanjing), Ticket(seatNo=1445935016, startStation=shanghai, destStation=nanjing), Ticket(seatNo=830548221, startStation=shanghai, destStation=nanjing), Ticket(seatNo=1655441840, startStation=shanghai, destStation=nanjing), Ticket(seatNo=678340688, startStation=shanghai, destStation=nanjing), Ticket(seatNo=1682320147, startStation=shanghai, destStation=nanjing), Ticket(seatNo=1195341149, startStation=shanghai, destStation=nanjing), Ticket(seatNo=973914808, startStation=shanghai, destStation=nanjing), Ticket(seatNo=1217764195, startStation=shanghai, destStation=nanjing), Ticket(seatNo=837692558, startStation=shanghai, destStation=nanjing), Ticket(seatNo=1203709814, startStation=shanghai, destStation=nanjing), Ticket(seatNo=984361044, startStation=shanghai, destStation=nanjing), Ticket(seatNo=675974723, startStation=shanghai, destStation=nanjing), Ticket(seatNo=1490992938, startStation=shanghai, destStation=nanjing), Ticket(seatNo=1201160931, startStation=shanghai, destStation=nanjing), Ticket(seatNo=1435884154, startStation=shanghai, destStation=nanjing), Ticket(seatNo=1297551695, startStation=shanghai, destStation=nanjing), Ticket(seatNo=1664074534, startStation=shanghai, destStation=nanjing), Ticket(seatNo=1921728155, startStation=shanghai, destStation=nanjing), Ticket(seatNo=1137714160, startStation=shanghai, destStation=nanjing), Ticket(seatNo=1988971469, startStation=shanghai, destStation=nanjing), Ticket(seatNo=1018160513, startStation=shanghai, destStation=nanjing), Ticket(seatNo=1550917166, startStation=shanghai, destStation=nanjing), Ticket(seatNo=1894695695, startStation=shanghai, destStation=nanjing), Ticket(seatNo=784843623, startStation=shanghai, destStation=nanjing), Ticket(seatNo=1932732784, startStation=shanghai, destStation=nanjing), Ticket(seatNo=1565956437, startStation=shanghai, destStation=nanjing), Ticket(seatNo=249855326, startStation=shanghai, destStation=nanjing), Ticket(seatNo=77833908, startStation=shanghai, destStation=nanjing), Ticket(seatNo=64395763, startStation=shanghai, destStation=nanjing), Ticket(seatNo=781572303, startStation=shanghai, destStation=nanjing), Ticket(seatNo=1060217224, startStation=shanghai, destStation=nanjing), Ticket(seatNo=210817532, startStation=shanghai, destStation=nanjing), Ticket(seatNo=1587135411, startStation=shanghai, destStation=nanjing), Ticket(seatNo=862437816, startStation=shanghai, destStation=nanjing), Ticket(seatNo=348991760, startStation=shanghai, destStation=nanjing), Ticket(seatNo=1479280287, startStation=shanghai, destStation=nanjing), Ticket(seatNo=349038530, startStation=shanghai, destStation=nanjing), Ticket(seatNo=90480773, startStation=shanghai, destStation=nanjing), Ticket(seatNo=1465059263, startStation=shanghai, destStation=nanjing), Ticket(seatNo=1498460243, startStation=shanghai, destStation=nanjing), Ticket(seatNo=671507041, startStation=shanghai, destStation=nanjing), Ticket(seatNo=965174800, startStation=shanghai, destStation=nanjing), Ticket(seatNo=1841324996, startStation=shanghai, destStation=nanjing), Ticket(seatNo=1248601454, startStation=shanghai, destStation=nanjing), Ticket(seatNo=1901083814, startStation=shanghai, destStation=nanjing), Ticket(seatNo=2077341681, startStation=shanghai, destStation=nanjing), Ticket(seatNo=1207577891, startStation=shanghai, destStation=nanjing), Ticket(seatNo=1454446323, startStation=shanghai, destStation=nanjing), Ticket(seatNo=234766556, startStation=shanghai, destStation=nanjing), Ticket(seatNo=1726109987, startStation=shanghai, destStation=nanjing), Ticket(seatNo=317002893, startStation=shanghai, destStation=nanjing), Ticket(seatNo=1499460332, startStation=shanghai, destStation=nanjing), Ticket(seatNo=267587626, startStation=shanghai, destStation=nanjing), Ticket(seatNo=747527520, startStation=shanghai, destStation=nanjing), Ticket(seatNo=207584255, startStation=shanghai, destStation=nanjing), Ticket(seatNo=636497848, startStation=shanghai, destStation=nanjing), Ticket(seatNo=134621623, startStation=shanghai, destStation=nanjing), Ticket(seatNo=1143973252, startStation=shanghai, destStation=nanjing), Ticket(seatNo=1285506393, startStation=shanghai, destStation=nanjing), Ticket(seatNo=1318597280, startStation=shanghai, destStation=nanjing), Ticket(seatNo=2109276771, startStation=shanghai, destStation=nanjing), Ticket(seatNo=746347294, startStation=shanghai, destStation=nanjing), Ticket(seatNo=1636266694, startStation=shanghai, destStation=nanjing), Ticket(seatNo=538009141, startStation=shanghai, destStation=nanjing), Ticket(seatNo=1944586976, startStation=shanghai, destStation=nanjing), Ticket(seatNo=1320680614, startStation=shanghai, destStation=nanjing), Ticket(seatNo=142490066, startStation=shanghai, destStation=nanjing), Ticket(seatNo=252466715, startStation=shanghai, destStation=nanjing), Ticket(seatNo=1806446874, startStation=shanghai, destStation=nanjing), Ticket(seatNo=1743761737, startStation=shanghai, destStation=nanjing), Ticket(seatNo=610439616, startStation=shanghai, destStation=nanjing), Ticket(seatNo=76166607, startStation=shanghai, destStation=nanjing), Ticket(seatNo=1265135696, startStation=shanghai, destStation=nanjing), Ticket(seatNo=1177274309, startStation=shanghai, destStation=nanjing), Ticket(seatNo=746628462, startStation=shanghai, destStation=nanjing), Ticket(seatNo=573722729, startStation=shanghai, destStation=nanjing), Ticket(seatNo=940056408, startStation=shanghai, destStation=nanjing), Ticket(seatNo=202317050, startStation=shanghai, destStation=nanjing), Ticket(seatNo=221602851, startStation=shanghai, destStation=nanjing), Ticket(seatNo=1431476535, startStation=shanghai, destStation=nanjing), Ticket(seatNo=606888208, startStation=shanghai, destStation=nanjing), Ticket(seatNo=813377677, startStation=shanghai, destStation=nanjing), Ticket(seatNo=1592122745, startStation=shanghai, destStation=nanjing), Ticket(seatNo=2128153780, startStation=shanghai, destStation=nanjing), Ticket(seatNo=568784077, startStation=shanghai, destStation=nanjing), Ticket(seatNo=990332202, startStation=shanghai, destStation=nanjing), Ticket(seatNo=1969469614, startStation=shanghai, destStation=nanjing), Ticket(seatNo=1456285444, startStation=shanghai, destStation=nanjing), Ticket(seatNo=1785859166, startStation=shanghai, destStation=nanjing)]}),[vary:\""Origin,Access-Control-Request-Method,Access-Control-Request-Headers\"", x-content-type-options:\""nosniff\"", x-xss-protection:\""1; mode=block\"", cache-control:\""no-cache, no-store, max-age=0, must-revalidate\"", pragma:\""no-cache\"", expires:\""0\"", x-frame-options:\""DENY\"", content-type:\""application/json\"", date:\""Sun, 29 Jan 2023 09:22:11 GMT\"", x-envoy-upstream-service-time:\""7\"", server:\""envoy\"", transfer-encoding:\""chunked\""]\u003e]\n"",""stream"":""stdout"",""time"":""2025-06-06T09:22:12.25436835Z""}"
2025-06-06T09:22:12.214239645Z,1674984132214239645,33.33.33.82,ts-seat-service-5c95b49cff-tdsdz,server,3001be7d4dd710e91cf22b2c3cd52097,488dd4cf5d5f816b,"{""log"":""17:22:12.213 INFO  s.s.SeatServiceImpl#154 TraceID: 3001be7d4dd710e91cf22b2c3cd52097 SpanID: 488dd4cf5d5f816b [getLeftTicketOfInterval][TrainNumber start with other capital][trainNumber:Z1234]\n"",""stream"":""stdout"",""time"":""2025-06-06T09:22:12.214239645Z""}"
2025-06-06T09:22:12.213927108Z,1674984132213927108,33.33.33.82,ts-seat-service-5c95b49cff-tdsdz,server,3001be7d4dd710e91cf22b2c3cd52097,488dd4cf5d5f816b,"{""log"":""17:22:12.213 INFO  s.s.SeatServiceImpl#137 TraceID: 3001be7d4dd710e91cf22b2c3cd52097 SpanID: 488dd4cf5d5f816b [getLeftTicketOfInterval][Seat request][request:Seat(travelDate=2023-01-29, trainNumber=Z1234, startStation=shanghai, destStation=nanjing, seatType=2, totalNum=2147483647, stations=[shanghai, nanjing, shijiazhuang, taiyuan])]\n"",""stream"":""stdout"",""time"":""2025-06-06T09:22:12.213927108Z""}"
2025-06-06T09:22:12.213455079Z,1674984132213455079,33.33.33.82,ts-seat-service-5c95b49cff-tdsdz,server,3001be7d4dd710e91cf22b2c3cd52097,488dd4cf5d5f816b,"{""log"":""17:22:12.212 INFO  s.c.SeatController#57 TraceID: 3001be7d4dd710e91cf22b2c3cd52097 SpanID: 488dd4cf5d5f816b [getLeftTicketOfInterval][Get left ticket of interval][TravelDate: 2023-01-29,TrainNumber: Z1234,SeatType: 2]\n"",""stream"":""stdout"",""time"":""2025-06-06T09:22:12.213455079Z""}"
2025-06-06T09:22:12.189100636Z,1674984132189100636,33.33.33.80,ts-route-service-b6c59fb57-zv8dt,server,3001be7d4dd710e91cf22b2c3cd52097,39b0bfeb06437313,"{""log"":""17:22:12.187 INFO  r.c.RouteController#47 TraceID: 3001be7d4dd710e91cf22b2c3cd52097 SpanID: 39b0bfeb06437313 [getRouteById][Query route by id][RouteId: 0b23bd3e-876a-4af3-b920-c50a90c90b04]\n"",""stream"":""stdout"",""time"":""2025-06-06T09:22:12.189100636Z""}"
2025-06-06T09:22:12.203818599Z,1674984132203818599,33.33.33.79,ts-price-service-76846864d9-g465z,server,3001be7d4dd710e91cf22b2c3cd52097,cc2a1e17e3c620b2,"{""log"":""17:22:12.203 INFO  p.s.PriceServiceImpl#71 TraceID: 3001be7d4dd710e91cf22b2c3cd52097 SpanID: cc2a1e17e3c620b2 [findByRouteIdAndTrainType][Route: 0b23bd3e-876a-4af3-b920-c50a90c90b04 , Train Type: ZhiDa]\n"",""stream"":""stdout"",""time"":""2025-06-06T09:22:12.203818599Z""}"
2025-06-06T09:22:12.20342023Z,1674984132203420230,33.33.33.79,ts-price-service-76846864d9-g465z,server,3001be7d4dd710e91cf22b2c3cd52097,cc2a1e17e3c620b2,"{""log"":""17:22:12.202 INFO  p.c.PriceController#39 TraceID: 3001be7d4dd710e91cf22b2c3cd52097 SpanID: cc2a1e17e3c620b2 [findByRouteIdAndTrainType][Query price][RouteId: 0b23bd3e-876a-4af3-b920-c50a90c90b04, TrainType: ZhiDa]\n"",""stream"":""stdout"",""time"":""2025-06-06T09:22:12.20342023Z""}"
2025-06-06T09:22:12.291630865Z,1674984132291630865,33.33.33.116,ts-preserve-other-service-66646bdb5b-fw7x9,server,3001be7d4dd710e91cf22b2c3cd52097,c44f826aef3c11cf,"{""log"":""17:22:12.291 ERROR o.a.c.c.C.[.[.[.[dispatcherServlet]#175 TraceID: 3001be7d4dd710e91cf22b2c3cd52097 SpanID: c44f826aef3c11cf Servlet.service() for servlet [dispatcherServlet] in context with path [] threw exception [Request processing failed; nested exception is java.lang.IllegalStateException: No instances available for ts-basic-service] with root cause\n"",""stream"":""stdout"",""time"":""2025-06-06T09:22:12.291630865Z""}"
2025-06-06T09:22:12.287623982Z,1674984132287623982,33.33.33.116,ts-preserve-other-service-66646bdb5b-fw7x9,server,3001be7d4dd710e91cf22b2c3cd52097,0c41d303869b33ce,"{""log"":""17:22:12.287 INFO  p.s.PreserveOtherServiceImpl#101 TraceID: 3001be7d4dd710e91cf22b2c3cd52097 SpanID: 0c41d303869b33ce [preserve][Step 3][Check tickets num][Tickets Enough]\n"",""stream"":""stdout"",""time"":""2025-06-06T09:22:12.287623982Z""}"
2025-06-06T09:22:12.157222345Z,1674984132157222345,33.33.33.116,ts-preserve-other-service-66646bdb5b-fw7x9,server,3001be7d4dd710e91cf22b2c3cd52097,0c41d303869b33ce,"{""log"":""17:22:12.157 INFO  p.s.PreserveOtherServiceImpl#363 TraceID: 3001be7d4dd710e91cf22b2c3cd52097 SpanID: 0c41d303869b33ce [getTripAllDetailInformation][Preserve Other Service][Get Trip All Detail Information]\n"",""stream"":""stdout"",""time"":""2025-06-06T09:22:12.157222345Z""}"
2025-06-06T09:22:12.157100018Z,1674984132157100018,33.33.33.116,ts-preserve-other-service-66646bdb5b-fw7x9,server,3001be7d4dd710e91cf22b2c3cd52097,0c41d303869b33ce,"{""log"":""17:22:12.156 INFO  p.s.PreserveOtherServiceImpl#78 TraceID: 3001be7d4dd710e91cf22b2c3cd52097 SpanID: 0c41d303869b33ce [preserve][Step 3][Check tickets num][TripId: Z1234]\n"",""stream"":""stdout"",""time"":""2025-06-06T09:22:12.157100018Z""}"
2025-06-06T09:22:12.156976703Z,1674984132156976703,33.33.33.116,ts-preserve-other-service-66646bdb5b-fw7x9,server,3001be7d4dd710e91cf22b2c3cd52097,0c41d303869b33ce,"{""log"":""17:22:12.156 INFO  p.s.PreserveOtherServiceImpl#68 TraceID: 3001be7d4dd710e91cf22b2c3cd52097 SpanID: 0c41d303869b33ce [preserve][Step 2][Find contacts Complete][ContactsId: 415d1665-fbb2-4ec9-83f5-5ebe51dc1825]\n"",""stream"":""stdout"",""time"":""2025-06-06T09:22:12.156976703Z""}"
2025-06-06T09:22:12.135919776Z,1674984132135919776,33.33.33.116,ts-preserve-other-service-66646bdb5b-fw7x9,server,3001be7d4dd710e91cf22b2c3cd52097,0c41d303869b33ce,"{""log"":""17:22:12.135 INFO  p.s.PreserveOtherServiceImpl#378 TraceID: 3001be7d4dd710e91cf22b2c3cd52097 SpanID: 0c41d303869b33ce [getContactsById][Preserve Other Service][Get Contacts By Id is]\n"",""stream"":""stdout"",""time"":""2025-06-06T09:22:12.135919776Z""}"
2025-06-06T09:22:12.135768019Z,1674984132135768019,33.33.33.116,ts-preserve-other-service-66646bdb5b-fw7x9,server,3001be7d4dd710e91cf22b2c3cd52097,0c41d303869b33ce,"{""log"":""17:22:12.135 INFO  p.s.PreserveOtherServiceImpl#58 TraceID: 3001be7d4dd710e91cf22b2c3cd52097 SpanID: 0c41d303869b33ce [preserve][Step 1][Check Security Complete][AccountId: 4d2a46c7-71cb-4cf1-b5bb-b68406d9da6f]\n"",""stream"":""stdout"",""time"":""2025-06-06T09:22:12.135768019Z""}"
2025-06-06T09:22:12.096118255Z,1674984132096118255,33.33.33.116,ts-preserve-other-service-66646bdb5b-fw7x9,server,3001be7d4dd710e91cf22b2c3cd52097,0c41d303869b33ce,"{""log"":""17:22:12.095 INFO  p.s.PreserveOtherServiceImpl#348 TraceID: 3001be7d4dd710e91cf22b2c3cd52097 SpanID: 0c41d303869b33ce [checkSecurity][Preserve Other Service][Check Account Security]\n"",""stream"":""stdout"",""time"":""2025-06-06T09:22:12.096118255Z""}"
2025-06-06T09:22:12.096003552Z,1674984132096003552,33.33.33.116,ts-preserve-other-service-66646bdb5b-fw7x9,server,3001be7d4dd710e91cf22b2c3cd52097,0c41d303869b33ce,"{""log"":""17:22:12.095 INFO  p.s.PreserveOtherServiceImpl#48 TraceID: 3001be7d4dd710e91cf22b2c3cd52097 SpanID: 0c41d303869b33ce [preserve][Verify Login] Success\n"",""stream"":""stdout"",""time"":""2025-06-06T09:22:12.096003552Z""}"
2025-06-06T09:22:12.095862227Z,1674984132095862227,33.33.33.116,ts-preserve-other-service-66646bdb5b-fw7x9,server,3001be7d4dd710e91cf22b2c3cd52097,0c41d303869b33ce,"{""log"":""17:22:12.095 INFO  p.c.PreserveOtherController#35 TraceID: 3001be7d4dd710e91cf22b2c3cd52097 SpanID: 0c41d303869b33ce [preserve][Preserve Account order][from shanghai to nanjing at 2023-01-29]\n"",""stream"":""stdout"",""time"":""2025-06-06T09:22:12.095862227Z""}"
2025-06-06T09:22:12.106327907Z,1674984132106327907,33.33.33.76,ts-order-service-5b67c48447-mv5hb,server,3001be7d4dd710e91cf22b2c3cd52097,ec5eae3045459831,"{""log"":""17:22:12.106 INFO  o.c.OrderController#118 TraceID: 3001be7d4dd710e91cf22b2c3cd52097 SpanID: ec5eae3045459831 [checkSecurityAboutOrder][Security Info Get][AccountId:4d2a46c7-71cb-4cf1-b5bb-b68406d9da6f]\n"",""stream"":""stdout"",""time"":""2025-06-06T09:22:12.106327907Z""}"
2025-06-06T09:22:12.273565277Z,1674984132273565277,33.33.33.155,ts-order-other-service-6cdbf9b4cc-h7mqk,server,3001be7d4dd710e91cf22b2c3cd52097,38023992bb0af58c,"{""log"":""17:22:12.273 INFO  o.s.OrderOtherServiceImpl#67 TraceID: 3001be7d4dd710e91cf22b2c3cd52097 SpanID: 38023992bb0af58c [getSoldTickets][Left ticket info][info is: LeftTicketInfo{soldTickets=[Ticket(seatNo=388817927, startStation=shanghai, destStation=nanjing), Ticket(seatNo=512319188, startStation=shanghai, destStation=nanjing), Ticket(seatNo=650950163, startStation=shanghai, destStation=nanjing), Ticket(seatNo=681456978, startStation=shanghai, destStation=nanjing), Ticket(seatNo=1278422345, startStation=shanghai, destStation=nanjing), Ticket(seatNo=113640569, startStation=shanghai, destStation=nanjing), Ticket(seatNo=1706091788, startStation=shanghai, destStation=nanjing), Ticket(seatNo=719931591, startStation=shanghai, destStation=nanjing), Ticket(seatNo=324348558, startStation=shanghai, destStation=nanjing), Ticket(seatNo=437134557, startStation=shanghai, destStation=nanjing), Ticket(seatNo=1180305654, startStation=shanghai, destStation=nanjing), Ticket(seatNo=218664224, startStation=shanghai, destStation=nanjing), Ticket(seatNo=1531256885, startStation=shanghai, destStation=nanjing), Ticket(seatNo=282865016, startStation=shanghai, destStation=nanjing), Ticket(seatNo=290573193, startStation=shanghai, destStation=nanjing), Ticket(seatNo=2091646075, startStation=shanghai, destStation=nanjing), Ticket(seatNo=1529246592, startStation=shanghai, destStation=nanjing), Ticket(seatNo=518358183, startStation=shanghai, destStation=nanjing), Ticket(seatNo=1578574107, startStation=shanghai, destStation=nanjing), Ticket(seatNo=864103707, startStation=shanghai, destStation=nanjing), Ticket(seatNo=1101722819, startStation=shanghai, destStation=nanjing), Ticket(seatNo=1110043211, startStation=shanghai, destStation=nanjing), Ticket(seatNo=2115304579, startStation=shanghai, destStation=nanjing), Ticket(seatNo=517895253, startStation=shanghai, destStation=nanjing), Ticket(seatNo=112374996, startStation=shanghai, destStation=nanjing), Ticket(seatNo=1222554072, startStation=shanghai, destStation=nanjing), Ticket(seatNo=1445221655, startStation=shanghai, destStation=nanjing), Ticket(seatNo=55335899, startStation=shanghai, destStation=nanjing), Ticket(seatNo=1402723531, startStation=shanghai, destStation=nanjing), Ticket(seatNo=520072209, startStation=shanghai, destStation=nanjing), Ticket(seatNo=1063924165, startStation=shanghai, destStation=nanjing), Ticket(seatNo=828062078, startStation=shanghai, destStation=nanjing), Ticket(seatNo=364950093, startStation=shanghai, destStation=nanjing), Ticket(seatNo=1605189805, startStation=shanghai, destStation=nanjing), Ticket(seatNo=182083286, startStation=shanghai, destStation=nanjing), Ticket(seatNo=1956808479, startStation=shanghai, destStation=nanjing), Ticket(seatNo=1479771875, startStation=shanghai, destStation=nanjing), Ticket(seatNo=1340473816, startStation=shanghai, destStation=nanjing), Ticket(seatNo=2058528320, startStation=shanghai, destStation=nanjing), Ticket(seatNo=1862239339, startStation=shanghai, destStation=nanjing), Ticket(seatNo=756196424, startStation=shanghai, destStation=nanjing), Ticket(seatNo=1554210637, startStation=shanghai, destStation=nanjing), Ticket(seatNo=2131607583, startStation=shanghai, destStation=nanjing), Ticket(seatNo=1114945650, startStation=shanghai, destStation=nanjing), Ticket(seatNo=978840618, startStation=shanghai, destStation=nanjing), Ticket(seatNo=1696192204, startStation=shanghai, destStation=nanjing), Ticket(seatNo=159217444, startStation=shanghai, destStation=nanjing), Ticket(seatNo=1472397446, startStation=shanghai, destStation=nanjing), Ticket(seatNo=863762562, startStation=shanghai, destStation=nanjing), Ticket(seatNo=762240728, startStation=shanghai, destStation=nanjing), Ticket(seatNo=733090960, startStation=shanghai, destStation=nanjing), Ticket(seatNo=1385200790, startStation=shanghai, destStation=nanjing), Ticket(seatNo=1483334408, startStation=shanghai, destStation=nanjing), Ticket(seatNo=1230952670, startStation=shanghai, destStation=nanjing), Ticket(seatNo=1760486203, startStation=shanghai, destStation=nanjing), Ticket(seatNo=1631472666, startStation=shanghai, destStation=nanjing), Ticket(seatNo=882144838, startStation=shanghai, destStation=nanjing), Ticket(seatNo=210246843, startStation=shanghai, destStation=nanjing), Ticket(seatNo=427259238, startStation=shanghai, destStation=nanjing), Ticket(seatNo=1232572404, startStation=shanghai, destStation=nanjing), Ticket(seatNo=1304478712, startStation=shanghai, destStation=nanjing), Ticket(seatNo=2016232602, startStation=shanghai, destStation=nanjing), Ticket(seatNo=76670888, startStation=shanghai, destStation=nanjing), Ticket(seatNo=1754550335, startStation=shanghai, destStation=nanjing), Ticket(seatNo=1491838595, startStation=shanghai, destStation=nanjing), Ticket(seatNo=1330605393, startStation=shanghai, destStation=nanjing), Ticket(seatNo=226825480, startStation=shanghai, destStation=nanjing), Ticket(seatNo=1787175945, startStation=shanghai, destStation=nanjing), Ticket(seatNo=590443336, startStation=shanghai, destStation=nanjing), Ticket(seatNo=427944411, startStation=shanghai, destStation=nanjing), Ticket(seatNo=1638437656, startStation=shanghai, destStation=nanjing), Ticket(seatNo=1361381257, startStation=shanghai, destStation=nanjing), Ticket(seatNo=1482512162, startStation=shanghai, destStation=nanjing), Ticket(seatNo=400526011, startStation=shanghai, destStation=nanjing), Ticket(seatNo=1749342441, startStation=shanghai, destStation=nanjing), Ticket(seatNo=2117918027, startStation=shanghai, destStation=nanjing), Ticket(seatNo=654927142, startStation=shanghai, destStation=nanjing), Ticket(seatNo=1977897455, startStation=shanghai, destStation=nanjing), Ticket(seatNo=641977830, startStation=shanghai, destStation=nanjing), Ticket(seatNo=1021188806, startStation=shanghai, destStation=nanjing), Ticket(seatNo=1445935016, startStation=shanghai, destStation=nanjing), Ticket(seatNo=830548221, startStation=shanghai, destStation=nanjing), Ticket(seatNo=1655441840, startStation=shanghai, destStation=nanjing), Ticket(seatNo=678340688, startStation=shanghai, destStation=nanjing), Ticket(seatNo=1682320147, startStation=shanghai, destStation=nanjing), Ticket(seatNo=1195341149, startStation=shanghai, destStation=nanjing), Ticket(seatNo=973914808, startStation=shanghai, destStation=nanjing), Ticket(seatNo=1217764195, startStation=shanghai, destStation=nanjing), Ticket(seatNo=837692558, startStation=shanghai, destStation=nanjing), Ticket(seatNo=1203709814, startStation=shanghai, destStation=nanjing), Ticket(seatNo=984361044, startStation=shanghai, destStation=nanjing), Ticket(seatNo=675974723, startStation=shanghai, destStation=nanjing), Ticket(seatNo=1490992938, startStation=shanghai, destStation=nanjing), Ticket(seatNo=1201160931, startStation=shanghai, destStation=nanjing), Ticket(seatNo=1435884154, startStation=shanghai, destStation=nanjing), Ticket(seatNo=1297551695, startStation=shanghai, destStation=nanjing), Ticket(seatNo=1664074534, startStation=shanghai, destStation=nanjing), Ticket(seatNo=1921728155, startStation=shanghai, destStation=nanjing), Ticket(seatNo=1137714160, startStation=shanghai, destStation=nanjing), Ticket(seatNo=1988971469, startStation=shanghai, destStation=nanjing), Ticket(seatNo=1018160513, startStation=shanghai, destStation=nanjing), Ticket(seatNo=1550917166, startStation=shanghai, destStation=nanjing), Ticket(seatNo=1894695695, startStation=shanghai, destStation=nanjing), Ticket(seatNo=784843623, startStation=shanghai, destStation=nanjing), Ticket(seatNo=1932732784, startStation=shanghai, destStation=nanjing), Ticket(seatNo=1565956437, startStation=shanghai, destStation=nanjing), Ticket(seatNo=249855326, startStation=shanghai, destStation=nanjing), Ticket(seatNo=77833908, startStation=shanghai, destStation=nanjing), Ticket(seatNo=64395763, startStation=shanghai, destStation=nanjing), Ticket(seatNo=781572303, startStation=shanghai, destStation=nanjing), Ticket(seatNo=1060217224, startStation=shanghai, destStation=nanjing), Ticket(seatNo=210817532, startStation=shanghai, destStation=nanjing), Ticket(seatNo=1587135411, startStation=shanghai, destStation=nanjing), Ticket(seatNo=862437816, startStation=shanghai, destStation=nanjing), Ticket(seatNo=348991760, startStation=shanghai, destStation=nanjing), Ticket(seatNo=1479280287, startStation=shanghai, destStation=nanjing), Ticket(seatNo=349038530, startStation=shanghai, destStation=nanjing), Ticket(seatNo=90480773, startStation=shanghai, destStation=nanjing), Ticket(seatNo=1465059263, startStation=shanghai, destStation=nanjing), Ticket(seatNo=1498460243, startStation=shanghai, destStation=nanjing), Ticket(seatNo=671507041, startStation=shanghai, destStation=nanjing), Ticket(seatNo=965174800, startStation=shanghai, destStation=nanjing), Ticket(seatNo=1841324996, startStation=shanghai, destStation=nanjing), Ticket(seatNo=1248601454, startStation=shanghai, destStation=nanjing), Ticket(seatNo=1901083814, startStation=shanghai, destStation=nanjing), Ticket(seatNo=2077341681, startStation=shanghai, destStation=nanjing), Ticket(seatNo=1207577891, startStation=shanghai, destStation=nanjing), Ticket(seatNo=1454446323, startStation=shanghai, destStation=nanjing), Ticket(seatNo=234766556, startStation=shanghai, destStation=nanjing), Ticket(seatNo=1726109987, startStation=shanghai, destStation=nanjing), Ticket(seatNo=317002893, startStation=shanghai, destStation=nanjing), Ticket(seatNo=1499460332, startStation=shanghai, destStation=nanjing), Ticket(seatNo=267587626, startStation=shanghai, destStation=nanjing), Ticket(seatNo=747527520, startStation=shanghai, destStation=nanjing), Ticket(seatNo=207584255, startStation=shanghai, destStation=nanjing), Ticket(seatNo=636497848, startStation=shanghai, destStation=nanjing), Ticket(seatNo=134621623, startStation=shanghai, destStation=nanjing), Ticket(seatNo=1143973252, startStation=shanghai, destStation=nanjing), Ticket(seatNo=1285506393, startStation=shanghai, destStation=nanjing), Ticket(seatNo=1318597280, startStation=shanghai, destStation=nanjing), Ticket(seatNo=2109276771, startStation=shanghai, destStation=nanjing), Ticket(seatNo=746347294, startStation=shanghai, destStation=nanjing), Ticket(seatNo=1636266694, startStation=shanghai, destStation=nanjing), Ticket(seatNo=538009141, startStation=shanghai, destStation=nanjing), Ticket(seatNo=1944586976, startStation=shanghai, destStation=nanjing), Ticket(seatNo=1320680614, startStation=shanghai, destStation=nanjing), Ticket(seatNo=142490066, startStation=shanghai, destStation=nanjing), Ticket(seatNo=252466715, startStation=shanghai, destStation=nanjing), Ticket(seatNo=1806446874, startStation=shanghai, destStation=nanjing), Ticket(seatNo=1743761737, startStation=shanghai, destStation=nanjing), Ticket(seatNo=610439616, startStation=shanghai, destStation=nanjing), Ticket(seatNo=76166607, startStation=shanghai, destStation=nanjing), Ticket(seatNo=1265135696, startStation=shanghai, destStation=nanjing), Ticket(seatNo=1177274309, startStation=shanghai, destStation=nanjing), Ticket(seatNo=746628462, startStation=shanghai, destStation=nanjing), Ticket(seatNo=573722729, startStation=shanghai, destStation=nanjing), Ticket(seatNo=940056408, startStation=shanghai, destStation=nanjing), Ticket(seatNo=202317050, startStation=shanghai, destStation=nanjing), Ticket(seatNo=221602851, startStation=shanghai, destStation=nanjing), Ticket(seatNo=1431476535, startStation=shanghai, destStation=nanjing), Ticket(seatNo=606888208, startStation=shanghai, destStation=nanjing), Ticket(seatNo=813377677, startStation=shanghai, destStation=nanjing), Ticket(seatNo=1592122745, startStation=shanghai, destStation=nanjing), Ticket(seatNo=2128153780, startStation=shanghai, destStation=nanjing), Ticket(seatNo=568784077, startStation=shanghai, destStation=nanjing), Ticket(seatNo=990332202, startStation=shanghai, destStation=nanjing), Ticket(seatNo=1969469614, startStation=shanghai, destStation=nanjing), Ticket(seatNo=1456285444, startStation=shanghai, destStation=nanjing), Ticket(seatNo=1785859166, startStation=shanghai, destStation=nanjing)]}]\n"",""stream"":""stdout"",""time"":""2025-06-06T09:22:12.273565277Z""}"
2025-06-06T09:22:12.269029225Z,1674984132269029225,33.33.33.155,ts-order-other-service-6cdbf9b4cc-h7mqk,server,3001be7d4dd710e91cf22b2c3cd52097,38023992bb0af58c,"{""log"":""17:22:12.268 INFO  o.c.OrderOtherController#42 TraceID: 3001be7d4dd710e91cf22b2c3cd52097 SpanID: 38023992bb0af58c [getSoldTickets][Get Sold Ticket][Travel Date: 2023-01-29]\n"",""stream"":""stdout"",""time"":""2025-06-06T09:22:12.269029225Z""}"
2025-06-06T09:22:12.222014243Z,1674984132222014243,33.33.33.155,ts-order-other-service-6cdbf9b4cc-h7mqk,server,3001be7d4dd710e91cf22b2c3cd52097,e844fbb06f14967b,"{""log"":""17:22:12.221 INFO  o.s.OrderOtherServiceImpl#67 TraceID: 3001be7d4dd710e91cf22b2c3cd52097 SpanID: e844fbb06f14967b [getSoldTickets][Left ticket info][info is: LeftTicketInfo{soldTickets=[Ticket(seatNo=388817927, startStation=shanghai, destStation=nanjing), Ticket(seatNo=512319188, startStation=shanghai, destStation=nanjing), Ticket(seatNo=650950163, startStation=shanghai, destStation=nanjing), Ticket(seatNo=681456978, startStation=shanghai, destStation=nanjing), Ticket(seatNo=1278422345, startStation=shanghai, destStation=nanjing), Ticket(seatNo=113640569, startStation=shanghai, destStation=nanjing), Ticket(seatNo=1706091788, startStation=shanghai, destStation=nanjing), Ticket(seatNo=719931591, startStation=shanghai, destStation=nanjing), Ticket(seatNo=324348558, startStation=shanghai, destStation=nanjing), Ticket(seatNo=437134557, startStation=shanghai, destStation=nanjing), Ticket(seatNo=1180305654, startStation=shanghai, destStation=nanjing), Ticket(seatNo=218664224, startStation=shanghai, destStation=nanjing), Ticket(seatNo=1531256885, startStation=shanghai, destStation=nanjing), Ticket(seatNo=282865016, startStation=shanghai, destStation=nanjing), Ticket(seatNo=290573193, startStation=shanghai, destStation=nanjing), Ticket(seatNo=2091646075, startStation=shanghai, destStation=nanjing), Ticket(seatNo=1529246592, startStation=shanghai, destStation=nanjing), Ticket(seatNo=518358183, startStation=shanghai, destStation=nanjing), Ticket(seatNo=1578574107, startStation=shanghai, destStation=nanjing), Ticket(seatNo=864103707, startStation=shanghai, destStation=nanjing), Ticket(seatNo=1101722819, startStation=shanghai, destStation=nanjing), Ticket(seatNo=1110043211, startStation=shanghai, destStation=nanjing), Ticket(seatNo=2115304579, startStation=shanghai, destStation=nanjing), Ticket(seatNo=517895253, startStation=shanghai, destStation=nanjing), Ticket(seatNo=112374996, startStation=shanghai, destStation=nanjing), Ticket(seatNo=1222554072, startStation=shanghai, destStation=nanjing), Ticket(seatNo=1445221655, startStation=shanghai, destStation=nanjing), Ticket(seatNo=55335899, startStation=shanghai, destStation=nanjing), Ticket(seatNo=1402723531, startStation=shanghai, destStation=nanjing), Ticket(seatNo=520072209, startStation=shanghai, destStation=nanjing), Ticket(seatNo=1063924165, startStation=shanghai, destStation=nanjing), Ticket(seatNo=828062078, startStation=shanghai, destStation=nanjing), Ticket(seatNo=364950093, startStation=shanghai, destStation=nanjing), Ticket(seatNo=1605189805, startStation=shanghai, destStation=nanjing), Ticket(seatNo=182083286, startStation=shanghai, destStation=nanjing), Ticket(seatNo=1956808479, startStation=shanghai, destStation=nanjing), Ticket(seatNo=1479771875, startStation=shanghai, destStation=nanjing), Ticket(seatNo=1340473816, startStation=shanghai, destStation=nanjing), Ticket(seatNo=2058528320, startStation=shanghai, destStation=nanjing), Ticket(seatNo=1862239339, startStation=shanghai, destStation=nanjing), Ticket(seatNo=756196424, startStation=shanghai, destStation=nanjing), Ticket(seatNo=1554210637, startStation=shanghai, destStation=nanjing), Ticket(seatNo=2131607583, startStation=shanghai, destStation=nanjing), Ticket(seatNo=1114945650, startStation=shanghai, destStation=nanjing), Ticket(seatNo=978840618, startStation=shanghai, destStation=nanjing), Ticket(seatNo=1696192204, startStation=shanghai, destStation=nanjing), Ticket(seatNo=159217444, startStation=shanghai, destStation=nanjing), Ticket(seatNo=1472397446, startStation=shanghai, destStation=nanjing), Ticket(seatNo=863762562, startStation=shanghai, destStation=nanjing), Ticket(seatNo=762240728, startStation=shanghai, destStation=nanjing), Ticket(seatNo=733090960, startStation=shanghai, destStation=nanjing), Ticket(seatNo=1385200790, startStation=shanghai, destStation=nanjing), Ticket(seatNo=1483334408, startStation=shanghai, destStation=nanjing), Ticket(seatNo=1230952670, startStation=shanghai, destStation=nanjing), Ticket(seatNo=1760486203, startStation=shanghai, destStation=nanjing), Ticket(seatNo=1631472666, startStation=shanghai, destStation=nanjing), Ticket(seatNo=882144838, startStation=shanghai, destStation=nanjing), Ticket(seatNo=210246843, startStation=shanghai, destStation=nanjing), Ticket(seatNo=427259238, startStation=shanghai, destStation=nanjing), Ticket(seatNo=1232572404, startStation=shanghai, destStation=nanjing), Ticket(seatNo=1304478712, startStation=shanghai, destStation=nanjing), Ticket(seatNo=2016232602, startStation=shanghai, destStation=nanjing), Ticket(seatNo=76670888, startStation=shanghai, destStation=nanjing), Ticket(seatNo=1754550335, startStation=shanghai, destStation=nanjing), Ticket(seatNo=1491838595, startStation=shanghai, destStation=nanjing), Ticket(seatNo=1330605393, startStation=shanghai, destStation=nanjing), Ticket(seatNo=226825480, startStation=shanghai, destStation=nanjing), Ticket(seatNo=1787175945, startStation=shanghai, destStation=nanjing), Ticket(seatNo=590443336, startStation=shanghai, destStation=nanjing), Ticket(seatNo=427944411, startStation=shanghai, destStation=nanjing), Ticket(seatNo=1638437656, startStation=shanghai, destStation=nanjing), Ticket(seatNo=1361381257, startStation=shanghai, destStation=nanjing), Ticket(seatNo=1482512162, startStation=shanghai, destStation=nanjing), Ticket(seatNo=400526011, startStation=shanghai, destStation=nanjing), Ticket(seatNo=1749342441, startStation=shanghai, destStation=nanjing), Ticket(seatNo=2117918027, startStation=shanghai, destStation=nanjing), Ticket(seatNo=654927142, startStation=shanghai, destStation=nanjing), Ticket(seatNo=1977897455, startStation=shanghai, destStation=nanjing), Ticket(seatNo=641977830, startStation=shanghai, destStation=nanjing), Ticket(seatNo=1021188806, startStation=shanghai, destStation=nanjing), Ticket(seatNo=1445935016, startStation=shanghai, destStation=nanjing), Ticket(seatNo=830548221, startStation=shanghai, destStation=nanjing), Ticket(seatNo=1655441840, startStation=shanghai, destStation=nanjing), Ticket(seatNo=678340688, startStation=shanghai, destStation=nanjing), Ticket(seatNo=1682320147, startStation=shanghai, destStation=nanjing), Ticket(seatNo=1195341149, startStation=shanghai, destStation=nanjing), Ticket(seatNo=973914808, startStation=shanghai, destStation=nanjing), Ticket(seatNo=1217764195, startStation=shanghai, destStation=nanjing), Ticket(seatNo=837692558, startStation=shanghai, destStation=nanjing), Ticket(seatNo=1203709814, startStation=shanghai, destStation=nanjing), Ticket(seatNo=984361044, startStation=shanghai, destStation=nanjing), Ticket(seatNo=675974723, startStation=shanghai, destStation=nanjing), Ticket(seatNo=1490992938, startStation=shanghai, destStation=nanjing), Ticket(seatNo=1201160931, startStation=shanghai, destStation=nanjing), Ticket(seatNo=1435884154, startStation=shanghai, destStation=nanjing), Ticket(seatNo=1297551695, startStation=shanghai, destStation=nanjing), Ticket(seatNo=1664074534, startStation=shanghai, destStation=nanjing), Ticket(seatNo=1921728155, startStation=shanghai, destStation=nanjing), Ticket(seatNo=1137714160, startStation=shanghai, destStation=nanjing), Ticket(seatNo=1988971469, startStation=shanghai, destStation=nanjing), Ticket(seatNo=1018160513, startStation=shanghai, destStation=nanjing), Ticket(seatNo=1550917166, startStation=shanghai, destStation=nanjing), Ticket(seatNo=1894695695, startStation=shanghai, destStation=nanjing), Ticket(seatNo=784843623, startStation=shanghai, destStation=nanjing), Ticket(seatNo=1932732784, startStation=shanghai, destStation=nanjing), Ticket(seatNo=1565956437, startStation=shanghai, destStation=nanjing), Ticket(seatNo=249855326, startStation=shanghai, destStation=nanjing), Ticket(seatNo=77833908, startStation=shanghai, destStation=nanjing), Ticket(seatNo=64395763, startStation=shanghai, destStation=nanjing), Ticket(seatNo=781572303, startStation=shanghai, destStation=nanjing), Ticket(seatNo=1060217224, startStation=shanghai, destStation=nanjing), Ticket(seatNo=210817532, startStation=shanghai, destStation=nanjing), Ticket(seatNo=1587135411, startStation=shanghai, destStation=nanjing), Ticket(seatNo=862437816, startStation=shanghai, destStation=nanjing), Ticket(seatNo=348991760, startStation=shanghai, destStation=nanjing), Ticket(seatNo=1479280287, startStation=shanghai, destStation=nanjing), Ticket(seatNo=349038530, startStation=shanghai, destStation=nanjing), Ticket(seatNo=90480773, startStation=shanghai, destStation=nanjing), Ticket(seatNo=1465059263, startStation=shanghai, destStation=nanjing), Ticket(seatNo=1498460243, startStation=shanghai, destStation=nanjing), Ticket(seatNo=671507041, startStation=shanghai, destStation=nanjing), Ticket(seatNo=965174800, startStation=shanghai, destStation=nanjing), Ticket(seatNo=1841324996, startStation=shanghai, destStation=nanjing), Ticket(seatNo=1248601454, startStation=shanghai, destStation=nanjing), Ticket(seatNo=1901083814, startStation=shanghai, destStation=nanjing), Ticket(seatNo=2077341681, startStation=shanghai, destStation=nanjing), Ticket(seatNo=1207577891, startStation=shanghai, destStation=nanjing), Ticket(seatNo=1454446323, startStation=shanghai, destStation=nanjing), Ticket(seatNo=234766556, startStation=shanghai, destStation=nanjing), Ticket(seatNo=1726109987, startStation=shanghai, destStation=nanjing), Ticket(seatNo=317002893, startStation=shanghai, destStation=nanjing), Ticket(seatNo=1499460332, startStation=shanghai, destStation=nanjing), Ticket(seatNo=267587626, startStation=shanghai, destStation=nanjing), Ticket(seatNo=747527520, startStation=shanghai, destStation=nanjing), Ticket(seatNo=207584255, startStation=shanghai, destStation=nanjing), Ticket(seatNo=636497848, startStation=shanghai, destStation=nanjing), Ticket(seatNo=134621623, startStation=shanghai, destStation=nanjing), Ticket(seatNo=1143973252, startStation=shanghai, destStation=nanjing), Ticket(seatNo=1285506393, startStation=shanghai, destStation=nanjing), Ticket(seatNo=1318597280, startStation=shanghai, destStation=nanjing), Ticket(seatNo=2109276771, startStation=shanghai, destStation=nanjing), Ticket(seatNo=746347294, startStation=shanghai, destStation=nanjing), Ticket(seatNo=1636266694, startStation=shanghai, destStation=nanjing), Ticket(seatNo=538009141, startStation=shanghai, destStation=nanjing), Ticket(seatNo=1944586976, startStation=shanghai, destStation=nanjing), Ticket(seatNo=1320680614, startStation=shanghai, destStation=nanjing), Ticket(seatNo=142490066, startStation=shanghai, destStation=nanjing), Ticket(seatNo=252466715, startStation=shanghai, destStation=nanjing), Ticket(seatNo=1806446874, startStation=shanghai, destStation=nanjing), Ticket(seatNo=1743761737, startStation=shanghai, destStation=nanjing), Ticket(seatNo=610439616, startStation=shanghai, destStation=nanjing), Ticket(seatNo=76166607, startStation=shanghai, destStation=nanjing), Ticket(seatNo=1265135696, startStation=shanghai, destStation=nanjing), Ticket(seatNo=1177274309, startStation=shanghai, destStation=nanjing), Ticket(seatNo=746628462, startStation=shanghai, destStation=nanjing), Ticket(seatNo=573722729, startStation=shanghai, destStation=nanjing), Ticket(seatNo=940056408, startStation=shanghai, destStation=nanjing), Ticket(seatNo=202317050, startStation=shanghai, destStation=nanjing), Ticket(seatNo=221602851, startStation=shanghai, destStation=nanjing), Ticket(seatNo=1431476535, startStation=shanghai, destStation=nanjing), Ticket(seatNo=606888208, startStation=shanghai, destStation=nanjing), Ticket(seatNo=813377677, startStation=shanghai, destStation=nanjing), Ticket(seatNo=1592122745, startStation=shanghai, destStation=nanjing), Ticket(seatNo=2128153780, startStation=shanghai, destStation=nanjing), Ticket(seatNo=568784077, startStation=shanghai, destStation=nanjing), Ticket(seatNo=990332202, startStation=shanghai, destStation=nanjing), Ticket(seatNo=1969469614, startStation=shanghai, destStation=nanjing), Ticket(seatNo=1456285444, startStation=shanghai, destStation=nanjing), Ticket(seatNo=1785859166, startStation=shanghai, destStation=nanjing)]}]\n"",""stream"":""stdout"",""time"":""2025-06-06T09:22:12.222014243Z""}"
2025-06-06T09:22:12.21724031Z,1674984132217240310,33.33.33.155,ts-order-other-service-6cdbf9b4cc-h7mqk,server,3001be7d4dd710e91cf22b2c3cd52097,e844fbb06f14967b,"{""log"":""17:22:12.216 INFO  o.c.OrderOtherController#42 TraceID: 3001be7d4dd710e91cf22b2c3cd52097 SpanID: e844fbb06f14967b [getSoldTickets][Get Sold Ticket][Travel Date: 2023-01-29]\n"",""stream"":""stdout"",""time"":""2025-06-06T09:22:12.21724031Z""}"
2025-06-06T09:22:12.124528933Z,1674984132124528933,33.33.33.155,ts-order-other-service-6cdbf9b4cc-h7mqk,server,3001be7d4dd710e91cf22b2c3cd52097,17a50573feb738b8,"{""log"":""17:22:12.124 INFO  o.c.OrderOtherController#118 TraceID: 3001be7d4dd710e91cf22b2c3cd52097 SpanID: 17a50573feb738b8 [checkSecurityAboutOrder][Security Info Get][CheckDate:Sun Jan 29 17:22:12 CST 2023 , AccountId:4d2a46c7-71cb-4cf1-b5bb-b68406d9da6f]\n"",""stream"":""stdout"",""time"":""2025-06-06T09:22:12.124528933Z""}"
2025-06-06T09:22:12.154632621Z,1674984132154632621,33.33.33.79,ts-contacts-service-866bd68c97-xcqfx,server,3001be7d4dd710e91cf22b2c3cd52097,51b04180f2dfc502,"{""log"":""17:22:12.153 INFO  c.s.ContactsServiceImpl#34 TraceID: 3001be7d4dd710e91cf22b2c3cd52097 SpanID: 51b04180f2dfc502 [findContactsById][contactsRepository.findById][Find contacts]\n"",""stream"":""stdout"",""time"":""2025-06-06T09:22:12.154632621Z""}"
2025-06-06T09:22:12.143702857Z,1674984132143702857,33.33.33.79,ts-contacts-service-866bd68c97-xcqfx,server,3001be7d4dd710e91cf22b2c3cd52097,51b04180f2dfc502,"{""log"":""17:22:12.143 INFO  c.s.ContactsServiceImpl#31 TraceID: 3001be7d4dd710e91cf22b2c3cd52097 SpanID: 51b04180f2dfc502 FIND CONTACTS BY ID: 415d1665-fbb2-4ec9-83f5-5ebe51dc1825\n"",""stream"":""stdout"",""time"":""2025-06-06T09:22:12.143702857Z""}"
2025-06-06T09:22:12.143361048Z,1674984132143361048,33.33.33.79,ts-contacts-service-866bd68c97-xcqfx,server,3001be7d4dd710e91cf22b2c3cd52097,51b04180f2dfc502,"{""log"":""17:22:12.142 INFO  c.c.ContactsController#84 TraceID: 3001be7d4dd710e91cf22b2c3cd52097 SpanID: 51b04180f2dfc502 [ContactsService][VerifyLogin Success]\n"",""stream"":""stdout"",""time"":""2025-06-06T09:22:12.143361048Z""}"
2025-06-06T09:22:12.142909059Z,1674984132142909059,33.33.33.79,ts-contacts-service-866bd68c97-xcqfx,server,3001be7d4dd710e91cf22b2c3cd52097,51b04180f2dfc502,"{""log"":""17:22:12.142 INFO  c.c.ContactsController#83 TraceID: 3001be7d4dd710e91cf22b2c3cd52097 SpanID: 51b04180f2dfc502 [ContactsService][Contacts Id Print][id: 415d1665-fbb2-4ec9-83f5-5ebe51dc1825]\n"",""stream"":""stdout"",""time"":""2025-06-06T09:22:12.142909059Z""}"
2025-06-06T09:22:12.279875843Z,1674984132279875843,33.33.33.115,ts-config-service-5fcd447d84-wxwjd,server,3001be7d4dd710e91cf22b2c3cd52097,28631ac1a2a4b965,"{""log"":""17:22:12.279 INFO  c.s.ConfigServiceImpl#65 TraceID: 3001be7d4dd710e91cf22b2c3cd52097 SpanID: 28631ac1a2a4b965 [query][Query config success][config name: DirectTicketAllocationProportion]\n"",""stream"":""stdout"",""time"":""2025-06-06T09:22:12.279875843Z""}"
2025-06-06T09:22:12.279024252Z,1674984132279024252,33.33.33.115,ts-config-service-5fcd447d84-wxwjd,server,3001be7d4dd710e91cf22b2c3cd52097,28631ac1a2a4b965,"{""log"":""17:22:12.278 INFO  c.c.ConfigController#67 TraceID: 3001be7d4dd710e91cf22b2c3cd52097 SpanID: 28631ac1a2a4b965 [retrieve][Retrieve config][configName: DirectTicketAllocationProportion]\n"",""stream"":""stdout"",""time"":""2025-06-06T09:22:12.279024252Z""}"
2025-06-06T09:22:12.257764161Z,1674984132257764161,33.33.33.115,ts-config-service-5fcd447d84-wxwjd,server,3001be7d4dd710e91cf22b2c3cd52097,5d4973864e153eb8,"{""log"":""17:22:12.257 INFO  c.s.ConfigServiceImpl#65 TraceID: 3001be7d4dd710e91cf22b2c3cd52097 SpanID: 5d4973864e153eb8 [query][Query config success][config name: DirectTicketAllocationProportion]\n"",""stream"":""stdout"",""time"":""2025-06-06T09:22:12.257764161Z""}"
2025-06-06T09:22:12.256830171Z,1674984132256830171,33.33.33.115,ts-config-service-5fcd447d84-wxwjd,server,3001be7d4dd710e91cf22b2c3cd52097,5d4973864e153eb8,"{""log"":""17:22:12.256 INFO  c.c.ConfigController#67 TraceID: 3001be7d4dd710e91cf22b2c3cd52097 SpanID: 5d4973864e153eb8 [retrieve][Retrieve config][configName: DirectTicketAllocationProportion]\n"",""stream"":""stdout"",""time"":""2025-06-06T09:22:12.256830171Z""}"
2025-06-06T09:22:12.208168466Z,1674984132208168466,33.33.33.76,ts-basic-service-5dc8d4f9fd-46997,server,3001be7d4dd710e91cf22b2c3cd52097,e370dc8f4657f9f4,"{""log"":""17:22:12.207 INFO  f.m.s.BasicServiceImpl#119 TraceID: 3001be7d4dd710e91cf22b2c3cd52097 SpanID: e370dc8f4657f9f4 [queryForTravel][all done][result: TravelResult(status=true, percent=1.0, trainType=TrainType(id=e24bb484-516a-4aad-b37f-517e7139e913, name=ZhiDa, economyClass=2147483647, confortClass=2147483647, averageSpeed=120), route=Route(id=0b23bd3e-876a-4af3-b920-c50a90c90b04, stations=[shanghai, nanjing, shijiazhuang, taiyuan], distances=[0, 350, 1000, 1300], startStation=shanghai, endStation=taiyuan), prices={confortClass=350.0, economyClass=122.49999999999999})]\n"",""stream"":""stdout"",""time"":""2025-06-06T09:22:12.208168466Z""}"
2025-06-06T09:22:12.208029744Z,1674984132208029744,33.33.33.76,ts-basic-service-5dc8d4f9fd-46997,server,3001be7d4dd710e91cf22b2c3cd52097,e370dc8f4657f9f4,"{""log"":""17:22:12.207 INFO  f.m.s.BasicServiceImpl#100 TraceID: 3001be7d4dd710e91cf22b2c3cd52097 SpanID: e370dc8f4657f9f4 [queryForTravel][calculate price]\n"",""stream"":""stdout"",""time"":""2025-06-06T09:22:12.208029744Z""}"
2025-06-06T09:22:12.207778306Z,1674984132207778306,33.33.33.76,ts-basic-service-5dc8d4f9fd-46997,server,3001be7d4dd710e91cf22b2c3cd52097,e370dc8f4657f9f4,"{""log"":""17:22:12.207 INFO  f.m.s.BasicServiceImpl#454 TraceID: 3001be7d4dd710e91cf22b2c3cd52097 SpanID: e370dc8f4657f9f4 [queryPriceConfigByRouteIdAndTrainType][Response Resutl to String][result: Response(status=1, msg=Success, data={id=b90a6ad7-ffad-4624-9655-48e9e185fa6c, trainType=ZhiDa, routeId=0b23bd3e-876a-4af3-b920-c50a90c90b04, basicPriceRate=0.35, firstClassPriceRate=1.0})]\n"",""stream"":""stdout"",""time"":""2025-06-06T09:22:12.207778306Z""}"
2025-06-06T09:22:12.199612028Z,1674984132199612028,33.33.33.76,ts-basic-service-5dc8d4f9fd-46997,server,3001be7d4dd710e91cf22b2c3cd52097,e370dc8f4657f9f4,"{""log"":""17:22:12.199 INFO  f.m.s.BasicServiceImpl#444 TraceID: 3001be7d4dd710e91cf22b2c3cd52097 SpanID: e370dc8f4657f9f4 [queryPriceConfigByRouteIdAndTrainType][Query For Price Config][RouteId: 0b23bd3e-876a-4af3-b920-c50a90c90b04 ,TrainType: ZhiDa]\n"",""stream"":""stdout"",""time"":""2025-06-06T09:22:12.199612028Z""}"
2025-06-06T09:22:12.199502108Z,1674984132199502108,33.33.33.76,ts-basic-service-5dc8d4f9fd-46997,server,3001be7d4dd710e91cf22b2c3cd52097,e370dc8f4657f9f4,"{""log"":""17:22:12.199 INFO  f.m.s.BasicServiceImpl#90 TraceID: 3001be7d4dd710e91cf22b2c3cd52097 SpanID: e370dc8f4657f9f4 [queryForTravel][query stations and distances][stations: [shanghai, nanjing, shijiazhuang, taiyuan] distances: [0, 350, 1000, 1300]]\n"",""stream"":""stdout"",""time"":""2025-06-06T09:22:12.199502108Z""}"
2025-06-06T09:22:12.199354987Z,1674984132199354987,33.33.33.76,ts-basic-service-5dc8d4f9fd-46997,server,3001be7d4dd710e91cf22b2c3cd52097,e370dc8f4657f9f4,"{""log"":""17:22:12.199 INFO  f.m.s.BasicServiceImpl#89 TraceID: 3001be7d4dd710e91cf22b2c3cd52097 SpanID: e370dc8f4657f9f4 [queryForTravel][query start index and end index][indexStart: 0 indexEnd: 1]\n"",""stream"":""stdout"",""time"":""2025-06-06T09:22:12.199354987Z""}"
2025-06-06T09:22:12.198976433Z,1674984132198976433,33.33.33.76,ts-basic-service-5dc8d4f9fd-46997,server,3001be7d4dd710e91cf22b2c3cd52097,e370dc8f4657f9f4,"{""log"":""17:22:12.198 INFO  f.m.s.BasicServiceImpl#438 TraceID: 3001be7d4dd710e91cf22b2c3cd52097 SpanID: e370dc8f4657f9f4 [getRouteByRouteId][Get Route By Id][Success]\n"",""stream"":""stdout"",""time"":""2025-06-06T09:22:12.198976433Z""}"
2025-06-06T09:22:12.184051242Z,1674984132184051242,33.33.33.76,ts-basic-service-5dc8d4f9fd-46997,server,3001be7d4dd710e91cf22b2c3cd52097,e370dc8f4657f9f4,"{""log"":""17:22:12.183 INFO  f.m.s.BasicServiceImpl#425 TraceID: 3001be7d4dd710e91cf22b2c3cd52097 SpanID: e370dc8f4657f9f4 [getRouteByRouteId][Get Route By Id][Route ID: 0b23bd3e-876a-4af3-b920-c50a90c90b04]\n"",""stream"":""stdout"",""time"":""2025-06-06T09:22:12.184051242Z""}"
2025-06-06T09:22:12.175844451Z,1674984132175844451,33.33.33.76,ts-basic-service-5dc8d4f9fd-46997,server,3001be7d4dd710e91cf22b2c3cd52097,e370dc8f4657f9f4,"{""log"":""17:22:12.175 INFO  f.m.s.BasicServiceImpl#391 TraceID: 3001be7d4dd710e91cf22b2c3cd52097 SpanID: e370dc8f4657f9f4 [queryTrainTypeByName][Query Train Type][Train Type name: ZhiDa]\n"",""stream"":""stdout"",""time"":""2025-06-06T09:22:12.175844451Z""}"
2025-06-06T09:22:12.172312586Z,1674984132172312586,33.33.33.76,ts-basic-service-5dc8d4f9fd-46997,server,3001be7d4dd710e91cf22b2c3cd52097,e370dc8f4657f9f4,"{""log"":""17:22:12.172 INFO  f.m.s.BasicServiceImpl#360 TraceID: 3001be7d4dd710e91cf22b2c3cd52097 SpanID: e370dc8f4657f9f4 [checkStationExists][Check Station Exists][stationName: nanjing]\n"",""stream"":""stdout"",""time"":""2025-06-06T09:22:12.172312586Z""}"
2025-06-06T09:22:12.167763982Z,1674984132167763982,33.33.33.76,ts-basic-service-5dc8d4f9fd-46997,server,3001be7d4dd710e91cf22b2c3cd52097,e370dc8f4657f9f4,"{""log"":""17:22:12.167 INFO  f.m.s.BasicServiceImpl#360 TraceID: 3001be7d4dd710e91cf22b2c3cd52097 SpanID: e370dc8f4657f9f4 [checkStationExists][Check Station Exists][stationName: shanghai]\n"",""stream"":""stdout"",""time"":""2025-06-06T09:22:12.167763982Z""}"
2025-06-06T09:22:12.167674227Z,1674984132167674227,33.33.33.76,ts-basic-service-5dc8d4f9fd-46997,server,3001be7d4dd710e91cf22b2c3cd52097,e370dc8f4657f9f4,"{""log"":""17:22:12.167 INFO  f.m.c.BasicController#38 TraceID: 3001be7d4dd710e91cf22b2c3cd52097 SpanID: e370dc8f4657f9f4 [queryForTravel][Query for travel][Travel: Travel(trip=Trip(id=8a533bf9-bd12-4608-a8eb-606890982448, tripId=Z1234, trainTypeName=ZhiDa, routeId=0b23bd3e-876a-4af3-b920-c50a90c90b04, startStationName=shanghai, stationsName=nanjing, terminalStationName=beijing, startTime=2013-05-04 09:51:52, endTime=2013-05-04 15:51:52), startPlace=shanghai, endPlace=nanjing, departureTime=2023-01-29)]\n"",""stream"":""stdout"",""time"":""2025-06-06T09:22:12.167674227Z""}"
2025-06-06T09:22:27.792838937Z,1674984147792838937,33.33.33.76,ts-user-service-687d654649-lrcwv,server,9a0ea31a729c02d940e4625e5f9e84be,78d9eb3cc92235a7,"{""log"":""17:22:27.792 INFO  u.c.UserController#48 TraceID: 9a0ea31a729c02d940e4625e5f9e84be SpanID: 78d9eb3cc92235a7 [getUserByUserId][Get user by user id][UserId: 4d2a46c7-71cb-4cf1-b5bb-b68406d9da6f]\n"",""stream"":""stdout"",""time"":""2025-06-06T09:22:27.792838937Z""}"
2025-06-06T09:22:27.627199247Z,1674984147627199247,33.33.33.167,ts-travel2-service-5c66d57d58-6mp2b,server,9a0ea31a729c02d940e4625e5f9e84be,995cacc8a3c5cd69,"{""log"":""17:22:27.626 INFO  t.s.TravelServiceImpl#372 TraceID: 9a0ea31a729c02d940e4625e5f9e84be SpanID: 995cacc8a3c5cd69 [getTickets][Calculate distance][calculate time：175  time: Sat May 04 12:46:52 CST 2013]\n"",""stream"":""stdout"",""time"":""2025-06-06T09:22:27.627199247Z""}"
2025-06-06T09:22:27.627090287Z,1674984147627090287,33.33.33.167,ts-travel2-service-5c66d57d58-6mp2b,server,9a0ea31a729c02d940e4625e5f9e84be,995cacc8a3c5cd69,"{""log"":""17:22:27.626 INFO  t.s.TravelServiceImpl#366 TraceID: 9a0ea31a729c02d940e4625e5f9e84be SpanID: 995cacc8a3c5cd69 [getTickets][Calculate distance][calculate time：0  time: Sat May 04 09:51:52 CST 2013]\n"",""stream"":""stdout"",""time"":""2025-06-06T09:22:27.627090287Z""}"
2025-06-06T09:22:27.626874938Z,1674984147626874938,33.33.33.167,ts-travel2-service-5c66d57d58-6mp2b,server,9a0ea31a729c02d940e4625e5f9e84be,995cacc8a3c5cd69,"{""log"":""17:22:27.626 INFO  t.s.TravelServiceImpl#469 TraceID: 9a0ea31a729c02d940e4625e5f9e84be SpanID: 995cacc8a3c5cd69 [getRestTicketNumber][Get Rest tickets num][num is: Response(status=1, msg=Get Left Ticket of Internal Success, data=1073741653)]\n"",""stream"":""stdout"",""time"":""2025-06-06T09:22:27.626874938Z""}"
2025-06-06T09:22:27.564149314Z,1674984147564149314,33.33.33.167,ts-travel2-service-5c66d57d58-6mp2b,server,9a0ea31a729c02d940e4625e5f9e84be,995cacc8a3c5cd69,"{""log"":""17:22:27.563 INFO  t.s.TravelServiceImpl#459 TraceID: 9a0ea31a729c02d940e4625e5f9e84be SpanID: 995cacc8a3c5cd69 [getRestTicketNumber][Seat request][request: Seat(travelDate=2023-01-29, trainNumber=Z1234, startStation=shanghai, destStation=nanjing, seatType=3, totalNum=2147483647, stations=[shanghai, nanjing, shijiazhuang, taiyuan])]\n"",""stream"":""stdout"",""time"":""2025-06-06T09:22:27.564149314Z""}"
2025-06-06T09:22:27.564037507Z,1674984147564037507,33.33.33.167,ts-travel2-service-5c66d57d58-6mp2b,server,9a0ea31a729c02d940e4625e5f9e84be,995cacc8a3c5cd69,"{""log"":""17:22:27.563 INFO  t.s.TravelServiceImpl#469 TraceID: 9a0ea31a729c02d940e4625e5f9e84be SpanID: 995cacc8a3c5cd69 [getRestTicketNumber][Get Rest tickets num][num is: Response(status=1, msg=Get Left Ticket of Internal Success, data=1073741653)]\n"",""stream"":""stdout"",""time"":""2025-06-06T09:22:27.564037507Z""}"
2025-06-06T09:22:27.540272938Z,1674984147540272938,33.33.33.167,ts-travel2-service-5c66d57d58-6mp2b,server,9a0ea31a729c02d940e4625e5f9e84be,995cacc8a3c5cd69,"{""log"":""17:22:27.539 INFO  t.s.TravelServiceImpl#459 TraceID: 9a0ea31a729c02d940e4625e5f9e84be SpanID: 995cacc8a3c5cd69 [getRestTicketNumber][Seat request][request: Seat(travelDate=2023-01-29, trainNumber=Z1234, startStation=shanghai, destStation=nanjing, seatType=2, totalNum=2147483647, stations=[shanghai, nanjing, shijiazhuang, taiyuan])]\n"",""stream"":""stdout"",""time"":""2025-06-06T09:22:27.540272938Z""}"
2025-06-06T09:22:27.405025494Z,1674984147405025494,33.33.33.167,ts-travel2-service-5c66d57d58-6mp2b,server,9a0ea31a729c02d940e4625e5f9e84be,995cacc8a3c5cd69,"{""log"":""17:22:27.404 INFO  t.c.Travel2Controller#129 TraceID: 9a0ea31a729c02d940e4625e5f9e84be SpanID: 995cacc8a3c5cd69 [getTripAllDetailInfo][Get trip detail][TripId: Z1234]\n"",""stream"":""stdout"",""time"":""2025-06-06T09:22:27.405025494Z""}"
2025-06-06T09:22:27.682434584Z,1674984147682434584,33.33.33.79,ts-train-service-86f5f97bc9-dkqmf,server,9a0ea31a729c02d940e4625e5f9e84be,df1a527e168dc8b2,"{""log"":""17:22:27.681 INFO  t.c.TrainController#60 TraceID: 9a0ea31a729c02d940e4625e5f9e84be SpanID: df1a527e168dc8b2 [retrieveByName][Retrieve train][TrainTypeName: ZhiDa]\n"",""stream"":""stdout"",""time"":""2025-06-06T09:22:27.682434584Z""}"
2025-06-06T09:22:27.439097773Z,1674984147439097773,33.33.33.79,ts-train-service-86f5f97bc9-dkqmf,server,9a0ea31a729c02d940e4625e5f9e84be,0bca345d9b0558ca,"{""log"":""17:22:27.438 INFO  t.c.TrainController#60 TraceID: 9a0ea31a729c02d940e4625e5f9e84be SpanID: 0bca345d9b0558ca [retrieveByName][Retrieve train][TrainTypeName: ZhiDa]\n"",""stream"":""stdout"",""time"":""2025-06-06T09:22:27.439097773Z""}"
2025-06-06T09:22:27.654672227Z,1674984147654672227,33.33.33.76,ts-station-service-7f4f5f6f77-5qb6j,server,9a0ea31a729c02d940e4625e5f9e84be,63b63840d42ceb87,"{""log"":""17:22:27.654 INFO  f.m.c.StationController#63 TraceID: 9a0ea31a729c02d940e4625e5f9e84be SpanID: 63b63840d42ceb87 [queryForId][Query for station id][StationName: nanjing]\n"",""stream"":""stdout"",""time"":""2025-06-06T09:22:27.654672227Z""}"
2025-06-06T09:22:27.645691081Z,1674984147645691081,33.33.33.76,ts-station-service-7f4f5f6f77-5qb6j,server,9a0ea31a729c02d940e4625e5f9e84be,5099ae31709cc9b2,"{""log"":""17:22:27.645 INFO  f.m.c.StationController#63 TraceID: 9a0ea31a729c02d940e4625e5f9e84be SpanID: 5099ae31709cc9b2 [queryForId][Query for station id][StationName: shanghai]\n"",""stream"":""stdout"",""time"":""2025-06-06T09:22:27.645691081Z""}"
2025-06-06T09:22:27.422157576Z,1674984147422157576,33.33.33.76,ts-station-service-7f4f5f6f77-5qb6j,server,9a0ea31a729c02d940e4625e5f9e84be,3eff7dbd4f741759,"{""log"":""17:22:27.421 INFO  f.m.c.StationController#63 TraceID: 9a0ea31a729c02d940e4625e5f9e84be SpanID: 3eff7dbd4f741759 [queryForId][Query for station id][StationName: nanjing]\n"",""stream"":""stdout"",""time"":""2025-06-06T09:22:27.422157576Z""}"
2025-06-06T09:22:27.415760109Z,1674984147415760109,33.33.33.76,ts-station-service-7f4f5f6f77-5qb6j,server,9a0ea31a729c02d940e4625e5f9e84be,64e97ffc61909e5a,"{""log"":""17:22:27.415 INFO  f.m.c.StationController#63 TraceID: 9a0ea31a729c02d940e4625e5f9e84be SpanID: 64e97ffc61909e5a [queryForId][Query for station id][StationName: shanghai]\n"",""stream"":""stdout"",""time"":""2025-06-06T09:22:27.415760109Z""}"
2025-06-06T09:22:27.381413395Z,1674984147381413395,33.33.33.115,ts-security-service-cb9788d56-mrzv2,ts-security-service,9a0ea31a729c02d940e4625e5f9e84be,40246798e530e24b,"{""log"":""17:22:27.381 INFO  s.s.SecurityServiceImpl#119 TraceID: 9a0ea31a729c02d940e4625e5f9e84be SpanID: 40246798e530e24b [check][Max][Max In One Hour: 2147483647  Max Not Use: 2147483647]\n"",""stream"":""stdout"",""time"":""2025-06-06T09:22:27.381413395Z""}"
2025-06-06T09:22:27.378883028Z,1674984147378883028,33.33.33.115,ts-security-service-cb9788d56-mrzv2,ts-security-service,9a0ea31a729c02d940e4625e5f9e84be,40246798e530e24b,"{""log"":""17:22:27.378 INFO  s.s.SecurityServiceImpl#156 TraceID: 9a0ea31a729c02d940e4625e5f9e84be SpanID: 40246798e530e24b [getSecurityOrderOtherInfoFromOrder][Get Order Other Info For Security][Last One Hour: 171  Total Valid Order: 114]\n"",""stream"":""stdout"",""time"":""2025-06-06T09:22:27.378883028Z""}"
2025-06-06T09:22:27.36984372Z,1674984147369843720,33.33.33.115,ts-security-service-cb9788d56-mrzv2,ts-security-service,9a0ea31a729c02d940e4625e5f9e84be,40246798e530e24b,"{""log"":""17:22:27.369 INFO  s.s.SecurityServiceImpl#141 TraceID: 9a0ea31a729c02d940e4625e5f9e84be SpanID: 40246798e530e24b [getSecurityOrderInfoFromOrder][Get Order Info For Security][Last One Hour: 322  Total Valid Order: 160]\n"",""stream"":""stdout"",""time"":""2025-06-06T09:22:27.36984372Z""}"
2025-06-06T09:22:27.21668033Z,1674984147216680330,33.33.33.115,ts-security-service-cb9788d56-mrzv2,ts-security-service,9a0ea31a729c02d940e4625e5f9e84be,40246798e530e24b,"{""log"":""17:22:27.216 INFO  s.c.SecurityController#62 TraceID: 9a0ea31a729c02d940e4625e5f9e84be SpanID: 40246798e530e24b [check][Check Security][Check Account Id: 4d2a46c7-71cb-4cf1-b5bb-b68406d9da6f]\n"",""stream"":""stdout"",""time"":""2025-06-06T09:22:27.21668033Z""}"
2025-06-06T09:22:27.747098765Z,1674984147747098765,33.33.33.82,ts-seat-service-5c95b49cff-tdsdz,server,9a0ea31a729c02d940e4625e5f9e84be,c124c27c68b02b88,"{""log"":""17:22:27.746 INFO  s.s.SeatServiceImpl#114 TraceID: 9a0ea31a729c02d940e4625e5f9e84be SpanID: c124c27c68b02b88 [distributeSeat][Assign new tickets][Use a new seat number][seat number:985339747]\n"",""stream"":""stdout"",""time"":""2025-06-06T09:22:27.747098765Z""}"
2025-06-06T09:22:27.746696363Z,1674984147746696363,33.33.33.82,ts-seat-service-5c95b49cff-tdsdz,server,9a0ea31a729c02d940e4625e5f9e84be,c124c27c68b02b88,"{""log"":""17:22:27.745 INFO  s.s.SeatServiceImpl#79 TraceID: 9a0ea31a729c02d940e4625e5f9e84be SpanID: c124c27c68b02b88 [distributeSeat][Left ticket info][info is : Response(status=1, msg=Success, data=LeftTicketInfo{soldTickets=[Ticket(seatNo=388817927, startStation=shanghai, destStation=nanjing), Ticket(seatNo=512319188, startStation=shanghai, destStation=nanjing), Ticket(seatNo=650950163, startStation=shanghai, destStation=nanjing), Ticket(seatNo=681456978, startStation=shanghai, destStation=nanjing), Ticket(seatNo=1278422345, startStation=shanghai, destStation=nanjing), Ticket(seatNo=113640569, startStation=shanghai, destStation=nanjing), Ticket(seatNo=1706091788, startStation=shanghai, destStation=nanjing), Ticket(seatNo=719931591, startStation=shanghai, destStation=nanjing), Ticket(seatNo=324348558, startStation=shanghai, destStation=nanjing), Ticket(seatNo=437134557, startStation=shanghai, destStation=nanjing), Ticket(seatNo=1180305654, startStation=shanghai, destStation=nanjing), Ticket(seatNo=218664224, startStation=shanghai, destStation=nanjing), Ticket(seatNo=1531256885, startStation=shanghai, destStation=nanjing), Ticket(seatNo=282865016, startStation=shanghai, destStation=nanjing), Ticket(seatNo=290573193, startStation=shanghai, destStation=nanjing), Ticket(seatNo=2091646075, startStation=shanghai, destStation=nanjing), Ticket(seatNo=1529246592, startStation=shanghai, destStation=nanjing), Ticket(seatNo=518358183, startStation=shanghai, destStation=nanjing), Ticket(seatNo=1578574107, startStation=shanghai, destStation=nanjing), Ticket(seatNo=864103707, startStation=shanghai, destStation=nanjing), Ticket(seatNo=1101722819, startStation=shanghai, destStation=nanjing), Ticket(seatNo=1110043211, startStation=shanghai, destStation=nanjing), Ticket(seatNo=2115304579, startStation=shanghai, destStation=nanjing), Ticket(seatNo=517895253, startStation=shanghai, destStation=nanjing), Ticket(seatNo=112374996, startStation=shanghai, destStation=nanjing), Ticket(seatNo=1222554072, startStation=shanghai, destStation=nanjing), Ticket(seatNo=1445221655, startStation=shanghai, destStation=nanjing), Ticket(seatNo=55335899, startStation=shanghai, destStation=nanjing), Ticket(seatNo=1402723531, startStation=shanghai, destStation=nanjing), Ticket(seatNo=520072209, startStation=shanghai, destStation=nanjing), Ticket(seatNo=1063924165, startStation=shanghai, destStation=nanjing), Ticket(seatNo=828062078, startStation=shanghai, destStation=nanjing), Ticket(seatNo=364950093, startStation=shanghai, destStation=nanjing), Ticket(seatNo=2090617881, startStation=shanghai, destStation=nanjing), Ticket(seatNo=1605189805, startStation=shanghai, destStation=nanjing), Ticket(seatNo=182083286, startStation=shanghai, destStation=nanjing), Ticket(seatNo=1956808479, startStation=shanghai, destStation=nanjing), Ticket(seatNo=1479771875, startStation=shanghai, destStation=nanjing), Ticket(seatNo=1340473816, startStation=shanghai, destStation=nanjing), Ticket(seatNo=2058528320, startStation=shanghai, destStation=nanjing), Ticket(seatNo=1862239339, startStation=shanghai, destStation=nanjing), Ticket(seatNo=756196424, startStation=shanghai, destStation=nanjing), Ticket(seatNo=1554210637, startStation=shanghai, destStation=nanjing), Ticket(seatNo=2131607583, startStation=shanghai, destStation=nanjing), Ticket(seatNo=1114945650, startStation=shanghai, destStation=nanjing), Ticket(seatNo=978840618, startStation=shanghai, destStation=nanjing), Ticket(seatNo=1696192204, startStation=shanghai, destStation=nanjing), Ticket(seatNo=159217444, startStation=shanghai, destStation=nanjing), Ticket(seatNo=1472397446, startStation=shanghai, destStation=nanjing), Ticket(seatNo=863762562, startStation=shanghai, destStation=nanjing), Ticket(seatNo=762240728, startStation=shanghai, destStation=nanjing), Ticket(seatNo=733090960, startStation=shanghai, destStation=nanjing), Ticket(seatNo=1385200790, startStation=shanghai, destStation=nanjing), Ticket(seatNo=1483334408, startStation=shanghai, destStation=nanjing), Ticket(seatNo=1230952670, startStation=shanghai, destStation=nanjing), Ticket(seatNo=1760486203, startStation=shanghai, destStation=nanjing), Ticket(seatNo=1631472666, startStation=shanghai, destStation=nanjing), Ticket(seatNo=882144838, startStation=shanghai, destStation=nanjing), Ticket(seatNo=210246843, startStation=shanghai, destStation=nanjing), Ticket(seatNo=427259238, startStation=shanghai, destStation=nanjing), Ticket(seatNo=1232572404, startStation=shanghai, destStation=nanjing), Ticket(seatNo=1304478712, startStation=shanghai, destStation=nanjing), Ticket(seatNo=2016232602, startStation=shanghai, destStation=nanjing), Ticket(seatNo=76670888, startStation=shanghai, destStation=nanjing), Ticket(seatNo=1754550335, startStation=shanghai, destStation=nanjing), Ticket(seatNo=1491838595, startStation=shanghai, destStation=nanjing), Ticket(seatNo=1330605393, startStation=shanghai, destStation=nanjing), Ticket(seatNo=226825480, startStation=shanghai, destStation=nanjing), Ticket(seatNo=1787175945, startStation=shanghai, destStation=nanjing), Ticket(seatNo=590443336, startStation=shanghai, destStation=nanjing), Ticket(seatNo=427944411, startStation=shanghai, destStation=nanjing), Ticket(seatNo=1638437656, startStation=shanghai, destStation=nanjing), Ticket(seatNo=1361381257, startStation=shanghai, destStation=nanjing), Ticket(seatNo=1482512162, startStation=shanghai, destStation=nanjing), Ticket(seatNo=400526011, startStation=shanghai, destStation=nanjing), Ticket(seatNo=1749342441, startStation=shanghai, destStation=nanjing), Ticket(seatNo=2117918027, startStation=shanghai, destStation=nanjing), Ticket(seatNo=654927142, startStation=shanghai, destStation=nanjing), Ticket(seatNo=1977897455, startStation=shanghai, destStation=nanjing), Ticket(seatNo=641977830, startStation=shanghai, destStation=nanjing), Ticket(seatNo=1021188806, startStation=shanghai, destStation=nanjing), Ticket(seatNo=1445935016, startStation=shanghai, destStation=nanjing), Ticket(seatNo=830548221, startStation=shanghai, destStation=nanjing), Ticket(seatNo=1655441840, startStation=shanghai, destStation=nanjing), Ticket(seatNo=678340688, startStation=shanghai, destStation=nanjing), Ticket(seatNo=1682320147, startStation=shanghai, destStation=nanjing), Ticket(seatNo=1195341149, startStation=shanghai, destStation=nanjing), Ticket(seatNo=973914808, startStation=shanghai, destStation=nanjing), Ticket(seatNo=1217764195, startStation=shanghai, destStation=nanjing), Ticket(seatNo=837692558, startStation=shanghai, destStation=nanjing), Ticket(seatNo=1203709814, startStation=shanghai, destStation=nanjing), Ticket(seatNo=984361044, startStation=shanghai, destStation=nanjing), Ticket(seatNo=675974723, startStation=shanghai, destStation=nanjing), Ticket(seatNo=1490992938, startStation=shanghai, destStation=nanjing), Ticket(seatNo=1201160931, startStation=shanghai, destStation=nanjing), Ticket(seatNo=1435884154, startStation=shanghai, destStation=nanjing), Ticket(seatNo=1297551695, startStation=shanghai, destStation=nanjing), Ticket(seatNo=1664074534, startStation=shanghai, destStation=nanjing), Ticket(seatNo=1921728155, startStation=shanghai, destStation=nanjing), Ticket(seatNo=1137714160, startStation=shanghai, destStation=nanjing), Ticket(seatNo=1988971469, startStation=shanghai, destStation=nanjing), Ticket(seatNo=1018160513, startStation=shanghai, destStation=nanjing), Ticket(seatNo=1550917166, startStation=shanghai, destStation=nanjing), Ticket(seatNo=1894695695, startStation=shanghai, destStation=nanjing), Ticket(seatNo=784843623, startStation=shanghai, destStation=nanjing), Ticket(seatNo=1932732784, startStation=shanghai, destStation=nanjing), Ticket(seatNo=1565956437, startStation=shanghai, destStation=nanjing), Ticket(seatNo=249855326, startStation=shanghai, destStation=nanjing), Ticket(seatNo=77833908, startStation=shanghai, destStation=nanjing), Ticket(seatNo=64395763, startStation=shanghai, destStation=nanjing), Ticket(seatNo=781572303, startStation=shanghai, destStation=nanjing), Ticket(seatNo=1060217224, startStation=shanghai, destStation=nanjing), Ticket(seatNo=210817532, startStation=shanghai, destStation=nanjing), Ticket(seatNo=1587135411, startStation=shanghai, destStation=nanjing), Ticket(seatNo=862437816, startStation=shanghai, destStation=nanjing), Ticket(seatNo=348991760, startStation=shanghai, destStation=nanjing), Ticket(seatNo=1479280287, startStation=shanghai, destStation=nanjing), Ticket(seatNo=349038530, startStation=shanghai, destStation=nanjing), Ticket(seatNo=90480773, startStation=shanghai, destStation=nanjing), Ticket(seatNo=1465059263, startStation=shanghai, destStation=nanjing), Ticket(seatNo=1498460243, startStation=shanghai, destStation=nanjing), Ticket(seatNo=671507041, startStation=shanghai, destStation=nanjing), Ticket(seatNo=965174800, startStation=shanghai, destStation=nanjing), Ticket(seatNo=1841324996, startStation=shanghai, destStation=nanjing), Ticket(seatNo=1248601454, startStation=shanghai, destStation=nanjing), Ticket(seatNo=1901083814, startStation=shanghai, destStation=nanjing), Ticket(seatNo=2077341681, startStation=shanghai, destStation=nanjing), Ticket(seatNo=1207577891, startStation=shanghai, destStation=nanjing), Ticket(seatNo=1454446323, startStation=shanghai, destStation=nanjing), Ticket(seatNo=234766556, startStation=shanghai, destStation=nanjing), Ticket(seatNo=1726109987, startStation=shanghai, destStation=nanjing), Ticket(seatNo=317002893, startStation=shanghai, destStation=nanjing), Ticket(seatNo=1499460332, startStation=shanghai, destStation=nanjing), Ticket(seatNo=267587626, startStation=shanghai, destStation=nanjing), Ticket(seatNo=747527520, startStation=shanghai, destStation=nanjing), Ticket(seatNo=207584255, startStation=shanghai, destStation=nanjing), Ticket(seatNo=636497848, startStation=shanghai, destStation=nanjing), Ticket(seatNo=134621623, startStation=shanghai, destStation=nanjing), Ticket(seatNo=1143973252, startStation=shanghai, destStation=nanjing), Ticket(seatNo=1285506393, startStation=shanghai, destStation=nanjing), Ticket(seatNo=1318597280, startStation=shanghai, destStation=nanjing), Ticket(seatNo=2109276771, startStation=shanghai, destStation=nanjing), Ticket(seatNo=746347294, startStation=shanghai, destStation=nanjing), Ticket(seatNo=1636266694, startStation=shanghai, destStation=nanjing), Ticket(seatNo=538009141, startStation=shanghai, destStation=nanjing), Ticket(seatNo=1944586976, startStation=shanghai, destStation=nanjing), Ticket(seatNo=1320680614, startStation=shanghai, destStation=nanjing), Ticket(seatNo=142490066, startStation=shanghai, destStation=nanjing), Ticket(seatNo=252466715, startStation=shanghai, destStation=nanjing), Ticket(seatNo=1806446874, startStation=shanghai, destStation=nanjing), Ticket(seatNo=1743761737, startStation=shanghai, destStation=nanjing), Ticket(seatNo=610439616, startStation=shanghai, destStation=nanjing), Ticket(seatNo=76166607, startStation=shanghai, destStation=nanjing), Ticket(seatNo=1265135696, startStation=shanghai, destStation=nanjing), Ticket(seatNo=1177274309, startStation=shanghai, destStation=nanjing), Ticket(seatNo=746628462, startStation=shanghai, destStation=nanjing), Ticket(seatNo=573722729, startStation=shanghai, destStation=nanjing), Ticket(seatNo=940056408, startStation=shanghai, destStation=nanjing), Ticket(seatNo=202317050, startStation=shanghai, destStation=nanjing), Ticket(seatNo=221602851, startStation=shanghai, destStation=nanjing), Ticket(seatNo=1431476535, startStation=shanghai, destStation=nanjing), Ticket(seatNo=606888208, startStation=shanghai, destStation=nanjing), Ticket(seatNo=813377677, startStation=shanghai, destStation=nanjing), Ticket(seatNo=1592122745, startStation=shanghai, destStation=nanjing), Ticket(seatNo=2128153780, startStation=shanghai, destStation=nanjing), Ticket(seatNo=568784077, startStation=shanghai, destStation=nanjing), Ticket(seatNo=990332202, startStation=shanghai, destStation=nanjing), Ticket(seatNo=1969469614, startStation=shanghai, destStation=nanjing), Ticket(seatNo=1456285444, startStation=shanghai, destStation=nanjing), Ticket(seatNo=1785859166, startStation=shanghai, destStation=nanjing)]})]\n"",""stream"":""stdout"",""time"":""2025-06-06T09:22:27.746696363Z""}"
2025-06-06T09:22:27.735557005Z,1674984147735557005,33.33.33.82,ts-seat-service-5c95b49cff-tdsdz,server,9a0ea31a729c02d940e4625e5f9e84be,c124c27c68b02b88,"{""log"":""17:22:27.735 INFO  s.s.SeatServiceImpl#69 TraceID: 9a0ea31a729c02d940e4625e5f9e84be SpanID: c124c27c68b02b88 [distributeSeat][TrainNumber start][Other Capital Except D and G]\n"",""stream"":""stdout"",""time"":""2025-06-06T09:22:27.735557005Z""}"
2025-06-06T09:22:27.735215049Z,1674984147735215049,33.33.33.82,ts-seat-service-5c95b49cff-tdsdz,server,9a0ea31a729c02d940e4625e5f9e84be,c124c27c68b02b88,"{""log"":""17:22:27.734 INFO  s.c.SeatController#41 TraceID: 9a0ea31a729c02d940e4625e5f9e84be SpanID: c124c27c68b02b88 [distributeSeat][Create seat][TravelDate: 2023-01-29,TrainNumber: Z1234,SeatType: 3]\n"",""stream"":""stdout"",""time"":""2025-06-06T09:22:27.735215049Z""}"
2025-06-06T09:22:27.624857986Z,1674984147624857986,33.33.33.82,ts-seat-service-5c95b49cff-tdsdz,server,9a0ea31a729c02d940e4625e5f9e84be,d0012b49382e2c2a,"{""log"":""17:22:27.624 INFO  s.s.SeatServiceImpl#217 TraceID: 9a0ea31a729c02d940e4625e5f9e84be SpanID: d0012b49382e2c2a [getDirectProportion][Configs is : Config(name=DirectTicketAllocationProportion, value=0.5, description=Allocation Proportion Of The Direct Ticket - From Start To End)]\n"",""stream"":""stdout"",""time"":""2025-06-06T09:22:27.624857986Z""}"
2025-06-06T09:22:27.619758268Z,1674984147619758268,33.33.33.82,ts-seat-service-5c95b49cff-tdsdz,server,9a0ea31a729c02d940e4625e5f9e84be,d0012b49382e2c2a,"{""log"":""17:22:27.618 INFO  s.s.SeatServiceImpl#166 TraceID: 9a0ea31a729c02d940e4625e5f9e84be SpanID: d0012b49382e2c2a [getLeftTicketOfInterval][Get Order tickets result][result is \u003c200,Response(status=1, msg=Success, data=LeftTicketInfo{soldTickets=[Ticket(seatNo=388817927, startStation=shanghai, destStation=nanjing), Ticket(seatNo=512319188, startStation=shanghai, destStation=nanjing), Ticket(seatNo=650950163, startStation=shanghai, destStation=nanjing), Ticket(seatNo=681456978, startStation=shanghai, destStation=nanjing), Ticket(seatNo=1278422345, startStation=shanghai, destStation=nanjing), Ticket(seatNo=113640569, startStation=shanghai, destStation=nanjing), Ticket(seatNo=1706091788, startStation=shanghai, destStation=nanjing), Ticket(seatNo=719931591, startStation=shanghai, destStation=nanjing), Ticket(seatNo=324348558, startStation=shanghai, destStation=nanjing), Ticket(seatNo=437134557, startStation=shanghai, destStation=nanjing), Ticket(seatNo=1180305654, startStation=shanghai, destStation=nanjing), Ticket(seatNo=218664224, startStation=shanghai, destStation=nanjing), Ticket(seatNo=1531256885, startStation=shanghai, destStation=nanjing), Ticket(seatNo=282865016, startStation=shanghai, destStation=nanjing), Ticket(seatNo=290573193, startStation=shanghai, destStation=nanjing), Ticket(seatNo=2091646075, startStation=shanghai, destStation=nanjing), Ticket(seatNo=1529246592, startStation=shanghai, destStation=nanjing), Ticket(seatNo=518358183, startStation=shanghai, destStation=nanjing), Ticket(seatNo=1578574107, startStation=shanghai, destStation=nanjing), Ticket(seatNo=864103707, startStation=shanghai, destStation=nanjing), Ticket(seatNo=1101722819, startStation=shanghai, destStation=nanjing), Ticket(seatNo=1110043211, startStation=shanghai, destStation=nanjing), Ticket(seatNo=2115304579, startStation=shanghai, destStation=nanjing), Ticket(seatNo=517895253, startStation=shanghai, destStation=nanjing), Ticket(seatNo=112374996, startStation=shanghai, destStation=nanjing), Ticket(seatNo=1222554072, startStation=shanghai, destStation=nanjing), Ticket(seatNo=1445221655, startStation=shanghai, destStation=nanjing), Ticket(seatNo=55335899, startStation=shanghai, destStation=nanjing), Ticket(seatNo=1402723531, startStation=shanghai, destStation=nanjing), Ticket(seatNo=520072209, startStation=shanghai, destStation=nanjing), Ticket(seatNo=1063924165, startStation=shanghai, destStation=nanjing), Ticket(seatNo=828062078, startStation=shanghai, destStation=nanjing), Ticket(seatNo=364950093, startStation=shanghai, destStation=nanjing), Ticket(seatNo=2090617881, startStation=shanghai, destStation=nanjing), Ticket(seatNo=1605189805, startStation=shanghai, destStation=nanjing), Ticket(seatNo=182083286, startStation=shanghai, destStation=nanjing), Ticket(seatNo=1956808479, startStation=shanghai, destStation=nanjing), Ticket(seatNo=1479771875, startStation=shanghai, destStation=nanjing), Ticket(seatNo=1340473816, startStation=shanghai, destStation=nanjing), Ticket(seatNo=2058528320, startStation=shanghai, destStation=nanjing), Ticket(seatNo=1862239339, startStation=shanghai, destStation=nanjing), Ticket(seatNo=756196424, startStation=shanghai, destStation=nanjing), Ticket(seatNo=1554210637, startStation=shanghai, destStation=nanjing), Ticket(seatNo=2131607583, startStation=shanghai, destStation=nanjing), Ticket(seatNo=1114945650, startStation=shanghai, destStation=nanjing), Ticket(seatNo=978840618, startStation=shanghai, destStation=nanjing), Ticket(seatNo=1696192204, startStation=shanghai, destStation=nanjing), Ticket(seatNo=159217444, startStation=shanghai, destStation=nanjing), Ticket(seatNo=1472397446, startStation=shanghai, destStation=nanjing), Ticket(seatNo=863762562, startStation=shanghai, destStation=nanjing), Ticket(seatNo=762240728, startStation=shanghai, destStation=nanjing), Ticket(seatNo=733090960, startStation=shanghai, destStation=nanjing), Ticket(seatNo=1385200790, startStation=shanghai, destStation=nanjing), Ticket(seatNo=1483334408, startStation=shanghai, destStation=nanjing), Ticket(seatNo=1230952670, startStation=shanghai, destStation=nanjing), Ticket(seatNo=1760486203, startStation=shanghai, destStation=nanjing), Ticket(seatNo=1631472666, startStation=shanghai, destStation=nanjing), Ticket(seatNo=882144838, startStation=shanghai, destStation=nanjing), Ticket(seatNo=210246843, startStation=shanghai, destStation=nanjing), Ticket(seatNo=427259238, startStation=shanghai, destStation=nanjing), Ticket(seatNo=1232572404, startStation=shanghai, destStation=nanjing), Ticket(seatNo=1304478712, startStation=shanghai, destStation=nanjing), Ticket(seatNo=2016232602, startStation=shanghai, destStation=nanjing), Ticket(seatNo=76670888, startStation=shanghai, destStation=nanjing), Ticket(seatNo=1754550335, startStation=shanghai, destStation=nanjing), Ticket(seatNo=1491838595, startStation=shanghai, destStation=nanjing), Ticket(seatNo=1330605393, startStation=shanghai, destStation=nanjing), Ticket(seatNo=226825480, startStation=shanghai, destStation=nanjing), Ticket(seatNo=1787175945, startStation=shanghai, destStation=nanjing), Ticket(seatNo=590443336, startStation=shanghai, destStation=nanjing), Ticket(seatNo=427944411, startStation=shanghai, destStation=nanjing), Ticket(seatNo=1638437656, startStation=shanghai, destStation=nanjing), Ticket(seatNo=1361381257, startStation=shanghai, destStation=nanjing), Ticket(seatNo=1482512162, startStation=shanghai, destStation=nanjing), Ticket(seatNo=400526011, startStation=shanghai, destStation=nanjing), Ticket(seatNo=1749342441, startStation=shanghai, destStation=nanjing), Ticket(seatNo=2117918027, startStation=shanghai, destStation=nanjing), Ticket(seatNo=654927142, startStation=shanghai, destStation=nanjing), Ticket(seatNo=1977897455, startStation=shanghai, destStation=nanjing), Ticket(seatNo=641977830, startStation=shanghai, destStation=nanjing), Ticket(seatNo=1021188806, startStation=shanghai, destStation=nanjing), Ticket(seatNo=1445935016, startStation=shanghai, destStation=nanjing), Ticket(seatNo=830548221, startStation=shanghai, destStation=nanjing), Ticket(seatNo=1655441840, startStation=shanghai, destStation=nanjing), Ticket(seatNo=678340688, startStation=shanghai, destStation=nanjing), Ticket(seatNo=1682320147, startStation=shanghai, destStation=nanjing), Ticket(seatNo=1195341149, startStation=shanghai, destStation=nanjing), Ticket(seatNo=973914808, startStation=shanghai, destStation=nanjing), Ticket(seatNo=1217764195, startStation=shanghai, destStation=nanjing), Ticket(seatNo=837692558, startStation=shanghai, destStation=nanjing), Ticket(seatNo=1203709814, startStation=shanghai, destStation=nanjing), Ticket(seatNo=984361044, startStation=shanghai, destStation=nanjing), Ticket(seatNo=675974723, startStation=shanghai, destStation=nanjing), Ticket(seatNo=1490992938, startStation=shanghai, destStation=nanjing), Ticket(seatNo=1201160931, startStation=shanghai, destStation=nanjing), Ticket(seatNo=1435884154, startStation=shanghai, destStation=nanjing), Ticket(seatNo=1297551695, startStation=shanghai, destStation=nanjing), Ticket(seatNo=1664074534, startStation=shanghai, destStation=nanjing), Ticket(seatNo=1921728155, startStation=shanghai, destStation=nanjing), Ticket(seatNo=1137714160, startStation=shanghai, destStation=nanjing), Ticket(seatNo=1988971469, startStation=shanghai, destStation=nanjing), Ticket(seatNo=1018160513, startStation=shanghai, destStation=nanjing), Ticket(seatNo=1550917166, startStation=shanghai, destStation=nanjing), Ticket(seatNo=1894695695, startStation=shanghai, destStation=nanjing), Ticket(seatNo=784843623, startStation=shanghai, destStation=nanjing), Ticket(seatNo=1932732784, startStation=shanghai, destStation=nanjing), Ticket(seatNo=1565956437, startStation=shanghai, destStation=nanjing), Ticket(seatNo=249855326, startStation=shanghai, destStation=nanjing), Ticket(seatNo=77833908, startStation=shanghai, destStation=nanjing), Ticket(seatNo=64395763, startStation=shanghai, destStation=nanjing), Ticket(seatNo=781572303, startStation=shanghai, destStation=nanjing), Ticket(seatNo=1060217224, startStation=shanghai, destStation=nanjing), Ticket(seatNo=210817532, startStation=shanghai, destStation=nanjing), Ticket(seatNo=1587135411, startStation=shanghai, destStation=nanjing), Ticket(seatNo=862437816, startStation=shanghai, destStation=nanjing), Ticket(seatNo=348991760, startStation=shanghai, destStation=nanjing), Ticket(seatNo=1479280287, startStation=shanghai, destStation=nanjing), Ticket(seatNo=349038530, startStation=shanghai, destStation=nanjing), Ticket(seatNo=90480773, startStation=shanghai, destStation=nanjing), Ticket(seatNo=1465059263, startStation=shanghai, destStation=nanjing), Ticket(seatNo=1498460243, startStation=shanghai, destStation=nanjing), Ticket(seatNo=671507041, startStation=shanghai, destStation=nanjing), Ticket(seatNo=965174800, startStation=shanghai, destStation=nanjing), Ticket(seatNo=1841324996, startStation=shanghai, destStation=nanjing), Ticket(seatNo=1248601454, startStation=shanghai, destStation=nanjing), Ticket(seatNo=1901083814, startStation=shanghai, destStation=nanjing), Ticket(seatNo=2077341681, startStation=shanghai, destStation=nanjing), Ticket(seatNo=1207577891, startStation=shanghai, destStation=nanjing), Ticket(seatNo=1454446323, startStation=shanghai, destStation=nanjing), Ticket(seatNo=234766556, startStation=shanghai, destStation=nanjing), Ticket(seatNo=1726109987, startStation=shanghai, destStation=nanjing), Ticket(seatNo=317002893, startStation=shanghai, destStation=nanjing), Ticket(seatNo=1499460332, startStation=shanghai, destStation=nanjing), Ticket(seatNo=267587626, startStation=shanghai, destStation=nanjing), Ticket(seatNo=747527520, startStation=shanghai, destStation=nanjing), Ticket(seatNo=207584255, startStation=shanghai, destStation=nanjing), Ticket(seatNo=636497848, startStation=shanghai, destStation=nanjing), Ticket(seatNo=134621623, startStation=shanghai, destStation=nanjing), Ticket(seatNo=1143973252, startStation=shanghai, destStation=nanjing), Ticket(seatNo=1285506393, startStation=shanghai, destStation=nanjing), Ticket(seatNo=1318597280, startStation=shanghai, destStation=nanjing), Ticket(seatNo=2109276771, startStation=shanghai, destStation=nanjing), Ticket(seatNo=746347294, startStation=shanghai, destStation=nanjing), Ticket(seatNo=1636266694, startStation=shanghai, destStation=nanjing), Ticket(seatNo=538009141, startStation=shanghai, destStation=nanjing), Ticket(seatNo=1944586976, startStation=shanghai, destStation=nanjing), Ticket(seatNo=1320680614, startStation=shanghai, destStation=nanjing), Ticket(seatNo=142490066, startStation=shanghai, destStation=nanjing), Ticket(seatNo=252466715, startStation=shanghai, destStation=nanjing), Ticket(seatNo=1806446874, startStation=shanghai, destStation=nanjing), Ticket(seatNo=1743761737, startStation=shanghai, destStation=nanjing), Ticket(seatNo=610439616, startStation=shanghai, destStation=nanjing), Ticket(seatNo=76166607, startStation=shanghai, destStation=nanjing), Ticket(seatNo=1265135696, startStation=shanghai, destStation=nanjing), Ticket(seatNo=1177274309, startStation=shanghai, destStation=nanjing), Ticket(seatNo=746628462, startStation=shanghai, destStation=nanjing), Ticket(seatNo=573722729, startStation=shanghai, destStation=nanjing), Ticket(seatNo=940056408, startStation=shanghai, destStation=nanjing), Ticket(seatNo=202317050, startStation=shanghai, destStation=nanjing), Ticket(seatNo=221602851, startStation=shanghai, destStation=nanjing), Ticket(seatNo=1431476535, startStation=shanghai, destStation=nanjing), Ticket(seatNo=606888208, startStation=shanghai, destStation=nanjing), Ticket(seatNo=813377677, startStation=shanghai, destStation=nanjing), Ticket(seatNo=1592122745, startStation=shanghai, destStation=nanjing), Ticket(seatNo=2128153780, startStation=shanghai, destStation=nanjing), Ticket(seatNo=568784077, startStation=shanghai, destStation=nanjing), Ticket(seatNo=990332202, startStation=shanghai, destStation=nanjing), Ticket(seatNo=1969469614, startStation=shanghai, destStation=nanjing), Ticket(seatNo=1456285444, startStation=shanghai, destStation=nanjing), Ticket(seatNo=1785859166, startStation=shanghai, destStation=nanjing)]}),[vary:\""Origin,Access-Control-Request-Method,Access-Control-Request-Headers\"", x-content-type-options:\""nosniff\"", x-xss-protection:\""1; mode=block\"", cache-control:\""no-cache, no-store, max-age=0, must-revalidate\"", pragma:\""no-cache\"", expires:\""0\"", x-frame-options:\""DENY\"", content-type:\""application/json\"", date:\""Sun, 29 Jan 2023 09:22:27 GMT\"", x-envoy-upstream-service-time:\""32\"", server:\""envoy\"", transfer-encoding:\""chunked\""]\u003e]\n"",""stream"":""stdout"",""time"":""2025-06-06T09:22:27.619758268Z""}"
2025-06-06T09:22:27.583876844Z,1674984147583876844,33.33.33.82,ts-seat-service-5c95b49cff-tdsdz,server,9a0ea31a729c02d940e4625e5f9e84be,d0012b49382e2c2a,"{""log"":""17:22:27.583 INFO  s.s.SeatServiceImpl#154 TraceID: 9a0ea31a729c02d940e4625e5f9e84be SpanID: d0012b49382e2c2a [getLeftTicketOfInterval][TrainNumber start with other capital][trainNumber:Z1234]\n"",""stream"":""stdout"",""time"":""2025-06-06T09:22:27.583876844Z""}"
2025-06-06T09:22:27.583464364Z,1674984147583464364,33.33.33.82,ts-seat-service-5c95b49cff-tdsdz,server,9a0ea31a729c02d940e4625e5f9e84be,d0012b49382e2c2a,"{""log"":""17:22:27.582 INFO  s.s.SeatServiceImpl#137 TraceID: 9a0ea31a729c02d940e4625e5f9e84be SpanID: d0012b49382e2c2a [getLeftTicketOfInterval][Seat request][request:Seat(travelDate=2023-01-29, trainNumber=Z1234, startStation=shanghai, destStation=nanjing, seatType=3, totalNum=2147483647, stations=[shanghai, nanjing, shijiazhuang, taiyuan])]\n"",""stream"":""stdout"",""time"":""2025-06-06T09:22:27.583464364Z""}"
2025-06-06T09:22:27.583126902Z,1674984147583126902,33.33.33.82,ts-seat-service-5c95b49cff-tdsdz,server,9a0ea31a729c02d940e4625e5f9e84be,d0012b49382e2c2a,"{""log"":""17:22:27.582 INFO  s.c.SeatController#57 TraceID: 9a0ea31a729c02d940e4625e5f9e84be SpanID: d0012b49382e2c2a [getLeftTicketOfInterval][Get left ticket of interval][TravelDate: 2023-01-29,TrainNumber: Z1234,SeatType: 3]\n"",""stream"":""stdout"",""time"":""2025-06-06T09:22:27.583126902Z""}"
2025-06-06T09:22:27.562073823Z,1674984147562073823,33.33.33.82,ts-seat-service-5c95b49cff-tdsdz,server,9a0ea31a729c02d940e4625e5f9e84be,518f16cb5a448b86,"{""log"":""17:22:27.561 INFO  s.s.SeatServiceImpl#217 TraceID: 9a0ea31a729c02d940e4625e5f9e84be SpanID: 518f16cb5a448b86 [getDirectProportion][Configs is : Config(name=DirectTicketAllocationProportion, value=0.5, description=Allocation Proportion Of The Direct Ticket - From Start To End)]\n"",""stream"":""stdout"",""time"":""2025-06-06T09:22:27.562073823Z""}"
2025-06-06T09:22:27.556503511Z,1674984147556503511,33.33.33.82,ts-seat-service-5c95b49cff-tdsdz,server,9a0ea31a729c02d940e4625e5f9e84be,518f16cb5a448b86,"{""log"":""17:22:27.555 INFO  s.s.SeatServiceImpl#166 TraceID: 9a0ea31a729c02d940e4625e5f9e84be SpanID: 518f16cb5a448b86 [getLeftTicketOfInterval][Get Order tickets result][result is \u003c200,Response(status=1, msg=Success, data=LeftTicketInfo{soldTickets=[Ticket(seatNo=388817927, startStation=shanghai, destStation=nanjing), Ticket(seatNo=512319188, startStation=shanghai, destStation=nanjing), Ticket(seatNo=650950163, startStation=shanghai, destStation=nanjing), Ticket(seatNo=681456978, startStation=shanghai, destStation=nanjing), Ticket(seatNo=1278422345, startStation=shanghai, destStation=nanjing), Ticket(seatNo=113640569, startStation=shanghai, destStation=nanjing), Ticket(seatNo=1706091788, startStation=shanghai, destStation=nanjing), Ticket(seatNo=719931591, startStation=shanghai, destStation=nanjing), Ticket(seatNo=324348558, startStation=shanghai, destStation=nanjing), Ticket(seatNo=437134557, startStation=shanghai, destStation=nanjing), Ticket(seatNo=1180305654, startStation=shanghai, destStation=nanjing), Ticket(seatNo=218664224, startStation=shanghai, destStation=nanjing), Ticket(seatNo=1531256885, startStation=shanghai, destStation=nanjing), Ticket(seatNo=282865016, startStation=shanghai, destStation=nanjing), Ticket(seatNo=290573193, startStation=shanghai, destStation=nanjing), Ticket(seatNo=2091646075, startStation=shanghai, destStation=nanjing), Ticket(seatNo=1529246592, startStation=shanghai, destStation=nanjing), Ticket(seatNo=518358183, startStation=shanghai, destStation=nanjing), Ticket(seatNo=1578574107, startStation=shanghai, destStation=nanjing), Ticket(seatNo=864103707, startStation=shanghai, destStation=nanjing), Ticket(seatNo=1101722819, startStation=shanghai, destStation=nanjing), Ticket(seatNo=1110043211, startStation=shanghai, destStation=nanjing), Ticket(seatNo=2115304579, startStation=shanghai, destStation=nanjing), Ticket(seatNo=517895253, startStation=shanghai, destStation=nanjing), Ticket(seatNo=112374996, startStation=shanghai, destStation=nanjing), Ticket(seatNo=1222554072, startStation=shanghai, destStation=nanjing), Ticket(seatNo=1445221655, startStation=shanghai, destStation=nanjing), Ticket(seatNo=55335899, startStation=shanghai, destStation=nanjing), Ticket(seatNo=1402723531, startStation=shanghai, destStation=nanjing), Ticket(seatNo=520072209, startStation=shanghai, destStation=nanjing), Ticket(seatNo=1063924165, startStation=shanghai, destStation=nanjing), Ticket(seatNo=828062078, startStation=shanghai, destStation=nanjing), Ticket(seatNo=364950093, startStation=shanghai, destStation=nanjing), Ticket(seatNo=2090617881, startStation=shanghai, destStation=nanjing), Ticket(seatNo=1605189805, startStation=shanghai, destStation=nanjing), Ticket(seatNo=182083286, startStation=shanghai, destStation=nanjing), Ticket(seatNo=1956808479, startStation=shanghai, destStation=nanjing), Ticket(seatNo=1479771875, startStation=shanghai, destStation=nanjing), Ticket(seatNo=1340473816, startStation=shanghai, destStation=nanjing), Ticket(seatNo=2058528320, startStation=shanghai, destStation=nanjing), Ticket(seatNo=1862239339, startStation=shanghai, destStation=nanjing), Ticket(seatNo=756196424, startStation=shanghai, destStation=nanjing), Ticket(seatNo=1554210637, startStation=shanghai, destStation=nanjing), Ticket(seatNo=2131607583, startStation=shanghai, destStation=nanjing), Ticket(seatNo=1114945650, startStation=shanghai, destStation=nanjing), Ticket(seatNo=978840618, startStation=shanghai, destStation=nanjing), Ticket(seatNo=1696192204, startStation=shanghai, destStation=nanjing), Ticket(seatNo=159217444, startStation=shanghai, destStation=nanjing), Ticket(seatNo=1472397446, startStation=shanghai, destStation=nanjing), Ticket(seatNo=863762562, startStation=shanghai, destStation=nanjing), Ticket(seatNo=762240728, startStation=shanghai, destStation=nanjing), Ticket(seatNo=733090960, startStation=shanghai, destStation=nanjing), Ticket(seatNo=1385200790, startStation=shanghai, destStation=nanjing), Ticket(seatNo=1483334408, startStation=shanghai, destStation=nanjing), Ticket(seatNo=1230952670, startStation=shanghai, destStation=nanjing), Ticket(seatNo=1760486203, startStation=shanghai, destStation=nanjing), Ticket(seatNo=1631472666, startStation=shanghai, destStation=nanjing), Ticket(seatNo=882144838, startStation=shanghai, destStation=nanjing), Ticket(seatNo=210246843, startStation=shanghai, destStation=nanjing), Ticket(seatNo=427259238, startStation=shanghai, destStation=nanjing), Ticket(seatNo=1232572404, startStation=shanghai, destStation=nanjing), Ticket(seatNo=1304478712, startStation=shanghai, destStation=nanjing), Ticket(seatNo=2016232602, startStation=shanghai, destStation=nanjing), Ticket(seatNo=76670888, startStation=shanghai, destStation=nanjing), Ticket(seatNo=1754550335, startStation=shanghai, destStation=nanjing), Ticket(seatNo=1491838595, startStation=shanghai, destStation=nanjing), Ticket(seatNo=1330605393, startStation=shanghai, destStation=nanjing), Ticket(seatNo=226825480, startStation=shanghai, destStation=nanjing), Ticket(seatNo=1787175945, startStation=shanghai, destStation=nanjing), Ticket(seatNo=590443336, startStation=shanghai, destStation=nanjing), Ticket(seatNo=427944411, startStation=shanghai, destStation=nanjing), Ticket(seatNo=1638437656, startStation=shanghai, destStation=nanjing), Ticket(seatNo=1361381257, startStation=shanghai, destStation=nanjing), Ticket(seatNo=1482512162, startStation=shanghai, destStation=nanjing), Ticket(seatNo=400526011, startStation=shanghai, destStation=nanjing), Ticket(seatNo=1749342441, startStation=shanghai, destStation=nanjing), Ticket(seatNo=2117918027, startStation=shanghai, destStation=nanjing), Ticket(seatNo=654927142, startStation=shanghai, destStation=nanjing), Ticket(seatNo=1977897455, startStation=shanghai, destStation=nanjing), Ticket(seatNo=641977830, startStation=shanghai, destStation=nanjing), Ticket(seatNo=1021188806, startStation=shanghai, destStation=nanjing), Ticket(seatNo=1445935016, startStation=shanghai, destStation=nanjing), Ticket(seatNo=830548221, startStation=shanghai, destStation=nanjing), Ticket(seatNo=1655441840, startStation=shanghai, destStation=nanjing), Ticket(seatNo=678340688, startStation=shanghai, destStation=nanjing), Ticket(seatNo=1682320147, startStation=shanghai, destStation=nanjing), Ticket(seatNo=1195341149, startStation=shanghai, destStation=nanjing), Ticket(seatNo=973914808, startStation=shanghai, destStation=nanjing), Ticket(seatNo=1217764195, startStation=shanghai, destStation=nanjing), Ticket(seatNo=837692558, startStation=shanghai, destStation=nanjing), Ticket(seatNo=1203709814, startStation=shanghai, destStation=nanjing), Ticket(seatNo=984361044, startStation=shanghai, destStation=nanjing), Ticket(seatNo=675974723, startStation=shanghai, destStation=nanjing), Ticket(seatNo=1490992938, startStation=shanghai, destStation=nanjing), Ticket(seatNo=1201160931, startStation=shanghai, destStation=nanjing), Ticket(seatNo=1435884154, startStation=shanghai, destStation=nanjing), Ticket(seatNo=1297551695, startStation=shanghai, destStation=nanjing), Ticket(seatNo=1664074534, startStation=shanghai, destStation=nanjing), Ticket(seatNo=1921728155, startStation=shanghai, destStation=nanjing), Ticket(seatNo=1137714160, startStation=shanghai, destStation=nanjing), Ticket(seatNo=1988971469, startStation=shanghai, destStation=nanjing), Ticket(seatNo=1018160513, startStation=shanghai, destStation=nanjing), Ticket(seatNo=1550917166, startStation=shanghai, destStation=nanjing), Ticket(seatNo=1894695695, startStation=shanghai, destStation=nanjing), Ticket(seatNo=784843623, startStation=shanghai, destStation=nanjing), Ticket(seatNo=1932732784, startStation=shanghai, destStation=nanjing), Ticket(seatNo=1565956437, startStation=shanghai, destStation=nanjing), Ticket(seatNo=249855326, startStation=shanghai, destStation=nanjing), Ticket(seatNo=77833908, startStation=shanghai, destStation=nanjing), Ticket(seatNo=64395763, startStation=shanghai, destStation=nanjing), Ticket(seatNo=781572303, startStation=shanghai, destStation=nanjing), Ticket(seatNo=1060217224, startStation=shanghai, destStation=nanjing), Ticket(seatNo=210817532, startStation=shanghai, destStation=nanjing), Ticket(seatNo=1587135411, startStation=shanghai, destStation=nanjing), Ticket(seatNo=862437816, startStation=shanghai, destStation=nanjing), Ticket(seatNo=348991760, startStation=shanghai, destStation=nanjing), Ticket(seatNo=1479280287, startStation=shanghai, destStation=nanjing), Ticket(seatNo=349038530, startStation=shanghai, destStation=nanjing), Ticket(seatNo=90480773, startStation=shanghai, destStation=nanjing), Ticket(seatNo=1465059263, startStation=shanghai, destStation=nanjing), Ticket(seatNo=1498460243, startStation=shanghai, destStation=nanjing), Ticket(seatNo=671507041, startStation=shanghai, destStation=nanjing), Ticket(seatNo=965174800, startStation=shanghai, destStation=nanjing), Ticket(seatNo=1841324996, startStation=shanghai, destStation=nanjing), Ticket(seatNo=1248601454, startStation=shanghai, destStation=nanjing), Ticket(seatNo=1901083814, startStation=shanghai, destStation=nanjing), Ticket(seatNo=2077341681, startStation=shanghai, destStation=nanjing), Ticket(seatNo=1207577891, startStation=shanghai, destStation=nanjing), Ticket(seatNo=1454446323, startStation=shanghai, destStation=nanjing), Ticket(seatNo=234766556, startStation=shanghai, destStation=nanjing), Ticket(seatNo=1726109987, startStation=shanghai, destStation=nanjing), Ticket(seatNo=317002893, startStation=shanghai, destStation=nanjing), Ticket(seatNo=1499460332, startStation=shanghai, destStation=nanjing), Ticket(seatNo=267587626, startStation=shanghai, destStation=nanjing), Ticket(seatNo=747527520, startStation=shanghai, destStation=nanjing), Ticket(seatNo=207584255, startStation=shanghai, destStation=nanjing), Ticket(seatNo=636497848, startStation=shanghai, destStation=nanjing), Ticket(seatNo=134621623, startStation=shanghai, destStation=nanjing), Ticket(seatNo=1143973252, startStation=shanghai, destStation=nanjing), Ticket(seatNo=1285506393, startStation=shanghai, destStation=nanjing), Ticket(seatNo=1318597280, startStation=shanghai, destStation=nanjing), Ticket(seatNo=2109276771, startStation=shanghai, destStation=nanjing), Ticket(seatNo=746347294, startStation=shanghai, destStation=nanjing), Ticket(seatNo=1636266694, startStation=shanghai, destStation=nanjing), Ticket(seatNo=538009141, startStation=shanghai, destStation=nanjing), Ticket(seatNo=1944586976, startStation=shanghai, destStation=nanjing), Ticket(seatNo=1320680614, startStation=shanghai, destStation=nanjing), Ticket(seatNo=142490066, startStation=shanghai, destStation=nanjing), Ticket(seatNo=252466715, startStation=shanghai, destStation=nanjing), Ticket(seatNo=1806446874, startStation=shanghai, destStation=nanjing), Ticket(seatNo=1743761737, startStation=shanghai, destStation=nanjing), Ticket(seatNo=610439616, startStation=shanghai, destStation=nanjing), Ticket(seatNo=76166607, startStation=shanghai, destStation=nanjing), Ticket(seatNo=1265135696, startStation=shanghai, destStation=nanjing), Ticket(seatNo=1177274309, startStation=shanghai, destStation=nanjing), Ticket(seatNo=746628462, startStation=shanghai, destStation=nanjing), Ticket(seatNo=573722729, startStation=shanghai, destStation=nanjing), Ticket(seatNo=940056408, startStation=shanghai, destStation=nanjing), Ticket(seatNo=202317050, startStation=shanghai, destStation=nanjing), Ticket(seatNo=221602851, startStation=shanghai, destStation=nanjing), Ticket(seatNo=1431476535, startStation=shanghai, destStation=nanjing), Ticket(seatNo=606888208, startStation=shanghai, destStation=nanjing), Ticket(seatNo=813377677, startStation=shanghai, destStation=nanjing), Ticket(seatNo=1592122745, startStation=shanghai, destStation=nanjing), Ticket(seatNo=2128153780, startStation=shanghai, destStation=nanjing), Ticket(seatNo=568784077, startStation=shanghai, destStation=nanjing), Ticket(seatNo=990332202, startStation=shanghai, destStation=nanjing), Ticket(seatNo=1969469614, startStation=shanghai, destStation=nanjing), Ticket(seatNo=1456285444, startStation=shanghai, destStation=nanjing), Ticket(seatNo=1785859166, startStation=shanghai, destStation=nanjing)]}),[vary:\""Origin,Access-Control-Request-Method,Access-Control-Request-Headers\"", x-content-type-options:\""nosniff\"", x-xss-protection:\""1; mode=block\"", cache-control:\""no-cache, no-store, max-age=0, must-revalidate\"", pragma:\""no-cache\"", expires:\""0\"", x-frame-options:\""DENY\"", content-type:\""application/json\"", date:\""Sun, 29 Jan 2023 09:22:27 GMT\"", x-envoy-upstream-service-time:\""7\"", server:\""envoy\"", transfer-encoding:\""chunked\""]\u003e]\n"",""stream"":""stdout"",""time"":""2025-06-06T09:22:27.556503511Z""}"
2025-06-06T09:22:27.544918119Z,1674984147544918119,33.33.33.82,ts-seat-service-5c95b49cff-tdsdz,server,9a0ea31a729c02d940e4625e5f9e84be,518f16cb5a448b86,"{""log"":""17:22:27.544 INFO  s.s.SeatServiceImpl#154 TraceID: 9a0ea31a729c02d940e4625e5f9e84be SpanID: 518f16cb5a448b86 [getLeftTicketOfInterval][TrainNumber start with other capital][trainNumber:Z1234]\n"",""stream"":""stdout"",""time"":""2025-06-06T09:22:27.544918119Z""}"
2025-06-06T09:22:27.544584633Z,1674984147544584633,33.33.33.82,ts-seat-service-5c95b49cff-tdsdz,server,9a0ea31a729c02d940e4625e5f9e84be,518f16cb5a448b86,"{""log"":""17:22:27.543 INFO  s.s.SeatServiceImpl#137 TraceID: 9a0ea31a729c02d940e4625e5f9e84be SpanID: 518f16cb5a448b86 [getLeftTicketOfInterval][Seat request][request:Seat(travelDate=2023-01-29, trainNumber=Z1234, startStation=shanghai, destStation=nanjing, seatType=2, totalNum=2147483647, stations=[shanghai, nanjing, shijiazhuang, taiyuan])]\n"",""stream"":""stdout"",""time"":""2025-06-06T09:22:27.544584633Z""}"
2025-06-06T09:22:27.544061602Z,1674984147544061602,33.33.33.82,ts-seat-service-5c95b49cff-tdsdz,server,9a0ea31a729c02d940e4625e5f9e84be,518f16cb5a448b86,"{""log"":""17:22:27.543 INFO  s.c.SeatController#57 TraceID: 9a0ea31a729c02d940e4625e5f9e84be SpanID: 518f16cb5a448b86 [getLeftTicketOfInterval][Get left ticket of interval][TravelDate: 2023-01-29,TrainNumber: Z1234,SeatType: 2]\n"",""stream"":""stdout"",""time"":""2025-06-06T09:22:27.544061602Z""}"
2025-06-06T09:22:27.697631731Z,1674984147697631731,33.33.33.80,ts-route-service-b6c59fb57-zv8dt,server,9a0ea31a729c02d940e4625e5f9e84be,19f4fcec9937087a,"{""log"":""17:22:27.696 INFO  r.c.RouteController#47 TraceID: 9a0ea31a729c02d940e4625e5f9e84be SpanID: 19f4fcec9937087a [getRouteById][Query route by id][RouteId: 0b23bd3e-876a-4af3-b920-c50a90c90b04]\n"",""stream"":""stdout"",""time"":""2025-06-06T09:22:27.697631731Z""}"
2025-06-06T09:22:27.450902724Z,1674984147450902724,33.33.33.80,ts-route-service-b6c59fb57-zv8dt,server,9a0ea31a729c02d940e4625e5f9e84be,b2e390743b713002,"{""log"":""17:22:27.450 INFO  r.c.RouteController#47 TraceID: 9a0ea31a729c02d940e4625e5f9e84be SpanID: b2e390743b713002 [getRouteById][Query route by id][RouteId: 0b23bd3e-876a-4af3-b920-c50a90c90b04]\n"",""stream"":""stdout"",""time"":""2025-06-06T09:22:27.450902724Z""}"
2025-06-06T09:22:27.718322705Z,1674984147718322705,33.33.33.79,ts-price-service-76846864d9-g465z,server,9a0ea31a729c02d940e4625e5f9e84be,7a9d83d19fd9b4b2,"{""log"":""17:22:27.717 INFO  p.s.PriceServiceImpl#71 TraceID: 9a0ea31a729c02d940e4625e5f9e84be SpanID: 7a9d83d19fd9b4b2 [findByRouteIdAndTrainType][Route: 0b23bd3e-876a-4af3-b920-c50a90c90b04 , Train Type: ZhiDa]\n"",""stream"":""stdout"",""time"":""2025-06-06T09:22:27.718322705Z""}"
2025-06-06T09:22:27.717900044Z,1674984147717900044,33.33.33.79,ts-price-service-76846864d9-g465z,server,9a0ea31a729c02d940e4625e5f9e84be,7a9d83d19fd9b4b2,"{""log"":""17:22:27.716 INFO  p.c.PriceController#39 TraceID: 9a0ea31a729c02d940e4625e5f9e84be SpanID: 7a9d83d19fd9b4b2 [findByRouteIdAndTrainType][Query price][RouteId: 0b23bd3e-876a-4af3-b920-c50a90c90b04, TrainType: ZhiDa]\n"",""stream"":""stdout"",""time"":""2025-06-06T09:22:27.717900044Z""}"
2025-06-06T09:22:27.527095628Z,1674984147527095628,33.33.33.79,ts-price-service-76846864d9-g465z,server,9a0ea31a729c02d940e4625e5f9e84be,e803ac5b9242a952,"{""log"":""17:22:27.526 INFO  p.s.PriceServiceImpl#71 TraceID: 9a0ea31a729c02d940e4625e5f9e84be SpanID: e803ac5b9242a952 [findByRouteIdAndTrainType][Route: 0b23bd3e-876a-4af3-b920-c50a90c90b04 , Train Type: ZhiDa]\n"",""stream"":""stdout"",""time"":""2025-06-06T09:22:27.527095628Z""}"
2025-06-06T09:22:27.526547818Z,1674984147526547818,33.33.33.79,ts-price-service-76846864d9-g465z,server,9a0ea31a729c02d940e4625e5f9e84be,e803ac5b9242a952,"{""log"":""17:22:27.524 INFO  p.c.PriceController#39 TraceID: 9a0ea31a729c02d940e4625e5f9e84be SpanID: e803ac5b9242a952 [findByRouteIdAndTrainType][Query price][RouteId: 0b23bd3e-876a-4af3-b920-c50a90c90b04, TrainType: ZhiDa]\n"",""stream"":""stdout"",""time"":""2025-06-06T09:22:27.526547818Z""}"
2025-06-06T09:22:27.780159835Z,1674984147780159835,33.33.33.116,ts-preserve-other-service-66646bdb5b-fw7x9,server,9a0ea31a729c02d940e4625e5f9e84be,1bf3f1403ddb15f1,"{""log"":""17:22:27.779 INFO  p.s.PreserveOtherServiceImpl#301 TraceID: 9a0ea31a729c02d940e4625e5f9e84be SpanID: 1bf3f1403ddb15f1 [getAccount][Cancel Order Service][Get Order By Id]\n"",""stream"":""stdout"",""time"":""2025-06-06T09:22:27.780159835Z""}"
2025-06-06T09:22:27.780038667Z,1674984147780038667,33.33.33.116,ts-preserve-other-service-66646bdb5b-fw7x9,server,9a0ea31a729c02d940e4625e5f9e84be,1bf3f1403ddb15f1,"{""log"":""17:22:27.779 INFO  p.s.PreserveOtherServiceImpl#239 TraceID: 9a0ea31a729c02d940e4625e5f9e84be SpanID: 1bf3f1403ddb15f1 [preserve][Step 7][Add Consign][Do not need to consign]\n"",""stream"":""stdout"",""time"":""2025-06-06T09:22:27.780038667Z""}"
2025-06-06T09:22:27.779921139Z,1674984147779921139,33.33.33.116,ts-preserve-other-service-66646bdb5b-fw7x9,server,9a0ea31a729c02d940e4625e5f9e84be,1bf3f1403ddb15f1,"{""log"":""17:22:27.779 INFO  p.s.PreserveOtherServiceImpl#208 TraceID: 9a0ea31a729c02d940e4625e5f9e84be SpanID: 1bf3f1403ddb15f1 [preserve][Step 6][Buy Food][Buy Food Success]\n"",""stream"":""stdout"",""time"":""2025-06-06T09:22:27.779921139Z""}"
2025-06-06T09:22:27.762638782Z,1674984147762638782,33.33.33.116,ts-preserve-other-service-66646bdb5b-fw7x9,server,9a0ea31a729c02d940e4625e5f9e84be,1bf3f1403ddb15f1,"{""log"":""17:22:27.762 INFO  p.s.PreserveOtherServiceImpl#409 TraceID: 9a0ea31a729c02d940e4625e5f9e84be SpanID: 1bf3f1403ddb15f1 [createFoodOrder][Preserve Service][Add Preserve food Order]\n"",""stream"":""stdout"",""time"":""2025-06-06T09:22:27.762638782Z""}"
2025-06-06T09:22:27.762502711Z,1674984147762502711,33.33.33.116,ts-preserve-other-service-66646bdb5b-fw7x9,server,9a0ea31a729c02d940e4625e5f9e84be,1bf3f1403ddb15f1,"{""log"":""17:22:27.762 INFO  p.s.PreserveOtherServiceImpl#183 TraceID: 9a0ea31a729c02d940e4625e5f9e84be SpanID: 1bf3f1403ddb15f1 [preserve][Step 5][Buy Assurance][Do not need to buy assurance]\n"",""stream"":""stdout"",""time"":""2025-06-06T09:22:27.762502711Z""}"
2025-06-06T09:22:27.762395218Z,1674984147762395218,33.33.33.116,ts-preserve-other-service-66646bdb5b-fw7x9,server,9a0ea31a729c02d940e4625e5f9e84be,1bf3f1403ddb15f1,"{""log"":""17:22:27.762 INFO  p.s.PreserveOtherServiceImpl#179 TraceID: 9a0ea31a729c02d940e4625e5f9e84be SpanID: 1bf3f1403ddb15f1 [preserve][Step 4][Do Order][Do Order Complete]\n"",""stream"":""stdout"",""time"":""2025-06-06T09:22:27.762395218Z""}"
2025-06-06T09:22:27.749099245Z,1674984147749099245,33.33.33.116,ts-preserve-other-service-66646bdb5b-fw7x9,server,9a0ea31a729c02d940e4625e5f9e84be,1bf3f1403ddb15f1,"{""log"":""17:22:27.748 INFO  p.s.PreserveOtherServiceImpl#393 TraceID: 9a0ea31a729c02d940e4625e5f9e84be SpanID: 1bf3f1403ddb15f1 [createOrder][Preserve Other Service][Get Contacts By Id]\n"",""stream"":""stdout"",""time"":""2025-06-06T09:22:27.749099245Z""}"
2025-06-06T09:22:27.748996299Z,1674984147748996299,33.33.33.116,ts-preserve-other-service-66646bdb5b-fw7x9,server,9a0ea31a729c02d940e4625e5f9e84be,1bf3f1403ddb15f1,"{""log"":""17:22:27.748 INFO  p.s.PreserveOtherServiceImpl#171 TraceID: 9a0ea31a729c02d940e4625e5f9e84be SpanID: 1bf3f1403ddb15f1 [preserve][Step 4][Do Order][Order Price][Price is: 122.49999999999999]\n"",""stream"":""stdout"",""time"":""2025-06-06T09:22:27.748996299Z""}"
2025-06-06T09:22:27.729577656Z,1674984147729577656,33.33.33.116,ts-preserve-other-service-66646bdb5b-fw7x9,server,9a0ea31a729c02d940e4625e5f9e84be,1bf3f1403ddb15f1,"{""log"":""17:22:27.729 INFO  p.s.PreserveOtherServiceImpl#145 TraceID: 9a0ea31a729c02d940e4625e5f9e84be SpanID: 1bf3f1403ddb15f1 [preserve][Step 4][Do Order][Travel Date][Date is: 2023-01-29]\n"",""stream"":""stdout"",""time"":""2025-06-06T09:22:27.729577656Z""}"
2025-06-06T09:22:27.630595019Z,1674984147630595019,33.33.33.116,ts-preserve-other-service-66646bdb5b-fw7x9,server,9a0ea31a729c02d940e4625e5f9e84be,1bf3f1403ddb15f1,"{""log"":""17:22:27.630 INFO  p.s.PreserveOtherServiceImpl#101 TraceID: 9a0ea31a729c02d940e4625e5f9e84be SpanID: 1bf3f1403ddb15f1 [preserve][Step 3][Check tickets num][Tickets Enough]\n"",""stream"":""stdout"",""time"":""2025-06-06T09:22:27.630595019Z""}"
2025-06-06T09:22:27.399759228Z,1674984147399759228,33.33.33.116,ts-preserve-other-service-66646bdb5b-fw7x9,server,9a0ea31a729c02d940e4625e5f9e84be,1bf3f1403ddb15f1,"{""log"":""17:22:27.399 INFO  p.s.PreserveOtherServiceImpl#363 TraceID: 9a0ea31a729c02d940e4625e5f9e84be SpanID: 1bf3f1403ddb15f1 [getTripAllDetailInformation][Preserve Other Service][Get Trip All Detail Information]\n"",""stream"":""stdout"",""time"":""2025-06-06T09:22:27.399759228Z""}"
2025-06-06T09:22:27.399647534Z,1674984147399647534,33.33.33.116,ts-preserve-other-service-66646bdb5b-fw7x9,server,9a0ea31a729c02d940e4625e5f9e84be,1bf3f1403ddb15f1,"{""log"":""17:22:27.399 INFO  p.s.PreserveOtherServiceImpl#78 TraceID: 9a0ea31a729c02d940e4625e5f9e84be SpanID: 1bf3f1403ddb15f1 [preserve][Step 3][Check tickets num][TripId: Z1234]\n"",""stream"":""stdout"",""time"":""2025-06-06T09:22:27.399647534Z""}"
2025-06-06T09:22:27.399522119Z,1674984147399522119,33.33.33.116,ts-preserve-other-service-66646bdb5b-fw7x9,server,9a0ea31a729c02d940e4625e5f9e84be,1bf3f1403ddb15f1,"{""log"":""17:22:27.399 INFO  p.s.PreserveOtherServiceImpl#68 TraceID: 9a0ea31a729c02d940e4625e5f9e84be SpanID: 1bf3f1403ddb15f1 [preserve][Step 2][Find contacts Complete][ContactsId: 415d1665-fbb2-4ec9-83f5-5ebe51dc1825]\n"",""stream"":""stdout"",""time"":""2025-06-06T09:22:27.399522119Z""}"
2025-06-06T09:22:27.3834139Z,1674984147383413900,33.33.33.116,ts-preserve-other-service-66646bdb5b-fw7x9,server,9a0ea31a729c02d940e4625e5f9e84be,1bf3f1403ddb15f1,"{""log"":""17:22:27.383 INFO  p.s.PreserveOtherServiceImpl#378 TraceID: 9a0ea31a729c02d940e4625e5f9e84be SpanID: 1bf3f1403ddb15f1 [getContactsById][Preserve Other Service][Get Contacts By Id is]\n"",""stream"":""stdout"",""time"":""2025-06-06T09:22:27.3834139Z""}"
2025-06-06T09:22:27.383288898Z,1674984147383288898,33.33.33.116,ts-preserve-other-service-66646bdb5b-fw7x9,server,9a0ea31a729c02d940e4625e5f9e84be,1bf3f1403ddb15f1,"{""log"":""17:22:27.382 INFO  p.s.PreserveOtherServiceImpl#58 TraceID: 9a0ea31a729c02d940e4625e5f9e84be SpanID: 1bf3f1403ddb15f1 [preserve][Step 1][Check Security Complete][AccountId: 4d2a46c7-71cb-4cf1-b5bb-b68406d9da6f]\n"",""stream"":""stdout"",""time"":""2025-06-06T09:22:27.383288898Z""}"
2025-06-06T09:22:27.210994699Z,1674984147210994699,33.33.33.116,ts-preserve-other-service-66646bdb5b-fw7x9,server,9a0ea31a729c02d940e4625e5f9e84be,1bf3f1403ddb15f1,"{""log"":""17:22:27.210 INFO  p.s.PreserveOtherServiceImpl#348 TraceID: 9a0ea31a729c02d940e4625e5f9e84be SpanID: 1bf3f1403ddb15f1 [checkSecurity][Preserve Other Service][Check Account Security]\n"",""stream"":""stdout"",""time"":""2025-06-06T09:22:27.210994699Z""}"
2025-06-06T09:22:27.21085102Z,1674984147210851020,33.33.33.116,ts-preserve-other-service-66646bdb5b-fw7x9,server,9a0ea31a729c02d940e4625e5f9e84be,1bf3f1403ddb15f1,"{""log"":""17:22:27.210 INFO  p.s.PreserveOtherServiceImpl#48 TraceID: 9a0ea31a729c02d940e4625e5f9e84be SpanID: 1bf3f1403ddb15f1 [preserve][Verify Login] Success\n"",""stream"":""stdout"",""time"":""2025-06-06T09:22:27.21085102Z""}"
2025-06-06T09:22:27.210672586Z,1674984147210672586,33.33.33.116,ts-preserve-other-service-66646bdb5b-fw7x9,server,9a0ea31a729c02d940e4625e5f9e84be,1bf3f1403ddb15f1,"{""log"":""17:22:27.210 INFO  p.c.PreserveOtherController#35 TraceID: 9a0ea31a729c02d940e4625e5f9e84be SpanID: 1bf3f1403ddb15f1 [preserve][Preserve Account order][from shanghai to nanjing at 2023-01-29]\n"",""stream"":""stdout"",""time"":""2025-06-06T09:22:27.210672586Z""}"
2025-06-06T09:22:27.229078369Z,1674984147229078369,33.33.33.76,ts-order-service-5b67c48447-mv5hb,server,9a0ea31a729c02d940e4625e5f9e84be,8c0533cc6da388b2,"{""log"":""17:22:27.228 INFO  o.c.OrderController#118 TraceID: 9a0ea31a729c02d940e4625e5f9e84be SpanID: 8c0533cc6da388b2 [checkSecurityAboutOrder][Security Info Get][AccountId:4d2a46c7-71cb-4cf1-b5bb-b68406d9da6f]\n"",""stream"":""stdout"",""time"":""2025-06-06T09:22:27.229078369Z""}"
2025-06-06T09:22:27.761356802Z,1674984147761356802,33.33.33.155,ts-order-other-service-6cdbf9b4cc-h7mqk,server,9a0ea31a729c02d940e4625e5f9e84be,c5ba7182ac07ef86,"{""log"":""17:22:27.761 INFO  o.s.OrderOtherServiceImpl#100 TraceID: 9a0ea31a729c02d940e4625e5f9e84be SpanID: c5ba7182ac07ef86 [create][Order Create Success][OrderId:b8e71dc9-528c-4462-8972-082c68495d89,Price: 122.49999999999999]\n"",""stream"":""stdout"",""time"":""2025-06-06T09:22:27.761356802Z""}"
2025-06-06T09:22:27.752973952Z,1674984147752973952,33.33.33.155,ts-order-other-service-6cdbf9b4cc-h7mqk,server,9a0ea31a729c02d940e4625e5f9e84be,c5ba7182ac07ef86,"{""log"":""17:22:27.752 INFO  o.s.OrderOtherServiceImpl#92 TraceID: 9a0ea31a729c02d940e4625e5f9e84be SpanID: c5ba7182ac07ef86 [create][Create Order][Ready Create Order]\n"",""stream"":""stdout"",""time"":""2025-06-06T09:22:27.752973952Z""}"
2025-06-06T09:22:27.752831857Z,1674984147752831857,33.33.33.155,ts-order-other-service-6cdbf9b4cc-h7mqk,server,9a0ea31a729c02d940e4625e5f9e84be,c5ba7182ac07ef86,"{""log"":""17:22:27.752 INFO  o.c.OrderOtherController#49 TraceID: 9a0ea31a729c02d940e4625e5f9e84be SpanID: c5ba7182ac07ef86 [create][Create Order][from shanghai to nanjing at 2023-01-29]\n"",""stream"":""stdout"",""time"":""2025-06-06T09:22:27.752831857Z""}"
2025-06-06T09:22:27.741837438Z,1674984147741837438,33.33.33.155,ts-order-other-service-6cdbf9b4cc-h7mqk,server,9a0ea31a729c02d940e4625e5f9e84be,895db1e0294679cb,"{""log"":""17:22:27.741 INFO  o.s.OrderOtherServiceImpl#67 TraceID: 9a0ea31a729c02d940e4625e5f9e84be SpanID: 895db1e0294679cb [getSoldTickets][Left ticket info][info is: LeftTicketInfo{soldTickets=[Ticket(seatNo=388817927, startStation=shanghai, destStation=nanjing), Ticket(seatNo=512319188, startStation=shanghai, destStation=nanjing), Ticket(seatNo=650950163, startStation=shanghai, destStation=nanjing), Ticket(seatNo=681456978, startStation=shanghai, destStation=nanjing), Ticket(seatNo=1278422345, startStation=shanghai, destStation=nanjing), Ticket(seatNo=113640569, startStation=shanghai, destStation=nanjing), Ticket(seatNo=1706091788, startStation=shanghai, destStation=nanjing), Ticket(seatNo=719931591, startStation=shanghai, destStation=nanjing), Ticket(seatNo=324348558, startStation=shanghai, destStation=nanjing), Ticket(seatNo=437134557, startStation=shanghai, destStation=nanjing), Ticket(seatNo=1180305654, startStation=shanghai, destStation=nanjing), Ticket(seatNo=218664224, startStation=shanghai, destStation=nanjing), Ticket(seatNo=1531256885, startStation=shanghai, destStation=nanjing), Ticket(seatNo=282865016, startStation=shanghai, destStation=nanjing), Ticket(seatNo=290573193, startStation=shanghai, destStation=nanjing), Ticket(seatNo=2091646075, startStation=shanghai, destStation=nanjing), Ticket(seatNo=1529246592, startStation=shanghai, destStation=nanjing), Ticket(seatNo=518358183, startStation=shanghai, destStation=nanjing), Ticket(seatNo=1578574107, startStation=shanghai, destStation=nanjing), Ticket(seatNo=864103707, startStation=shanghai, destStation=nanjing), Ticket(seatNo=1101722819, startStation=shanghai, destStation=nanjing), Ticket(seatNo=1110043211, startStation=shanghai, destStation=nanjing), Ticket(seatNo=2115304579, startStation=shanghai, destStation=nanjing), Ticket(seatNo=517895253, startStation=shanghai, destStation=nanjing), Ticket(seatNo=112374996, startStation=shanghai, destStation=nanjing), Ticket(seatNo=1222554072, startStation=shanghai, destStation=nanjing), Ticket(seatNo=1445221655, startStation=shanghai, destStation=nanjing), Ticket(seatNo=55335899, startStation=shanghai, destStation=nanjing), Ticket(seatNo=1402723531, startStation=shanghai, destStation=nanjing), Ticket(seatNo=520072209, startStation=shanghai, destStation=nanjing), Ticket(seatNo=1063924165, startStation=shanghai, destStation=nanjing), Ticket(seatNo=828062078, startStation=shanghai, destStation=nanjing), Ticket(seatNo=364950093, startStation=shanghai, destStation=nanjing), Ticket(seatNo=2090617881, startStation=shanghai, destStation=nanjing), Ticket(seatNo=1605189805, startStation=shanghai, destStation=nanjing), Ticket(seatNo=182083286, startStation=shanghai, destStation=nanjing), Ticket(seatNo=1956808479, startStation=shanghai, destStation=nanjing), Ticket(seatNo=1479771875, startStation=shanghai, destStation=nanjing), Ticket(seatNo=1340473816, startStation=shanghai, destStation=nanjing), Ticket(seatNo=2058528320, startStation=shanghai, destStation=nanjing), Ticket(seatNo=1862239339, startStation=shanghai, destStation=nanjing), Ticket(seatNo=756196424, startStation=shanghai, destStation=nanjing), Ticket(seatNo=1554210637, startStation=shanghai, destStation=nanjing), Ticket(seatNo=2131607583, startStation=shanghai, destStation=nanjing), Ticket(seatNo=1114945650, startStation=shanghai, destStation=nanjing), Ticket(seatNo=978840618, startStation=shanghai, destStation=nanjing), Ticket(seatNo=1696192204, startStation=shanghai, destStation=nanjing), Ticket(seatNo=159217444, startStation=shanghai, destStation=nanjing), Ticket(seatNo=1472397446, startStation=shanghai, destStation=nanjing), Ticket(seatNo=863762562, startStation=shanghai, destStation=nanjing), Ticket(seatNo=762240728, startStation=shanghai, destStation=nanjing), Ticket(seatNo=733090960, startStation=shanghai, destStation=nanjing), Ticket(seatNo=1385200790, startStation=shanghai, destStation=nanjing), Ticket(seatNo=1483334408, startStation=shanghai, destStation=nanjing), Ticket(seatNo=1230952670, startStation=shanghai, destStation=nanjing), Ticket(seatNo=1760486203, startStation=shanghai, destStation=nanjing), Ticket(seatNo=1631472666, startStation=shanghai, destStation=nanjing), Ticket(seatNo=882144838, startStation=shanghai, destStation=nanjing), Ticket(seatNo=210246843, startStation=shanghai, destStation=nanjing), Ticket(seatNo=427259238, startStation=shanghai, destStation=nanjing), Ticket(seatNo=1232572404, startStation=shanghai, destStation=nanjing), Ticket(seatNo=1304478712, startStation=shanghai, destStation=nanjing), Ticket(seatNo=2016232602, startStation=shanghai, destStation=nanjing), Ticket(seatNo=76670888, startStation=shanghai, destStation=nanjing), Ticket(seatNo=1754550335, startStation=shanghai, destStation=nanjing), Ticket(seatNo=1491838595, startStation=shanghai, destStation=nanjing), Ticket(seatNo=1330605393, startStation=shanghai, destStation=nanjing), Ticket(seatNo=226825480, startStation=shanghai, destStation=nanjing), Ticket(seatNo=1787175945, startStation=shanghai, destStation=nanjing), Ticket(seatNo=590443336, startStation=shanghai, destStation=nanjing), Ticket(seatNo=427944411, startStation=shanghai, destStation=nanjing), Ticket(seatNo=1638437656, startStation=shanghai, destStation=nanjing), Ticket(seatNo=1361381257, startStation=shanghai, destStation=nanjing), Ticket(seatNo=1482512162, startStation=shanghai, destStation=nanjing), Ticket(seatNo=400526011, startStation=shanghai, destStation=nanjing), Ticket(seatNo=1749342441, startStation=shanghai, destStation=nanjing), Ticket(seatNo=2117918027, startStation=shanghai, destStation=nanjing), Ticket(seatNo=654927142, startStation=shanghai, destStation=nanjing), Ticket(seatNo=1977897455, startStation=shanghai, destStation=nanjing), Ticket(seatNo=641977830, startStation=shanghai, destStation=nanjing), Ticket(seatNo=1021188806, startStation=shanghai, destStation=nanjing), Ticket(seatNo=1445935016, startStation=shanghai, destStation=nanjing), Ticket(seatNo=830548221, startStation=shanghai, destStation=nanjing), Ticket(seatNo=1655441840, startStation=shanghai, destStation=nanjing), Ticket(seatNo=678340688, startStation=shanghai, destStation=nanjing), Ticket(seatNo=1682320147, startStation=shanghai, destStation=nanjing), Ticket(seatNo=1195341149, startStation=shanghai, destStation=nanjing), Ticket(seatNo=973914808, startStation=shanghai, destStation=nanjing), Ticket(seatNo=1217764195, startStation=shanghai, destStation=nanjing), Ticket(seatNo=837692558, startStation=shanghai, destStation=nanjing), Ticket(seatNo=1203709814, startStation=shanghai, destStation=nanjing), Ticket(seatNo=984361044, startStation=shanghai, destStation=nanjing), Ticket(seatNo=675974723, startStation=shanghai, destStation=nanjing), Ticket(seatNo=1490992938, startStation=shanghai, destStation=nanjing), Ticket(seatNo=1201160931, startStation=shanghai, destStation=nanjing), Ticket(seatNo=1435884154, startStation=shanghai, destStation=nanjing), Ticket(seatNo=1297551695, startStation=shanghai, destStation=nanjing), Ticket(seatNo=1664074534, startStation=shanghai, destStation=nanjing), Ticket(seatNo=1921728155, startStation=shanghai, destStation=nanjing), Ticket(seatNo=1137714160, startStation=shanghai, destStation=nanjing), Ticket(seatNo=1988971469, startStation=shanghai, destStation=nanjing), Ticket(seatNo=1018160513, startStation=shanghai, destStation=nanjing), Ticket(seatNo=1550917166, startStation=shanghai, destStation=nanjing), Ticket(seatNo=1894695695, startStation=shanghai, destStation=nanjing), Ticket(seatNo=784843623, startStation=shanghai, destStation=nanjing), Ticket(seatNo=1932732784, startStation=shanghai, destStation=nanjing), Ticket(seatNo=1565956437, startStation=shanghai, destStation=nanjing), Ticket(seatNo=249855326, startStation=shanghai, destStation=nanjing), Ticket(seatNo=77833908, startStation=shanghai, destStation=nanjing), Ticket(seatNo=64395763, startStation=shanghai, destStation=nanjing), Ticket(seatNo=781572303, startStation=shanghai, destStation=nanjing), Ticket(seatNo=1060217224, startStation=shanghai, destStation=nanjing), Ticket(seatNo=210817532, startStation=shanghai, destStation=nanjing), Ticket(seatNo=1587135411, startStation=shanghai, destStation=nanjing), Ticket(seatNo=862437816, startStation=shanghai, destStation=nanjing), Ticket(seatNo=348991760, startStation=shanghai, destStation=nanjing), Ticket(seatNo=1479280287, startStation=shanghai, destStation=nanjing), Ticket(seatNo=349038530, startStation=shanghai, destStation=nanjing), Ticket(seatNo=90480773, startStation=shanghai, destStation=nanjing), Ticket(seatNo=1465059263, startStation=shanghai, destStation=nanjing), Ticket(seatNo=1498460243, startStation=shanghai, destStation=nanjing), Ticket(seatNo=671507041, startStation=shanghai, destStation=nanjing), Ticket(seatNo=965174800, startStation=shanghai, destStation=nanjing), Ticket(seatNo=1841324996, startStation=shanghai, destStation=nanjing), Ticket(seatNo=1248601454, startStation=shanghai, destStation=nanjing), Ticket(seatNo=1901083814, startStation=shanghai, destStation=nanjing), Ticket(seatNo=2077341681, startStation=shanghai, destStation=nanjing), Ticket(seatNo=1207577891, startStation=shanghai, destStation=nanjing), Ticket(seatNo=1454446323, startStation=shanghai, destStation=nanjing), Ticket(seatNo=234766556, startStation=shanghai, destStation=nanjing), Ticket(seatNo=1726109987, startStation=shanghai, destStation=nanjing), Ticket(seatNo=317002893, startStation=shanghai, destStation=nanjing), Ticket(seatNo=1499460332, startStation=shanghai, destStation=nanjing), Ticket(seatNo=267587626, startStation=shanghai, destStation=nanjing), Ticket(seatNo=747527520, startStation=shanghai, destStation=nanjing), Ticket(seatNo=207584255, startStation=shanghai, destStation=nanjing), Ticket(seatNo=636497848, startStation=shanghai, destStation=nanjing), Ticket(seatNo=134621623, startStation=shanghai, destStation=nanjing), Ticket(seatNo=1143973252, startStation=shanghai, destStation=nanjing), Ticket(seatNo=1285506393, startStation=shanghai, destStation=nanjing), Ticket(seatNo=1318597280, startStation=shanghai, destStation=nanjing), Ticket(seatNo=2109276771, startStation=shanghai, destStation=nanjing), Ticket(seatNo=746347294, startStation=shanghai, destStation=nanjing), Ticket(seatNo=1636266694, startStation=shanghai, destStation=nanjing), Ticket(seatNo=538009141, startStation=shanghai, destStation=nanjing), Ticket(seatNo=1944586976, startStation=shanghai, destStation=nanjing), Ticket(seatNo=1320680614, startStation=shanghai, destStation=nanjing), Ticket(seatNo=142490066, startStation=shanghai, destStation=nanjing), Ticket(seatNo=252466715, startStation=shanghai, destStation=nanjing), Ticket(seatNo=1806446874, startStation=shanghai, destStation=nanjing), Ticket(seatNo=1743761737, startStation=shanghai, destStation=nanjing), Ticket(seatNo=610439616, startStation=shanghai, destStation=nanjing), Ticket(seatNo=76166607, startStation=shanghai, destStation=nanjing), Ticket(seatNo=1265135696, startStation=shanghai, destStation=nanjing), Ticket(seatNo=1177274309, startStation=shanghai, destStation=nanjing), Ticket(seatNo=746628462, startStation=shanghai, destStation=nanjing), Ticket(seatNo=573722729, startStation=shanghai, destStation=nanjing), Ticket(seatNo=940056408, startStation=shanghai, destStation=nanjing), Ticket(seatNo=202317050, startStation=shanghai, destStation=nanjing), Ticket(seatNo=221602851, startStation=shanghai, destStation=nanjing), Ticket(seatNo=1431476535, startStation=shanghai, destStation=nanjing), Ticket(seatNo=606888208, startStation=shanghai, destStation=nanjing), Ticket(seatNo=813377677, startStation=shanghai, destStation=nanjing), Ticket(seatNo=1592122745, startStation=shanghai, destStation=nanjing), Ticket(seatNo=2128153780, startStation=shanghai, destStation=nanjing), Ticket(seatNo=568784077, startStation=shanghai, destStation=nanjing), Ticket(seatNo=990332202, startStation=shanghai, destStation=nanjing), Ticket(seatNo=1969469614, startStation=shanghai, destStation=nanjing), Ticket(seatNo=1456285444, startStation=shanghai, destStation=nanjing), Ticket(seatNo=1785859166, startStation=shanghai, destStation=nanjing)]}]\n"",""stream"":""stdout"",""time"":""2025-06-06T09:22:27.741837438Z""}"
2025-06-06T09:22:27.737616591Z,1674984147737616591,33.33.33.155,ts-order-other-service-6cdbf9b4cc-h7mqk,server,9a0ea31a729c02d940e4625e5f9e84be,895db1e0294679cb,"{""log"":""17:22:27.737 INFO  o.c.OrderOtherController#42 TraceID: 9a0ea31a729c02d940e4625e5f9e84be SpanID: 895db1e0294679cb [getSoldTickets][Get Sold Ticket][Travel Date: 2023-01-29]\n"",""stream"":""stdout"",""time"":""2025-06-06T09:22:27.737616591Z""}"
2025-06-06T09:22:27.601201625Z,1674984147601201625,33.33.33.155,ts-order-other-service-6cdbf9b4cc-h7mqk,server,9a0ea31a729c02d940e4625e5f9e84be,1104429be36867f9,"{""log"":""17:22:27.599 INFO  o.s.OrderOtherServiceImpl#67 TraceID: 9a0ea31a729c02d940e4625e5f9e84be SpanID: 1104429be36867f9 [getSoldTickets][Left ticket info][info is: LeftTicketInfo{soldTickets=[Ticket(seatNo=388817927, startStation=shanghai, destStation=nanjing), Ticket(seatNo=512319188, startStation=shanghai, destStation=nanjing), Ticket(seatNo=650950163, startStation=shanghai, destStation=nanjing), Ticket(seatNo=681456978, startStation=shanghai, destStation=nanjing), Ticket(seatNo=1278422345, startStation=shanghai, destStation=nanjing), Ticket(seatNo=113640569, startStation=shanghai, destStation=nanjing), Ticket(seatNo=1706091788, startStation=shanghai, destStation=nanjing), Ticket(seatNo=719931591, startStation=shanghai, destStation=nanjing), Ticket(seatNo=324348558, startStation=shanghai, destStation=nanjing), Ticket(seatNo=437134557, startStation=shanghai, destStation=nanjing), Ticket(seatNo=1180305654, startStation=shanghai, destStation=nanjing), Ticket(seatNo=218664224, startStation=shanghai, destStation=nanjing), Ticket(seatNo=1531256885, startStation=shanghai, destStation=nanjing), Ticket(seatNo=282865016, startStation=shanghai, destStation=nanjing), Ticket(seatNo=290573193, startStation=shanghai, destStation=nanjing), Ticket(seatNo=2091646075, startStation=shanghai, destStation=nanjing), Ticket(seatNo=1529246592, startStation=shanghai, destStation=nanjing), Ticket(seatNo=518358183, startStation=shanghai, destStation=nanjing), Ticket(seatNo=1578574107, startStation=shanghai, destStation=nanjing), Ticket(seatNo=864103707, startStation=shanghai, destStation=nanjing), Ticket(seatNo=1101722819, startStation=shanghai, destStation=nanjing), Ticket(seatNo=1110043211, startStation=shanghai, destStation=nanjing), Ticket(seatNo=2115304579, startStation=shanghai, destStation=nanjing), Ticket(seatNo=517895253, startStation=shanghai, destStation=nanjing), Ticket(seatNo=112374996, startStation=shanghai, destStation=nanjing), Ticket(seatNo=1222554072, startStation=shanghai, destStation=nanjing), Ticket(seatNo=1445221655, startStation=shanghai, destStation=nanjing), Ticket(seatNo=55335899, startStation=shanghai, destStation=nanjing), Ticket(seatNo=1402723531, startStation=shanghai, destStation=nanjing), Ticket(seatNo=520072209, startStation=shanghai, destStation=nanjing), Ticket(seatNo=1063924165, startStation=shanghai, destStation=nanjing), Ticket(seatNo=828062078, startStation=shanghai, destStation=nanjing), Ticket(seatNo=364950093, startStation=shanghai, destStation=nanjing), Ticket(seatNo=2090617881, startStation=shanghai, destStation=nanjing), Ticket(seatNo=1605189805, startStation=shanghai, destStation=nanjing), Ticket(seatNo=182083286, startStation=shanghai, destStation=nanjing), Ticket(seatNo=1956808479, startStation=shanghai, destStation=nanjing), Ticket(seatNo=1479771875, startStation=shanghai, destStation=nanjing), Ticket(seatNo=1340473816, startStation=shanghai, destStation=nanjing), Ticket(seatNo=2058528320, startStation=shanghai, destStation=nanjing), Ticket(seatNo=1862239339, startStation=shanghai, destStation=nanjing), Ticket(seatNo=756196424, startStation=shanghai, destStation=nanjing), Ticket(seatNo=1554210637, startStation=shanghai, destStation=nanjing), Ticket(seatNo=2131607583, startStation=shanghai, destStation=nanjing), Ticket(seatNo=1114945650, startStation=shanghai, destStation=nanjing), Ticket(seatNo=978840618, startStation=shanghai, destStation=nanjing), Ticket(seatNo=1696192204, startStation=shanghai, destStation=nanjing), Ticket(seatNo=159217444, startStation=shanghai, destStation=nanjing), Ticket(seatNo=1472397446, startStation=shanghai, destStation=nanjing), Ticket(seatNo=863762562, startStation=shanghai, destStation=nanjing), Ticket(seatNo=762240728, startStation=shanghai, destStation=nanjing), Ticket(seatNo=733090960, startStation=shanghai, destStation=nanjing), Ticket(seatNo=1385200790, startStation=shanghai, destStation=nanjing), Ticket(seatNo=1483334408, startStation=shanghai, destStation=nanjing), Ticket(seatNo=1230952670, startStation=shanghai, destStation=nanjing), Ticket(seatNo=1760486203, startStation=shanghai, destStation=nanjing), Ticket(seatNo=1631472666, startStation=shanghai, destStation=nanjing), Ticket(seatNo=882144838, startStation=shanghai, destStation=nanjing), Ticket(seatNo=210246843, startStation=shanghai, destStation=nanjing), Ticket(seatNo=427259238, startStation=shanghai, destStation=nanjing), Ticket(seatNo=1232572404, startStation=shanghai, destStation=nanjing), Ticket(seatNo=1304478712, startStation=shanghai, destStation=nanjing), Ticket(seatNo=2016232602, startStation=shanghai, destStation=nanjing), Ticket(seatNo=76670888, startStation=shanghai, destStation=nanjing), Ticket(seatNo=1754550335, startStation=shanghai, destStation=nanjing), Ticket(seatNo=1491838595, startStation=shanghai, destStation=nanjing), Ticket(seatNo=1330605393, startStation=shanghai, destStation=nanjing), Ticket(seatNo=226825480, startStation=shanghai, destStation=nanjing), Ticket(seatNo=1787175945, startStation=shanghai, destStation=nanjing), Ticket(seatNo=590443336, startStation=shanghai, destStation=nanjing), Ticket(seatNo=427944411, startStation=shanghai, destStation=nanjing), Ticket(seatNo=1638437656, startStation=shanghai, destStation=nanjing), Ticket(seatNo=1361381257, startStation=shanghai, destStation=nanjing), Ticket(seatNo=1482512162, startStation=shanghai, destStation=nanjing), Ticket(seatNo=400526011, startStation=shanghai, destStation=nanjing), Ticket(seatNo=1749342441, startStation=shanghai, destStation=nanjing), Ticket(seatNo=2117918027, startStation=shanghai, destStation=nanjing), Ticket(seatNo=654927142, startStation=shanghai, destStation=nanjing), Ticket(seatNo=1977897455, startStation=shanghai, destStation=nanjing), Ticket(seatNo=641977830, startStation=shanghai, destStation=nanjing), Ticket(seatNo=1021188806, startStation=shanghai, destStation=nanjing), Ticket(seatNo=1445935016, startStation=shanghai, destStation=nanjing), Ticket(seatNo=830548221, startStation=shanghai, destStation=nanjing), Ticket(seatNo=1655441840, startStation=shanghai, destStation=nanjing), Ticket(seatNo=678340688, startStation=shanghai, destStation=nanjing), Ticket(seatNo=1682320147, startStation=shanghai, destStation=nanjing), Ticket(seatNo=1195341149, startStation=shanghai, destStation=nanjing), Ticket(seatNo=973914808, startStation=shanghai, destStation=nanjing), Ticket(seatNo=1217764195, startStation=shanghai, destStation=nanjing), Ticket(seatNo=837692558, startStation=shanghai, destStation=nanjing), Ticket(seatNo=1203709814, startStation=shanghai, destStation=nanjing), Ticket(seatNo=984361044, startStation=shanghai, destStation=nanjing), Ticket(seatNo=675974723, startStation=shanghai, destStation=nanjing), Ticket(seatNo=1490992938, startStation=shanghai, destStation=nanjing), Ticket(seatNo=1201160931, startStation=shanghai, destStation=nanjing), Ticket(seatNo=1435884154, startStation=shanghai, destStation=nanjing), Ticket(seatNo=1297551695, startStation=shanghai, destStation=nanjing), Ticket(seatNo=1664074534, startStation=shanghai, destStation=nanjing), Ticket(seatNo=1921728155, startStation=shanghai, destStation=nanjing), Ticket(seatNo=1137714160, startStation=shanghai, destStation=nanjing), Ticket(seatNo=1988971469, startStation=shanghai, destStation=nanjing), Ticket(seatNo=1018160513, startStation=shanghai, destStation=nanjing), Ticket(seatNo=1550917166, startStation=shanghai, destStation=nanjing), Ticket(seatNo=1894695695, startStation=shanghai, destStation=nanjing), Ticket(seatNo=784843623, startStation=shanghai, destStation=nanjing), Ticket(seatNo=1932732784, startStation=shanghai, destStation=nanjing), Ticket(seatNo=1565956437, startStation=shanghai, destStation=nanjing), Ticket(seatNo=249855326, startStation=shanghai, destStation=nanjing), Ticket(seatNo=77833908, startStation=shanghai, destStation=nanjing), Ticket(seatNo=64395763, startStation=shanghai, destStation=nanjing), Ticket(seatNo=781572303, startStation=shanghai, destStation=nanjing), Ticket(seatNo=1060217224, startStation=shanghai, destStation=nanjing), Ticket(seatNo=210817532, startStation=shanghai, destStation=nanjing), Ticket(seatNo=1587135411, startStation=shanghai, destStation=nanjing), Ticket(seatNo=862437816, startStation=shanghai, destStation=nanjing), Ticket(seatNo=348991760, startStation=shanghai, destStation=nanjing), Ticket(seatNo=1479280287, startStation=shanghai, destStation=nanjing), Ticket(seatNo=349038530, startStation=shanghai, destStation=nanjing), Ticket(seatNo=90480773, startStation=shanghai, destStation=nanjing), Ticket(seatNo=1465059263, startStation=shanghai, destStation=nanjing), Ticket(seatNo=1498460243, startStation=shanghai, destStation=nanjing), Ticket(seatNo=671507041, startStation=shanghai, destStation=nanjing), Ticket(seatNo=965174800, startStation=shanghai, destStation=nanjing), Ticket(seatNo=1841324996, startStation=shanghai, destStation=nanjing), Ticket(seatNo=1248601454, startStation=shanghai, destStation=nanjing), Ticket(seatNo=1901083814, startStation=shanghai, destStation=nanjing), Ticket(seatNo=2077341681, startStation=shanghai, destStation=nanjing), Ticket(seatNo=1207577891, startStation=shanghai, destStation=nanjing), Ticket(seatNo=1454446323, startStation=shanghai, destStation=nanjing), Ticket(seatNo=234766556, startStation=shanghai, destStation=nanjing), Ticket(seatNo=1726109987, startStation=shanghai, destStation=nanjing), Ticket(seatNo=317002893, startStation=shanghai, destStation=nanjing), Ticket(seatNo=1499460332, startStation=shanghai, destStation=nanjing), Ticket(seatNo=267587626, startStation=shanghai, destStation=nanjing), Ticket(seatNo=747527520, startStation=shanghai, destStation=nanjing), Ticket(seatNo=207584255, startStation=shanghai, destStation=nanjing), Ticket(seatNo=636497848, startStation=shanghai, destStation=nanjing), Ticket(seatNo=134621623, startStation=shanghai, destStation=nanjing), Ticket(seatNo=1143973252, startStation=shanghai, destStation=nanjing), Ticket(seatNo=1285506393, startStation=shanghai, destStation=nanjing), Ticket(seatNo=1318597280, startStation=shanghai, destStation=nanjing), Ticket(seatNo=2109276771, startStation=shanghai, destStation=nanjing), Ticket(seatNo=746347294, startStation=shanghai, destStation=nanjing), Ticket(seatNo=1636266694, startStation=shanghai, destStation=nanjing), Ticket(seatNo=538009141, startStation=shanghai, destStation=nanjing), Ticket(seatNo=1944586976, startStation=shanghai, destStation=nanjing), Ticket(seatNo=1320680614, startStation=shanghai, destStation=nanjing), Ticket(seatNo=142490066, startStation=shanghai, destStation=nanjing), Ticket(seatNo=252466715, startStation=shanghai, destStation=nanjing), Ticket(seatNo=1806446874, startStation=shanghai, destStation=nanjing), Ticket(seatNo=1743761737, startStation=shanghai, destStation=nanjing), Ticket(seatNo=610439616, startStation=shanghai, destStation=nanjing), Ticket(seatNo=76166607, startStation=shanghai, destStation=nanjing), Ticket(seatNo=1265135696, startStation=shanghai, destStation=nanjing), Ticket(seatNo=1177274309, startStation=shanghai, destStation=nanjing), Ticket(seatNo=746628462, startStation=shanghai, destStation=nanjing), Ticket(seatNo=573722729, startStation=shanghai, destStation=nanjing), Ticket(seatNo=940056408, startStation=shanghai, destStation=nanjing), Ticket(seatNo=202317050, startStation=shanghai, destStation=nanjing), Ticket(seatNo=221602851, startStation=shanghai, destStation=nanjing), Ticket(seatNo=1431476535, startStation=shanghai, destStation=nanjing), Ticket(seatNo=606888208, startStation=shanghai, destStation=nanjing), Ticket(seatNo=813377677, startStation=shanghai, destStation=nanjing), Ticket(seatNo=1592122745, startStation=shanghai, destStation=nanjing), Ticket(seatNo=2128153780, startStation=shanghai, destStation=nanjing), Ticket(seatNo=568784077, startStation=shanghai, destStation=nanjing), Ticket(seatNo=990332202, startStation=shanghai, destStation=nanjing), Ticket(seatNo=1969469614, startStation=shanghai, destStation=nanjing), Ticket(seatNo=1456285444, startStation=shanghai, destStation=nanjing), Ticket(seatNo=1785859166, startStation=shanghai, destStation=nanjing)]}]\n"",""stream"":""stdout"",""time"":""2025-06-06T09:22:27.601201625Z""}"
2025-06-06T09:22:27.586627348Z,1674984147586627348,33.33.33.155,ts-order-other-service-6cdbf9b4cc-h7mqk,server,9a0ea31a729c02d940e4625e5f9e84be,1104429be36867f9,"{""log"":""17:22:27.586 INFO  o.c.OrderOtherController#42 TraceID: 9a0ea31a729c02d940e4625e5f9e84be SpanID: 1104429be36867f9 [getSoldTickets][Get Sold Ticket][Travel Date: 2023-01-29]\n"",""stream"":""stdout"",""time"":""2025-06-06T09:22:27.586627348Z""}"
2025-06-06T09:22:27.552657537Z,1674984147552657537,33.33.33.155,ts-order-other-service-6cdbf9b4cc-h7mqk,server,9a0ea31a729c02d940e4625e5f9e84be,4448ee834a93f0cc,"{""log"":""17:22:27.552 INFO  o.s.OrderOtherServiceImpl#67 TraceID: 9a0ea31a729c02d940e4625e5f9e84be SpanID: 4448ee834a93f0cc [getSoldTickets][Left ticket info][info is: LeftTicketInfo{soldTickets=[Ticket(seatNo=388817927, startStation=shanghai, destStation=nanjing), Ticket(seatNo=512319188, startStation=shanghai, destStation=nanjing), Ticket(seatNo=650950163, startStation=shanghai, destStation=nanjing), Ticket(seatNo=681456978, startStation=shanghai, destStation=nanjing), Ticket(seatNo=1278422345, startStation=shanghai, destStation=nanjing), Ticket(seatNo=113640569, startStation=shanghai, destStation=nanjing), Ticket(seatNo=1706091788, startStation=shanghai, destStation=nanjing), Ticket(seatNo=719931591, startStation=shanghai, destStation=nanjing), Ticket(seatNo=324348558, startStation=shanghai, destStation=nanjing), Ticket(seatNo=437134557, startStation=shanghai, destStation=nanjing), Ticket(seatNo=1180305654, startStation=shanghai, destStation=nanjing), Ticket(seatNo=218664224, startStation=shanghai, destStation=nanjing), Ticket(seatNo=1531256885, startStation=shanghai, destStation=nanjing), Ticket(seatNo=282865016, startStation=shanghai, destStation=nanjing), Ticket(seatNo=290573193, startStation=shanghai, destStation=nanjing), Ticket(seatNo=2091646075, startStation=shanghai, destStation=nanjing), Ticket(seatNo=1529246592, startStation=shanghai, destStation=nanjing), Ticket(seatNo=518358183, startStation=shanghai, destStation=nanjing), Ticket(seatNo=1578574107, startStation=shanghai, destStation=nanjing), Ticket(seatNo=864103707, startStation=shanghai, destStation=nanjing), Ticket(seatNo=1101722819, startStation=shanghai, destStation=nanjing), Ticket(seatNo=1110043211, startStation=shanghai, destStation=nanjing), Ticket(seatNo=2115304579, startStation=shanghai, destStation=nanjing), Ticket(seatNo=517895253, startStation=shanghai, destStation=nanjing), Ticket(seatNo=112374996, startStation=shanghai, destStation=nanjing), Ticket(seatNo=1222554072, startStation=shanghai, destStation=nanjing), Ticket(seatNo=1445221655, startStation=shanghai, destStation=nanjing), Ticket(seatNo=55335899, startStation=shanghai, destStation=nanjing), Ticket(seatNo=1402723531, startStation=shanghai, destStation=nanjing), Ticket(seatNo=520072209, startStation=shanghai, destStation=nanjing), Ticket(seatNo=1063924165, startStation=shanghai, destStation=nanjing), Ticket(seatNo=828062078, startStation=shanghai, destStation=nanjing), Ticket(seatNo=364950093, startStation=shanghai, destStation=nanjing), Ticket(seatNo=2090617881, startStation=shanghai, destStation=nanjing), Ticket(seatNo=1605189805, startStation=shanghai, destStation=nanjing), Ticket(seatNo=182083286, startStation=shanghai, destStation=nanjing), Ticket(seatNo=1956808479, startStation=shanghai, destStation=nanjing), Ticket(seatNo=1479771875, startStation=shanghai, destStation=nanjing), Ticket(seatNo=1340473816, startStation=shanghai, destStation=nanjing), Ticket(seatNo=2058528320, startStation=shanghai, destStation=nanjing), Ticket(seatNo=1862239339, startStation=shanghai, destStation=nanjing), Ticket(seatNo=756196424, startStation=shanghai, destStation=nanjing), Ticket(seatNo=1554210637, startStation=shanghai, destStation=nanjing), Ticket(seatNo=2131607583, startStation=shanghai, destStation=nanjing), Ticket(seatNo=1114945650, startStation=shanghai, destStation=nanjing), Ticket(seatNo=978840618, startStation=shanghai, destStation=nanjing), Ticket(seatNo=1696192204, startStation=shanghai, destStation=nanjing), Ticket(seatNo=159217444, startStation=shanghai, destStation=nanjing), Ticket(seatNo=1472397446, startStation=shanghai, destStation=nanjing), Ticket(seatNo=863762562, startStation=shanghai, destStation=nanjing), Ticket(seatNo=762240728, startStation=shanghai, destStation=nanjing), Ticket(seatNo=733090960, startStation=shanghai, destStation=nanjing), Ticket(seatNo=1385200790, startStation=shanghai, destStation=nanjing), Ticket(seatNo=1483334408, startStation=shanghai, destStation=nanjing), Ticket(seatNo=1230952670, startStation=shanghai, destStation=nanjing), Ticket(seatNo=1760486203, startStation=shanghai, destStation=nanjing), Ticket(seatNo=1631472666, startStation=shanghai, destStation=nanjing), Ticket(seatNo=882144838, startStation=shanghai, destStation=nanjing), Ticket(seatNo=210246843, startStation=shanghai, destStation=nanjing), Ticket(seatNo=427259238, startStation=shanghai, destStation=nanjing), Ticket(seatNo=1232572404, startStation=shanghai, destStation=nanjing), Ticket(seatNo=1304478712, startStation=shanghai, destStation=nanjing), Ticket(seatNo=2016232602, startStation=shanghai, destStation=nanjing), Ticket(seatNo=76670888, startStation=shanghai, destStation=nanjing), Ticket(seatNo=1754550335, startStation=shanghai, destStation=nanjing), Ticket(seatNo=1491838595, startStation=shanghai, destStation=nanjing), Ticket(seatNo=1330605393, startStation=shanghai, destStation=nanjing), Ticket(seatNo=226825480, startStation=shanghai, destStation=nanjing), Ticket(seatNo=1787175945, startStation=shanghai, destStation=nanjing), Ticket(seatNo=590443336, startStation=shanghai, destStation=nanjing), Ticket(seatNo=427944411, startStation=shanghai, destStation=nanjing), Ticket(seatNo=1638437656, startStation=shanghai, destStation=nanjing), Ticket(seatNo=1361381257, startStation=shanghai, destStation=nanjing), Ticket(seatNo=1482512162, startStation=shanghai, destStation=nanjing), Ticket(seatNo=400526011, startStation=shanghai, destStation=nanjing), Ticket(seatNo=1749342441, startStation=shanghai, destStation=nanjing), Ticket(seatNo=2117918027, startStation=shanghai, destStation=nanjing), Ticket(seatNo=654927142, startStation=shanghai, destStation=nanjing), Ticket(seatNo=1977897455, startStation=shanghai, destStation=nanjing), Ticket(seatNo=641977830, startStation=shanghai, destStation=nanjing), Ticket(seatNo=1021188806, startStation=shanghai, destStation=nanjing), Ticket(seatNo=1445935016, startStation=shanghai, destStation=nanjing), Ticket(seatNo=830548221, startStation=shanghai, destStation=nanjing), Ticket(seatNo=1655441840, startStation=shanghai, destStation=nanjing), Ticket(seatNo=678340688, startStation=shanghai, destStation=nanjing), Ticket(seatNo=1682320147, startStation=shanghai, destStation=nanjing), Ticket(seatNo=1195341149, startStation=shanghai, destStation=nanjing), Ticket(seatNo=973914808, startStation=shanghai, destStation=nanjing), Ticket(seatNo=1217764195, startStation=shanghai, destStation=nanjing), Ticket(seatNo=837692558, startStation=shanghai, destStation=nanjing), Ticket(seatNo=1203709814, startStation=shanghai, destStation=nanjing), Ticket(seatNo=984361044, startStation=shanghai, destStation=nanjing), Ticket(seatNo=675974723, startStation=shanghai, destStation=nanjing), Ticket(seatNo=1490992938, startStation=shanghai, destStation=nanjing), Ticket(seatNo=1201160931, startStation=shanghai, destStation=nanjing), Ticket(seatNo=1435884154, startStation=shanghai, destStation=nanjing), Ticket(seatNo=1297551695, startStation=shanghai, destStation=nanjing), Ticket(seatNo=1664074534, startStation=shanghai, destStation=nanjing), Ticket(seatNo=1921728155, startStation=shanghai, destStation=nanjing), Ticket(seatNo=1137714160, startStation=shanghai, destStation=nanjing), Ticket(seatNo=1988971469, startStation=shanghai, destStation=nanjing), Ticket(seatNo=1018160513, startStation=shanghai, destStation=nanjing), Ticket(seatNo=1550917166, startStation=shanghai, destStation=nanjing), Ticket(seatNo=1894695695, startStation=shanghai, destStation=nanjing), Ticket(seatNo=784843623, startStation=shanghai, destStation=nanjing), Ticket(seatNo=1932732784, startStation=shanghai, destStation=nanjing), Ticket(seatNo=1565956437, startStation=shanghai, destStation=nanjing), Ticket(seatNo=249855326, startStation=shanghai, destStation=nanjing), Ticket(seatNo=77833908, startStation=shanghai, destStation=nanjing), Ticket(seatNo=64395763, startStation=shanghai, destStation=nanjing), Ticket(seatNo=781572303, startStation=shanghai, destStation=nanjing), Ticket(seatNo=1060217224, startStation=shanghai, destStation=nanjing), Ticket(seatNo=210817532, startStation=shanghai, destStation=nanjing), Ticket(seatNo=1587135411, startStation=shanghai, destStation=nanjing), Ticket(seatNo=862437816, startStation=shanghai, destStation=nanjing), Ticket(seatNo=348991760, startStation=shanghai, destStation=nanjing), Ticket(seatNo=1479280287, startStation=shanghai, destStation=nanjing), Ticket(seatNo=349038530, startStation=shanghai, destStation=nanjing), Ticket(seatNo=90480773, startStation=shanghai, destStation=nanjing), Ticket(seatNo=1465059263, startStation=shanghai, destStation=nanjing), Ticket(seatNo=1498460243, startStation=shanghai, destStation=nanjing), Ticket(seatNo=671507041, startStation=shanghai, destStation=nanjing), Ticket(seatNo=965174800, startStation=shanghai, destStation=nanjing), Ticket(seatNo=1841324996, startStation=shanghai, destStation=nanjing), Ticket(seatNo=1248601454, startStation=shanghai, destStation=nanjing), Ticket(seatNo=1901083814, startStation=shanghai, destStation=nanjing), Ticket(seatNo=2077341681, startStation=shanghai, destStation=nanjing), Ticket(seatNo=1207577891, startStation=shanghai, destStation=nanjing), Ticket(seatNo=1454446323, startStation=shanghai, destStation=nanjing), Ticket(seatNo=234766556, startStation=shanghai, destStation=nanjing), Ticket(seatNo=1726109987, startStation=shanghai, destStation=nanjing), Ticket(seatNo=317002893, startStation=shanghai, destStation=nanjing), Ticket(seatNo=1499460332, startStation=shanghai, destStation=nanjing), Ticket(seatNo=267587626, startStation=shanghai, destStation=nanjing), Ticket(seatNo=747527520, startStation=shanghai, destStation=nanjing), Ticket(seatNo=207584255, startStation=shanghai, destStation=nanjing), Ticket(seatNo=636497848, startStation=shanghai, destStation=nanjing), Ticket(seatNo=134621623, startStation=shanghai, destStation=nanjing), Ticket(seatNo=1143973252, startStation=shanghai, destStation=nanjing), Ticket(seatNo=1285506393, startStation=shanghai, destStation=nanjing), Ticket(seatNo=1318597280, startStation=shanghai, destStation=nanjing), Ticket(seatNo=2109276771, startStation=shanghai, destStation=nanjing), Ticket(seatNo=746347294, startStation=shanghai, destStation=nanjing), Ticket(seatNo=1636266694, startStation=shanghai, destStation=nanjing), Ticket(seatNo=538009141, startStation=shanghai, destStation=nanjing), Ticket(seatNo=1944586976, startStation=shanghai, destStation=nanjing), Ticket(seatNo=1320680614, startStation=shanghai, destStation=nanjing), Ticket(seatNo=142490066, startStation=shanghai, destStation=nanjing), Ticket(seatNo=252466715, startStation=shanghai, destStation=nanjing), Ticket(seatNo=1806446874, startStation=shanghai, destStation=nanjing), Ticket(seatNo=1743761737, startStation=shanghai, destStation=nanjing), Ticket(seatNo=610439616, startStation=shanghai, destStation=nanjing), Ticket(seatNo=76166607, startStation=shanghai, destStation=nanjing), Ticket(seatNo=1265135696, startStation=shanghai, destStation=nanjing), Ticket(seatNo=1177274309, startStation=shanghai, destStation=nanjing), Ticket(seatNo=746628462, startStation=shanghai, destStation=nanjing), Ticket(seatNo=573722729, startStation=shanghai, destStation=nanjing), Ticket(seatNo=940056408, startStation=shanghai, destStation=nanjing), Ticket(seatNo=202317050, startStation=shanghai, destStation=nanjing), Ticket(seatNo=221602851, startStation=shanghai, destStation=nanjing), Ticket(seatNo=1431476535, startStation=shanghai, destStation=nanjing), Ticket(seatNo=606888208, startStation=shanghai, destStation=nanjing), Ticket(seatNo=813377677, startStation=shanghai, destStation=nanjing), Ticket(seatNo=1592122745, startStation=shanghai, destStation=nanjing), Ticket(seatNo=2128153780, startStation=shanghai, destStation=nanjing), Ticket(seatNo=568784077, startStation=shanghai, destStation=nanjing), Ticket(seatNo=990332202, startStation=shanghai, destStation=nanjing), Ticket(seatNo=1969469614, startStation=shanghai, destStation=nanjing), Ticket(seatNo=1456285444, startStation=shanghai, destStation=nanjing), Ticket(seatNo=1785859166, startStation=shanghai, destStation=nanjing)]}]\n"",""stream"":""stdout"",""time"":""2025-06-06T09:22:27.552657537Z""}"
2025-06-06T09:22:27.548157983Z,1674984147548157983,33.33.33.155,ts-order-other-service-6cdbf9b4cc-h7mqk,server,9a0ea31a729c02d940e4625e5f9e84be,4448ee834a93f0cc,"{""log"":""17:22:27.547 INFO  o.c.OrderOtherController#42 TraceID: 9a0ea31a729c02d940e4625e5f9e84be SpanID: 4448ee834a93f0cc [getSoldTickets][Get Sold Ticket][Travel Date: 2023-01-29]\n"",""stream"":""stdout"",""time"":""2025-06-06T09:22:27.548157983Z""}"
2025-06-06T09:22:27.373536003Z,1674984147373536003,33.33.33.155,ts-order-other-service-6cdbf9b4cc-h7mqk,server,9a0ea31a729c02d940e4625e5f9e84be,7643ab5b71d83718,"{""log"":""17:22:27.373 INFO  o.c.OrderOtherController#118 TraceID: 9a0ea31a729c02d940e4625e5f9e84be SpanID: 7643ab5b71d83718 [checkSecurityAboutOrder][Security Info Get][CheckDate:Sun Jan 29 17:22:27 CST 2023 , AccountId:4d2a46c7-71cb-4cf1-b5bb-b68406d9da6f]\n"",""stream"":""stdout"",""time"":""2025-06-06T09:22:27.373536003Z""}"
2025-06-06T09:22:27.778164912Z,1674984147778164912,33.33.33.155,ts-food-service-f5756978c-k8vqf,server,9a0ea31a729c02d940e4625e5f9e84be,e3829e0b0efc1e8d,"{""log"":""17:22:27.777 INFO  f.s.FoodServiceImpl#143 TraceID: 9a0ea31a729c02d940e4625e5f9e84be SpanID: e3829e0b0efc1e8d [createFoodOrder][AddFoodOrder][delivery info send to mq][delivery info: {\""orderId\"":\""b8e71dc9-528c-4462-8972-082c68495d89\"",\""foodName\"":\""Soup\"",\""storeName\"":\""Roman Holiday\"",\""stationName\"":\""Su Zhou\""}]\n"",""stream"":""stdout"",""time"":""2025-06-06T09:22:27.778164912Z""}"
2025-06-06T09:22:27.777494132Z,1674984147777494132,33.33.33.155,ts-food-service-f5756978c-k8vqf,server,9a0ea31a729c02d940e4625e5f9e84be,e3829e0b0efc1e8d,"{""log"":""17:22:27.777 INFO  f.mq.RabbitSend#20 TraceID: 9a0ea31a729c02d940e4625e5f9e84be SpanID: e3829e0b0efc1e8d Send info to mq:{\""orderId\"":\""b8e71dc9-528c-4462-8972-082c68495d89\"",\""foodName\"":\""Soup\"",\""storeName\"":\""Roman Holiday\"",\""stationName\"":\""Su Zhou\""}\n"",""stream"":""stdout"",""time"":""2025-06-06T09:22:27.777494132Z""}"
2025-06-06T09:22:27.776451483Z,1674984147776451483,33.33.33.155,ts-food-service-f5756978c-k8vqf,server,9a0ea31a729c02d940e4625e5f9e84be,e3829e0b0efc1e8d,"{""log"":""17:22:27.776 INFO  f.s.FoodServiceImpl#132 TraceID: 9a0ea31a729c02d940e4625e5f9e84be SpanID: e3829e0b0efc1e8d [createFoodOrder][AddFoodOrder Success]\n"",""stream"":""stdout"",""time"":""2025-06-06T09:22:27.776451483Z""}"
2025-06-06T09:22:27.767514184Z,1674984147767514184,33.33.33.155,ts-food-service-f5756978c-k8vqf,server,9a0ea31a729c02d940e4625e5f9e84be,e3829e0b0efc1e8d,"{""log"":""17:22:27.767 INFO  f.c.FoodController#58 TraceID: 9a0ea31a729c02d940e4625e5f9e84be SpanID: e3829e0b0efc1e8d [createFoodOrder][Try to Create a FoodOrder!]\n"",""stream"":""stdout"",""time"":""2025-06-06T09:22:27.767514184Z""}"
2025-06-06T09:22:27.804403264Z,1674984147804403264,33.33.33.76,ts-delivery-service-7d97b69596-lmsfv,server,9a0ea31a729c02d940e4625e5f9e84be,ccfe5f7d9ab3cc69,"{""log"":""17:22:27.804 INFO  d.m.RabbitReceive#52 TraceID: 9a0ea31a729c02d940e4625e5f9e84be SpanID: ccfe5f7d9ab3cc69 [process][Save delivery object into database success]\n"",""stream"":""stdout"",""time"":""2025-06-06T09:22:27.804403264Z""}"
2025-06-06T09:22:27.784112143Z,1674984147784112143,33.33.33.76,ts-delivery-service-7d97b69596-lmsfv,server,9a0ea31a729c02d940e4625e5f9e84be,ccfe5f7d9ab3cc69,"{""log"":""17:22:27.783 INFO  d.m.RabbitReceive#44 TraceID: 9a0ea31a729c02d940e4625e5f9e84be SpanID: ccfe5f7d9ab3cc69 [process][Receive delivery object][delivery object: {}]Delivery(id=null, orderId=b8e71dc9-528c-4462-8972-082c68495d89, foodName=Soup, storeName=Roman Holiday, stationName=Su Zhou)\n"",""stream"":""stdout"",""time"":""2025-06-06T09:22:27.784112143Z""}"
2025-06-06T09:22:27.782975593Z,1674984147782975593,33.33.33.76,ts-delivery-service-7d97b69596-lmsfv,server,9a0ea31a729c02d940e4625e5f9e84be,ccfe5f7d9ab3cc69,"{""log"":""17:22:27.782 INFO  d.m.RabbitReceive#37 TraceID: 9a0ea31a729c02d940e4625e5f9e84be SpanID: ccfe5f7d9ab3cc69 [process][Delivery service]\n"",""stream"":""stdout"",""time"":""2025-06-06T09:22:27.782975593Z""}"
2025-06-06T09:22:27.397118668Z,1674984147397118668,33.33.33.79,ts-contacts-service-866bd68c97-xcqfx,server,9a0ea31a729c02d940e4625e5f9e84be,a04b663181311b6c,"{""log"":""17:22:27.396 INFO  c.s.ContactsServiceImpl#34 TraceID: 9a0ea31a729c02d940e4625e5f9e84be SpanID: a04b663181311b6c [findContactsById][contactsRepository.findById][Find contacts]\n"",""stream"":""stdout"",""time"":""2025-06-06T09:22:27.397118668Z""}"
2025-06-06T09:22:27.39146198Z,1674984147391461980,33.33.33.79,ts-contacts-service-866bd68c97-xcqfx,server,9a0ea31a729c02d940e4625e5f9e84be,a04b663181311b6c,"{""log"":""17:22:27.390 INFO  c.s.ContactsServiceImpl#31 TraceID: 9a0ea31a729c02d940e4625e5f9e84be SpanID: a04b663181311b6c FIND CONTACTS BY ID: 415d1665-fbb2-4ec9-83f5-5ebe51dc1825\n"",""stream"":""stdout"",""time"":""2025-06-06T09:22:27.39146198Z""}"
2025-06-06T09:22:27.391101332Z,1674984147391101332,33.33.33.79,ts-contacts-service-866bd68c97-xcqfx,server,9a0ea31a729c02d940e4625e5f9e84be,a04b663181311b6c,"{""log"":""17:22:27.390 INFO  c.c.ContactsController#84 TraceID: 9a0ea31a729c02d940e4625e5f9e84be SpanID: a04b663181311b6c [ContactsService][VerifyLogin Success]\n"",""stream"":""stdout"",""time"":""2025-06-06T09:22:27.391101332Z""}"
2025-06-06T09:22:27.390713649Z,1674984147390713649,33.33.33.79,ts-contacts-service-866bd68c97-xcqfx,server,9a0ea31a729c02d940e4625e5f9e84be,a04b663181311b6c,"{""log"":""17:22:27.389 INFO  c.c.ContactsController#83 TraceID: 9a0ea31a729c02d940e4625e5f9e84be SpanID: a04b663181311b6c [ContactsService][Contacts Id Print][id: 415d1665-fbb2-4ec9-83f5-5ebe51dc1825]\n"",""stream"":""stdout"",""time"":""2025-06-06T09:22:27.390713649Z""}"
2025-06-06T09:22:27.622894817Z,1674984147622894817,33.33.33.115,ts-config-service-5fcd447d84-wxwjd,server,9a0ea31a729c02d940e4625e5f9e84be,4f9352dd81313f29,"{""log"":""17:22:27.622 INFO  c.s.ConfigServiceImpl#65 TraceID: 9a0ea31a729c02d940e4625e5f9e84be SpanID: 4f9352dd81313f29 [query][Query config success][config name: DirectTicketAllocationProportion]\n"",""stream"":""stdout"",""time"":""2025-06-06T09:22:27.622894817Z""}"
2025-06-06T09:22:27.62190073Z,1674984147621900730,33.33.33.115,ts-config-service-5fcd447d84-wxwjd,server,9a0ea31a729c02d940e4625e5f9e84be,4f9352dd81313f29,"{""log"":""17:22:27.621 INFO  c.c.ConfigController#67 TraceID: 9a0ea31a729c02d940e4625e5f9e84be SpanID: 4f9352dd81313f29 [retrieve][Retrieve config][configName: DirectTicketAllocationProportion]\n"",""stream"":""stdout"",""time"":""2025-06-06T09:22:27.62190073Z""}"
2025-06-06T09:22:27.559831673Z,1674984147559831673,33.33.33.115,ts-config-service-5fcd447d84-wxwjd,server,9a0ea31a729c02d940e4625e5f9e84be,a491336f16090968,"{""log"":""17:22:27.559 INFO  c.s.ConfigServiceImpl#65 TraceID: 9a0ea31a729c02d940e4625e5f9e84be SpanID: a491336f16090968 [query][Query config success][config name: DirectTicketAllocationProportion]\n"",""stream"":""stdout"",""time"":""2025-06-06T09:22:27.559831673Z""}"
2025-06-06T09:22:27.558900794Z,1674984147558900794,33.33.33.115,ts-config-service-5fcd447d84-wxwjd,server,9a0ea31a729c02d940e4625e5f9e84be,a491336f16090968,"{""log"":""17:22:27.558 INFO  c.c.ConfigController#67 TraceID: 9a0ea31a729c02d940e4625e5f9e84be SpanID: a491336f16090968 [retrieve][Retrieve config][configName: DirectTicketAllocationProportion]\n"",""stream"":""stdout"",""time"":""2025-06-06T09:22:27.558900794Z""}"
2025-06-06T09:22:27.72800691Z,1674984147728006910,33.33.33.76,ts-basic-service-5dc8d4f9fd-46997,server,9a0ea31a729c02d940e4625e5f9e84be,a23e8c193788bd13,"{""log"":""17:22:27.727 INFO  f.m.s.BasicServiceImpl#119 TraceID: 9a0ea31a729c02d940e4625e5f9e84be SpanID: a23e8c193788bd13 [queryForTravel][all done][result: TravelResult(status=true, percent=1.0, trainType=TrainType(id=e24bb484-516a-4aad-b37f-517e7139e913, name=ZhiDa, economyClass=2147483647, confortClass=2147483647, averageSpeed=120), route=Route(id=0b23bd3e-876a-4af3-b920-c50a90c90b04, stations=[shanghai, nanjing, shijiazhuang, taiyuan], distances=[0, 350, 1000, 1300], startStation=shanghai, endStation=taiyuan), prices={confortClass=350.0, economyClass=122.49999999999999})]\n"",""stream"":""stdout"",""time"":""2025-06-06T09:22:27.72800691Z""}"
2025-06-06T09:22:27.727872171Z,1674984147727872171,33.33.33.76,ts-basic-service-5dc8d4f9fd-46997,server,9a0ea31a729c02d940e4625e5f9e84be,a23e8c193788bd13,"{""log"":""17:22:27.727 INFO  f.m.s.BasicServiceImpl#100 TraceID: 9a0ea31a729c02d940e4625e5f9e84be SpanID: a23e8c193788bd13 [queryForTravel][calculate price]\n"",""stream"":""stdout"",""time"":""2025-06-06T09:22:27.727872171Z""}"
2025-06-06T09:22:27.727549642Z,1674984147727549642,33.33.33.76,ts-basic-service-5dc8d4f9fd-46997,server,9a0ea31a729c02d940e4625e5f9e84be,a23e8c193788bd13,"{""log"":""17:22:27.727 INFO  f.m.s.BasicServiceImpl#454 TraceID: 9a0ea31a729c02d940e4625e5f9e84be SpanID: a23e8c193788bd13 [queryPriceConfigByRouteIdAndTrainType][Response Resutl to String][result: Response(status=1, msg=Success, data={id=b90a6ad7-ffad-4624-9655-48e9e185fa6c, trainType=ZhiDa, routeId=0b23bd3e-876a-4af3-b920-c50a90c90b04, basicPriceRate=0.35, firstClassPriceRate=1.0})]\n"",""stream"":""stdout"",""time"":""2025-06-06T09:22:27.727549642Z""}"
2025-06-06T09:22:27.713505587Z,1674984147713505587,33.33.33.76,ts-basic-service-5dc8d4f9fd-46997,server,9a0ea31a729c02d940e4625e5f9e84be,a23e8c193788bd13,"{""log"":""17:22:27.713 INFO  f.m.s.BasicServiceImpl#444 TraceID: 9a0ea31a729c02d940e4625e5f9e84be SpanID: a23e8c193788bd13 [queryPriceConfigByRouteIdAndTrainType][Query For Price Config][RouteId: 0b23bd3e-876a-4af3-b920-c50a90c90b04 ,TrainType: ZhiDa]\n"",""stream"":""stdout"",""time"":""2025-06-06T09:22:27.713505587Z""}"
2025-06-06T09:22:27.713390871Z,1674984147713390871,33.33.33.76,ts-basic-service-5dc8d4f9fd-46997,server,9a0ea31a729c02d940e4625e5f9e84be,a23e8c193788bd13,"{""log"":""17:22:27.713 INFO  f.m.s.BasicServiceImpl#90 TraceID: 9a0ea31a729c02d940e4625e5f9e84be SpanID: a23e8c193788bd13 [queryForTravel][query stations and distances][stations: [shanghai, nanjing, shijiazhuang, taiyuan] distances: [0, 350, 1000, 1300]]\n"",""stream"":""stdout"",""time"":""2025-06-06T09:22:27.713390871Z""}"
2025-06-06T09:22:27.713272765Z,1674984147713272765,33.33.33.76,ts-basic-service-5dc8d4f9fd-46997,server,9a0ea31a729c02d940e4625e5f9e84be,a23e8c193788bd13,"{""log"":""17:22:27.713 INFO  f.m.s.BasicServiceImpl#89 TraceID: 9a0ea31a729c02d940e4625e5f9e84be SpanID: a23e8c193788bd13 [queryForTravel][query start index and end index][indexStart: 0 indexEnd: 1]\n"",""stream"":""stdout"",""time"":""2025-06-06T09:22:27.713272765Z""}"
2025-06-06T09:22:27.712891668Z,1674984147712891668,33.33.33.76,ts-basic-service-5dc8d4f9fd-46997,server,9a0ea31a729c02d940e4625e5f9e84be,a23e8c193788bd13,"{""log"":""17:22:27.712 INFO  f.m.s.BasicServiceImpl#438 TraceID: 9a0ea31a729c02d940e4625e5f9e84be SpanID: a23e8c193788bd13 [getRouteByRouteId][Get Route By Id][Success]\n"",""stream"":""stdout"",""time"":""2025-06-06T09:22:27.712891668Z""}"
2025-06-06T09:22:27.693050337Z,1674984147693050337,33.33.33.76,ts-basic-service-5dc8d4f9fd-46997,server,9a0ea31a729c02d940e4625e5f9e84be,a23e8c193788bd13,"{""log"":""17:22:27.692 INFO  f.m.s.BasicServiceImpl#425 TraceID: 9a0ea31a729c02d940e4625e5f9e84be SpanID: a23e8c193788bd13 [getRouteByRouteId][Get Route By Id][Route ID: 0b23bd3e-876a-4af3-b920-c50a90c90b04]\n"",""stream"":""stdout"",""time"":""2025-06-06T09:22:27.693050337Z""}"
2025-06-06T09:22:27.660548251Z,1674984147660548251,33.33.33.76,ts-basic-service-5dc8d4f9fd-46997,server,9a0ea31a729c02d940e4625e5f9e84be,a23e8c193788bd13,"{""log"":""17:22:27.660 INFO  f.m.s.BasicServiceImpl#391 TraceID: 9a0ea31a729c02d940e4625e5f9e84be SpanID: a23e8c193788bd13 [queryTrainTypeByName][Query Train Type][Train Type name: ZhiDa]\n"",""stream"":""stdout"",""time"":""2025-06-06T09:22:27.660548251Z""}"
2025-06-06T09:22:27.652623439Z,1674984147652623439,33.33.33.76,ts-basic-service-5dc8d4f9fd-46997,server,9a0ea31a729c02d940e4625e5f9e84be,a23e8c193788bd13,"{""log"":""17:22:27.652 INFO  f.m.s.BasicServiceImpl#360 TraceID: 9a0ea31a729c02d940e4625e5f9e84be SpanID: a23e8c193788bd13 [checkStationExists][Check Station Exists][stationName: nanjing]\n"",""stream"":""stdout"",""time"":""2025-06-06T09:22:27.652623439Z""}"
2025-06-06T09:22:27.642811033Z,1674984147642811033,33.33.33.76,ts-basic-service-5dc8d4f9fd-46997,server,9a0ea31a729c02d940e4625e5f9e84be,a23e8c193788bd13,"{""log"":""17:22:27.642 INFO  f.m.s.BasicServiceImpl#360 TraceID: 9a0ea31a729c02d940e4625e5f9e84be SpanID: a23e8c193788bd13 [checkStationExists][Check Station Exists][stationName: shanghai]\n"",""stream"":""stdout"",""time"":""2025-06-06T09:22:27.642811033Z""}"
2025-06-06T09:22:27.642716328Z,1674984147642716328,33.33.33.76,ts-basic-service-5dc8d4f9fd-46997,server,9a0ea31a729c02d940e4625e5f9e84be,a23e8c193788bd13,"{""log"":""17:22:27.642 INFO  f.m.c.BasicController#38 TraceID: 9a0ea31a729c02d940e4625e5f9e84be SpanID: a23e8c193788bd13 [queryForTravel][Query for travel][Travel: Travel(trip=Trip(id=8a533bf9-bd12-4608-a8eb-606890982448, tripId=Z1234, trainTypeName=ZhiDa, routeId=0b23bd3e-876a-4af3-b920-c50a90c90b04, startStationName=shanghai, stationsName=nanjing, terminalStationName=beijing, startTime=2013-05-04 09:51:52, endTime=2013-05-04 15:51:52), startPlace=shanghai, endPlace=nanjing, departureTime=2023-01-29 17:22:27)]\n"",""stream"":""stdout"",""time"":""2025-06-06T09:22:27.642716328Z""}"
2025-06-06T09:22:27.538269593Z,1674984147538269593,33.33.33.76,ts-basic-service-5dc8d4f9fd-46997,server,9a0ea31a729c02d940e4625e5f9e84be,635423c4d28f9569,"{""log"":""17:22:27.537 INFO  f.m.s.BasicServiceImpl#119 TraceID: 9a0ea31a729c02d940e4625e5f9e84be SpanID: 635423c4d28f9569 [queryForTravel][all done][result: TravelResult(status=true, percent=1.0, trainType=TrainType(id=e24bb484-516a-4aad-b37f-517e7139e913, name=ZhiDa, economyClass=2147483647, confortClass=2147483647, averageSpeed=120), route=Route(id=0b23bd3e-876a-4af3-b920-c50a90c90b04, stations=[shanghai, nanjing, shijiazhuang, taiyuan], distances=[0, 350, 1000, 1300], startStation=shanghai, endStation=taiyuan), prices={confortClass=350.0, economyClass=122.49999999999999})]\n"",""stream"":""stdout"",""time"":""2025-06-06T09:22:27.538269593Z""}"
2025-06-06T09:22:27.538027664Z,1674984147538027664,33.33.33.76,ts-basic-service-5dc8d4f9fd-46997,server,9a0ea31a729c02d940e4625e5f9e84be,635423c4d28f9569,"{""log"":""17:22:27.537 INFO  f.m.s.BasicServiceImpl#100 TraceID: 9a0ea31a729c02d940e4625e5f9e84be SpanID: 635423c4d28f9569 [queryForTravel][calculate price]\n"",""stream"":""stdout"",""time"":""2025-06-06T09:22:27.538027664Z""}"
2025-06-06T09:22:27.537515778Z,1674984147537515778,33.33.33.76,ts-basic-service-5dc8d4f9fd-46997,server,9a0ea31a729c02d940e4625e5f9e84be,635423c4d28f9569,"{""log"":""17:22:27.536 INFO  f.m.s.BasicServiceImpl#454 TraceID: 9a0ea31a729c02d940e4625e5f9e84be SpanID: 635423c4d28f9569 [queryPriceConfigByRouteIdAndTrainType][Response Resutl to String][result: Response(status=1, msg=Success, data={id=b90a6ad7-ffad-4624-9655-48e9e185fa6c, trainType=ZhiDa, routeId=0b23bd3e-876a-4af3-b920-c50a90c90b04, basicPriceRate=0.35, firstClassPriceRate=1.0})]\n"",""stream"":""stdout"",""time"":""2025-06-06T09:22:27.537515778Z""}"
2025-06-06T09:22:27.520694112Z,1674984147520694112,33.33.33.76,ts-basic-service-5dc8d4f9fd-46997,server,9a0ea31a729c02d940e4625e5f9e84be,635423c4d28f9569,"{""log"":""17:22:27.520 INFO  f.m.s.BasicServiceImpl#444 TraceID: 9a0ea31a729c02d940e4625e5f9e84be SpanID: 635423c4d28f9569 [queryPriceConfigByRouteIdAndTrainType][Query For Price Config][RouteId: 0b23bd3e-876a-4af3-b920-c50a90c90b04 ,TrainType: ZhiDa]\n"",""stream"":""stdout"",""time"":""2025-06-06T09:22:27.520694112Z""}"
2025-06-06T09:22:27.520567226Z,1674984147520567226,33.33.33.76,ts-basic-service-5dc8d4f9fd-46997,server,9a0ea31a729c02d940e4625e5f9e84be,635423c4d28f9569,"{""log"":""17:22:27.520 INFO  f.m.s.BasicServiceImpl#90 TraceID: 9a0ea31a729c02d940e4625e5f9e84be SpanID: 635423c4d28f9569 [queryForTravel][query stations and distances][stations: [shanghai, nanjing, shijiazhuang, taiyuan] distances: [0, 350, 1000, 1300]]\n"",""stream"":""stdout"",""time"":""2025-06-06T09:22:27.520567226Z""}"
2025-06-06T09:22:27.520514703Z,1674984147520514703,33.33.33.76,ts-basic-service-5dc8d4f9fd-46997,server,9a0ea31a729c02d940e4625e5f9e84be,635423c4d28f9569,"{""log"":""17:22:27.520 INFO  f.m.s.BasicServiceImpl#89 TraceID: 9a0ea31a729c02d940e4625e5f9e84be SpanID: 635423c4d28f9569 [queryForTravel][query start index and end index][indexStart: 0 indexEnd: 1]\n"",""stream"":""stdout"",""time"":""2025-06-06T09:22:27.520514703Z""}"
2025-06-06T09:22:27.52002459Z,1674984147520024590,33.33.33.76,ts-basic-service-5dc8d4f9fd-46997,server,9a0ea31a729c02d940e4625e5f9e84be,635423c4d28f9569,"{""log"":""17:22:27.519 INFO  f.m.s.BasicServiceImpl#438 TraceID: 9a0ea31a729c02d940e4625e5f9e84be SpanID: 635423c4d28f9569 [getRouteByRouteId][Get Route By Id][Success]\n"",""stream"":""stdout"",""time"":""2025-06-06T09:22:27.52002459Z""}"
2025-06-06T09:22:27.447208262Z,1674984147447208262,33.33.33.76,ts-basic-service-5dc8d4f9fd-46997,server,9a0ea31a729c02d940e4625e5f9e84be,635423c4d28f9569,"{""log"":""17:22:27.446 INFO  f.m.s.BasicServiceImpl#425 TraceID: 9a0ea31a729c02d940e4625e5f9e84be SpanID: 635423c4d28f9569 [getRouteByRouteId][Get Route By Id][Route ID: 0b23bd3e-876a-4af3-b920-c50a90c90b04]\n"",""stream"":""stdout"",""time"":""2025-06-06T09:22:27.447208262Z""}"
2025-06-06T09:22:27.43490546Z,1674984147434905460,33.33.33.76,ts-basic-service-5dc8d4f9fd-46997,server,9a0ea31a729c02d940e4625e5f9e84be,635423c4d28f9569,"{""log"":""17:22:27.434 INFO  f.m.s.BasicServiceImpl#391 TraceID: 9a0ea31a729c02d940e4625e5f9e84be SpanID: 635423c4d28f9569 [queryTrainTypeByName][Query Train Type][Train Type name: ZhiDa]\n"",""stream"":""stdout"",""time"":""2025-06-06T09:22:27.43490546Z""}"
2025-06-06T09:22:27.420531446Z,1674984147420531446,33.33.33.76,ts-basic-service-5dc8d4f9fd-46997,server,9a0ea31a729c02d940e4625e5f9e84be,635423c4d28f9569,"{""log"":""17:22:27.420 INFO  f.m.s.BasicServiceImpl#360 TraceID: 9a0ea31a729c02d940e4625e5f9e84be SpanID: 635423c4d28f9569 [checkStationExists][Check Station Exists][stationName: nanjing]\n"",""stream"":""stdout"",""time"":""2025-06-06T09:22:27.420531446Z""}"
2025-06-06T09:22:27.413371596Z,1674984147413371596,33.33.33.76,ts-basic-service-5dc8d4f9fd-46997,server,9a0ea31a729c02d940e4625e5f9e84be,635423c4d28f9569,"{""log"":""17:22:27.413 INFO  f.m.s.BasicServiceImpl#360 TraceID: 9a0ea31a729c02d940e4625e5f9e84be SpanID: 635423c4d28f9569 [checkStationExists][Check Station Exists][stationName: shanghai]\n"",""stream"":""stdout"",""time"":""2025-06-06T09:22:27.413371596Z""}"
2025-06-06T09:22:27.413218898Z,1674984147413218898,33.33.33.76,ts-basic-service-5dc8d4f9fd-46997,server,9a0ea31a729c02d940e4625e5f9e84be,635423c4d28f9569,"{""log"":""17:22:27.412 INFO  f.m.c.BasicController#38 TraceID: 9a0ea31a729c02d940e4625e5f9e84be SpanID: 635423c4d28f9569 [queryForTravel][Query for travel][Travel: Travel(trip=Trip(id=8a533bf9-bd12-4608-a8eb-606890982448, tripId=Z1234, trainTypeName=ZhiDa, routeId=0b23bd3e-876a-4af3-b920-c50a90c90b04, startStationName=shanghai, stationsName=nanjing, terminalStationName=beijing, startTime=2013-05-04 09:51:52, endTime=2013-05-04 15:51:52), startPlace=shanghai, endPlace=nanjing, departureTime=2023-01-29)]\n"",""stream"":""stdout"",""time"":""2025-06-06T09:22:27.413218898Z""}"
2025-06-06T09:22:31.069648203Z,1674984151069648203,33.33.33.76,ts-user-service-687d654649-lrcwv,server,ed5b1a54c3a69343920aaf7ce398e59b,3d5070163f9f0536,"{""log"":""17:22:31.069 INFO  u.c.UserController#48 TraceID: ed5b1a54c3a69343920aaf7ce398e59b SpanID: 3d5070163f9f0536 [getUserByUserId][Get user by user id][UserId: 4d2a46c7-71cb-4cf1-b5bb-b68406d9da6f]\n"",""stream"":""stdout"",""time"":""2025-06-06T09:22:31.069648203Z""}"
2025-06-06T09:22:30.769293652Z,1674984150769293652,33.33.33.116,ts-travel-service-64469b5b48-25zj6,server,ed5b1a54c3a69343920aaf7ce398e59b,25d21d63452d2379,"{""log"":""17:22:30.769 INFO  t.s.TravelServiceImpl#457 TraceID: ed5b1a54c3a69343920aaf7ce398e59b SpanID: 25d21d63452d2379 [getTickets][Calculate distance][calculate time：16  time: Sat May 04 07:16:00 CST 2013]\n"",""stream"":""stdout"",""time"":""2025-06-06T09:22:30.769293652Z""}"
2025-06-06T09:22:30.769157953Z,1674984150769157953,33.33.33.116,ts-travel-service-64469b5b48-25zj6,server,ed5b1a54c3a69343920aaf7ce398e59b,25d21d63452d2379,"{""log"":""17:22:30.768 INFO  t.s.TravelServiceImpl#451 TraceID: ed5b1a54c3a69343920aaf7ce398e59b SpanID: 25d21d63452d2379 [getTickets][Calculate distance][calculate time：0  time: Sat May 04 07:00:00 CST 2013]\n"",""stream"":""stdout"",""time"":""2025-06-06T09:22:30.769157953Z""}"
2025-06-06T09:22:30.768943884Z,1674984150768943884,33.33.33.116,ts-travel-service-64469b5b48-25zj6,server,ed5b1a54c3a69343920aaf7ce398e59b,25d21d63452d2379,"{""log"":""17:22:30.768 INFO  t.s.TravelServiceImpl#558 TraceID: ed5b1a54c3a69343920aaf7ce398e59b SpanID: 25d21d63452d2379 [getRestTicketNumber][Get Rest tickets num][num is: Response(status=1, msg=Get Left Ticket of Internal Success, data=1073741504)]\n"",""stream"":""stdout"",""time"":""2025-06-06T09:22:30.768943884Z""}"
2025-06-06T09:22:30.417426791Z,1674984150417426791,33.33.33.116,ts-travel-service-64469b5b48-25zj6,server,ed5b1a54c3a69343920aaf7ce398e59b,25d21d63452d2379,"{""log"":""17:22:30.417 INFO  t.s.TravelServiceImpl#548 TraceID: ed5b1a54c3a69343920aaf7ce398e59b SpanID: 25d21d63452d2379 [getRestTicketNumber][Seat request][request: Seat(travelDate=2023-01-29, trainNumber=D1345, startStation=shanghai, destStation=suzhou, seatType=3, totalNum=2147483647, stations=[shanghai, suzhou])]\n"",""stream"":""stdout"",""time"":""2025-06-06T09:22:30.417426791Z""}"
2025-06-06T09:22:30.417317888Z,1674984150417317888,33.33.33.116,ts-travel-service-64469b5b48-25zj6,server,ed5b1a54c3a69343920aaf7ce398e59b,25d21d63452d2379,"{""log"":""17:22:30.416 INFO  t.s.TravelServiceImpl#558 TraceID: ed5b1a54c3a69343920aaf7ce398e59b SpanID: 25d21d63452d2379 [getRestTicketNumber][Get Rest tickets num][num is: Response(status=1, msg=Get Left Ticket of Internal Success, data=1073741504)]\n"",""stream"":""stdout"",""time"":""2025-06-06T09:22:30.417317888Z""}"
2025-06-06T09:22:30.247158746Z,1674984150247158746,33.33.33.116,ts-travel-service-64469b5b48-25zj6,server,ed5b1a54c3a69343920aaf7ce398e59b,25d21d63452d2379,"{""log"":""17:22:30.246 INFO  t.s.TravelServiceImpl#548 TraceID: ed5b1a54c3a69343920aaf7ce398e59b SpanID: 25d21d63452d2379 [getRestTicketNumber][Seat request][request: Seat(travelDate=2023-01-29, trainNumber=D1345, startStation=shanghai, destStation=suzhou, seatType=2, totalNum=2147483647, stations=[shanghai, suzhou])]\n"",""stream"":""stdout"",""time"":""2025-06-06T09:22:30.247158746Z""}"
2025-06-06T09:22:30.16608632Z,1674984150166086320,33.33.33.116,ts-travel-service-64469b5b48-25zj6,server,ed5b1a54c3a69343920aaf7ce398e59b,25d21d63452d2379,"{""log"":""17:22:30.165 INFO  t.s.TravelServiceImpl#392 TraceID: ed5b1a54c3a69343920aaf7ce398e59b SpanID: 25d21d63452d2379 [getTickets][before get basic][trip: Trip(id=465eec52-1bc7-4d8b-8c38-e8f210bb3a77, tripId=D1345, trainTypeName=DongCheOne, routeId=f3d4d4ef-693b-4456-8eed-59c0d717dd08, startStationName=shanghai, stationsName=suzhou, terminalStationName=taiyuan, startTime=2013-05-04 07:00:00, endTime=2013-05-04 19:59:52)]\n"",""stream"":""stdout"",""time"":""2025-06-06T09:22:30.16608632Z""}"
2025-06-06T09:22:30.165911871Z,1674984150165911871,33.33.33.116,ts-travel-service-64469b5b48-25zj6,server,ed5b1a54c3a69343920aaf7ce398e59b,25d21d63452d2379,"{""log"":""17:22:30.165 INFO  t.s.TravelServiceImpl#487 TraceID: ed5b1a54c3a69343920aaf7ce398e59b SpanID: 25d21d63452d2379 [departrue date][y: 2023][m:0][d: 29]\n"",""stream"":""stdout"",""time"":""2025-06-06T09:22:30.165911871Z""}"
2025-06-06T09:22:30.165778427Z,1674984150165778427,33.33.33.116,ts-travel-service-64469b5b48-25zj6,server,ed5b1a54c3a69343920aaf7ce398e59b,25d21d63452d2379,"{""log"":""17:22:30.165 INFO  t.s.TravelServiceImpl#486 TraceID: ed5b1a54c3a69343920aaf7ce398e59b SpanID: 25d21d63452d2379 [today date][y: 2023][m:0][d: 29]\n"",""stream"":""stdout"",""time"":""2025-06-06T09:22:30.165778427Z""}"
2025-06-06T09:22:30.164676107Z,1674984150164676107,33.33.33.116,ts-travel-service-64469b5b48-25zj6,server,ed5b1a54c3a69343920aaf7ce398e59b,25d21d63452d2379,"{""log"":""17:22:30.164 INFO  t.c.TravelController#159 TraceID: ed5b1a54c3a69343920aaf7ce398e59b SpanID: 25d21d63452d2379 [getTripAllDetailInfo][Get trip detail][TripId: D1345]\n"",""stream"":""stdout"",""time"":""2025-06-06T09:22:30.164676107Z""}"
2025-06-06T09:22:30.800349475Z,1674984150800349475,33.33.33.79,ts-train-service-86f5f97bc9-dkqmf,server,ed5b1a54c3a69343920aaf7ce398e59b,35dca71f917d87da,"{""log"":""17:22:30.799 INFO  t.c.TrainController#60 TraceID: ed5b1a54c3a69343920aaf7ce398e59b SpanID: 35dca71f917d87da [retrieveByName][Retrieve train][TrainTypeName: DongCheOne]\n"",""stream"":""stdout"",""time"":""2025-06-06T09:22:30.800349475Z""}"
2025-06-06T09:22:30.199890139Z,1674984150199890139,33.33.33.79,ts-train-service-86f5f97bc9-dkqmf,server,ed5b1a54c3a69343920aaf7ce398e59b,8c96ba2224f0cb05,"{""log"":""17:22:30.198 INFO  t.c.TrainController#60 TraceID: ed5b1a54c3a69343920aaf7ce398e59b SpanID: 8c96ba2224f0cb05 [retrieveByName][Retrieve train][TrainTypeName: DongCheOne]\n"",""stream"":""stdout"",""time"":""2025-06-06T09:22:30.199890139Z""}"
2025-06-06T09:22:30.793940594Z,1674984150793940594,33.33.33.76,ts-station-service-7f4f5f6f77-5qb6j,server,ed5b1a54c3a69343920aaf7ce398e59b,5b779158a71c17f4,"{""log"":""17:22:30.793 INFO  f.m.c.StationController#63 TraceID: ed5b1a54c3a69343920aaf7ce398e59b SpanID: 5b779158a71c17f4 [queryForId][Query for station id][StationName: suzhou]\n"",""stream"":""stdout"",""time"":""2025-06-06T09:22:30.793940594Z""}"
2025-06-06T09:22:30.788174042Z,1674984150788174042,33.33.33.76,ts-station-service-7f4f5f6f77-5qb6j,server,ed5b1a54c3a69343920aaf7ce398e59b,3223b00d46b2df85,"{""log"":""17:22:30.787 INFO  f.m.c.StationController#63 TraceID: ed5b1a54c3a69343920aaf7ce398e59b SpanID: 3223b00d46b2df85 [queryForId][Query for station id][StationName: shanghai]\n"",""stream"":""stdout"",""time"":""2025-06-06T09:22:30.788174042Z""}"
2025-06-06T09:22:30.189271952Z,1674984150189271952,33.33.33.76,ts-station-service-7f4f5f6f77-5qb6j,server,ed5b1a54c3a69343920aaf7ce398e59b,aef523c5bf499a94,"{""log"":""17:22:30.188 INFO  f.m.c.StationController#63 TraceID: ed5b1a54c3a69343920aaf7ce398e59b SpanID: aef523c5bf499a94 [queryForId][Query for station id][StationName: suzhou]\n"",""stream"":""stdout"",""time"":""2025-06-06T09:22:30.189271952Z""}"
2025-06-06T09:22:30.178988411Z,1674984150178988411,33.33.33.76,ts-station-service-7f4f5f6f77-5qb6j,server,ed5b1a54c3a69343920aaf7ce398e59b,18ddafcf0e07131b,"{""log"":""17:22:30.178 INFO  f.m.c.StationController#63 TraceID: ed5b1a54c3a69343920aaf7ce398e59b SpanID: 18ddafcf0e07131b [queryForId][Query for station id][StationName: shanghai]\n"",""stream"":""stdout"",""time"":""2025-06-06T09:22:30.178988411Z""}"
2025-06-06T09:22:30.140825577Z,1674984150140825577,33.33.33.115,ts-security-service-cb9788d56-mrzv2,ts-security-service,ed5b1a54c3a69343920aaf7ce398e59b,f3a8e7ef7320ff36,"{""log"":""17:22:30.140 INFO  s.s.SecurityServiceImpl#119 TraceID: ed5b1a54c3a69343920aaf7ce398e59b SpanID: f3a8e7ef7320ff36 [check][Max][Max In One Hour: 2147483647  Max Not Use: 2147483647]\n"",""stream"":""stdout"",""time"":""2025-06-06T09:22:30.140825577Z""}"
2025-06-06T09:22:30.138242732Z,1674984150138242732,33.33.33.115,ts-security-service-cb9788d56-mrzv2,ts-security-service,ed5b1a54c3a69343920aaf7ce398e59b,f3a8e7ef7320ff36,"{""log"":""17:22:30.137 INFO  s.s.SecurityServiceImpl#156 TraceID: ed5b1a54c3a69343920aaf7ce398e59b SpanID: f3a8e7ef7320ff36 [getSecurityOrderOtherInfoFromOrder][Get Order Other Info For Security][Last One Hour: 172  Total Valid Order: 115]\n"",""stream"":""stdout"",""time"":""2025-06-06T09:22:30.138242732Z""}"
2025-06-06T09:22:30.128043697Z,1674984150128043697,33.33.33.115,ts-security-service-cb9788d56-mrzv2,ts-security-service,ed5b1a54c3a69343920aaf7ce398e59b,f3a8e7ef7320ff36,"{""log"":""17:22:30.127 INFO  s.s.SecurityServiceImpl#141 TraceID: ed5b1a54c3a69343920aaf7ce398e59b SpanID: f3a8e7ef7320ff36 [getSecurityOrderInfoFromOrder][Get Order Info For Security][Last One Hour: 322  Total Valid Order: 160]\n"",""stream"":""stdout"",""time"":""2025-06-06T09:22:30.128043697Z""}"
2025-06-06T09:22:29.997264753Z,1674984149997264753,33.33.33.115,ts-security-service-cb9788d56-mrzv2,ts-security-service,ed5b1a54c3a69343920aaf7ce398e59b,f3a8e7ef7320ff36,"{""log"":""17:22:29.996 INFO  s.c.SecurityController#62 TraceID: ed5b1a54c3a69343920aaf7ce398e59b SpanID: f3a8e7ef7320ff36 [check][Check Security][Check Account Id: 4d2a46c7-71cb-4cf1-b5bb-b68406d9da6f]\n"",""stream"":""stdout"",""time"":""2025-06-06T09:22:29.997264753Z""}"
2025-06-06T09:22:30.89262073Z,1674984150892620730,33.33.33.82,ts-seat-service-5c95b49cff-tdsdz,server,ed5b1a54c3a69343920aaf7ce398e59b,3eaec347b322a2c8,"{""log"":""17:22:30.892 INFO  s.s.SeatServiceImpl#114 TraceID: ed5b1a54c3a69343920aaf7ce398e59b SpanID: 3eaec347b322a2c8 [distributeSeat][Assign new tickets][Use a new seat number][seat number:1286790262]\n"",""stream"":""stdout"",""time"":""2025-06-06T09:22:30.89262073Z""}"
2025-06-06T09:22:30.892191482Z,1674984150892191482,33.33.33.82,ts-seat-service-5c95b49cff-tdsdz,server,ed5b1a54c3a69343920aaf7ce398e59b,3eaec347b322a2c8,"{""log"":""17:22:30.891 INFO  s.s.SeatServiceImpl#66 TraceID: ed5b1a54c3a69343920aaf7ce398e59b SpanID: 3eaec347b322a2c8 [distributeSeat][Left ticket info][info is : Response(status=1, msg=Success, data=LeftTicketInfo{soldTickets=[Ticket(seatNo=201009634, startStation=shanghai, destStation=suzhou), Ticket(seatNo=793856134, startStation=shanghai, destStation=suzhou), Ticket(seatNo=1460607244, startStation=shanghai, destStation=suzhou), Ticket(seatNo=1893506521, startStation=shanghai, destStation=suzhou), Ticket(seatNo=1380769004, startStation=shanghai, destStation=suzhou), Ticket(seatNo=603898922, startStation=shanghai, destStation=suzhou), Ticket(seatNo=2143932925, startStation=shanghai, destStation=suzhou), Ticket(seatNo=1561348498, startStation=shanghai, destStation=suzhou), Ticket(seatNo=886885033, startStation=shanghai, destStation=suzhou), Ticket(seatNo=422262624, startStation=shanghai, destStation=suzhou), Ticket(seatNo=361790838, startStation=shanghai, destStation=suzhou), Ticket(seatNo=266878641, startStation=shanghai, destStation=suzhou), Ticket(seatNo=1121266960, startStation=shanghai, destStation=suzhou), Ticket(seatNo=487102316, startStation=shanghai, destStation=suzhou), Ticket(seatNo=1374930393, startStation=shanghai, destStation=suzhou), Ticket(seatNo=1767519527, startStation=shanghai, destStation=suzhou), Ticket(seatNo=1803156456, startStation=shanghai, destStation=suzhou), Ticket(seatNo=313223057, startStation=shanghai, destStation=suzhou), Ticket(seatNo=1524529309, startStation=shanghai, destStation=suzhou), Ticket(seatNo=670312232, startStation=shanghai, destStation=suzhou), Ticket(seatNo=1946032193, startStation=shanghai, destStation=suzhou), Ticket(seatNo=828994518, startStation=shanghai, destStation=suzhou), Ticket(seatNo=1079442689, startStation=shanghai, destStation=suzhou), Ticket(seatNo=710165669, startStation=shanghai, destStation=suzhou), Ticket(seatNo=1012345336, startStation=shanghai, destStation=suzhou), Ticket(seatNo=44007696, startStation=shanghai, destStation=suzhou), Ticket(seatNo=2038743294, startStation=shanghai, destStation=suzhou), Ticket(seatNo=674075465, startStation=shanghai, destStation=suzhou), Ticket(seatNo=1337412878, startStation=shanghai, destStation=suzhou), Ticket(seatNo=1252360897, startStation=shanghai, destStation=suzhou), Ticket(seatNo=1084947215, startStation=shanghai, destStation=suzhou), Ticket(seatNo=349324291, startStation=shanghai, destStation=suzhou), Ticket(seatNo=612611721, startStation=shanghai, destStation=suzhou), Ticket(seatNo=1914907225, startStation=shanghai, destStation=suzhou), Ticket(seatNo=1033454023, startStation=shanghai, destStation=suzhou), Ticket(seatNo=146315145, startStation=shanghai, destStation=suzhou), Ticket(seatNo=507669879, startStation=shanghai, destStation=suzhou), Ticket(seatNo=1114532875, startStation=shanghai, destStation=suzhou), Ticket(seatNo=2047347471, startStation=shanghai, destStation=suzhou), Ticket(seatNo=2112226830, startStation=shanghai, destStation=suzhou), Ticket(seatNo=471687199, startStation=shanghai, destStation=suzhou), Ticket(seatNo=891385160, startStation=shanghai, destStation=suzhou), Ticket(seatNo=52112621, startStation=shanghai, destStation=suzhou), Ticket(seatNo=843566710, startStation=shanghai, destStation=suzhou), Ticket(seatNo=668440018, startStation=shanghai, destStation=suzhou), Ticket(seatNo=1886885132, startStation=shanghai, destStation=suzhou), Ticket(seatNo=1927170957, startStation=shanghai, destStation=suzhou), Ticket(seatNo=1085229400, startStation=shanghai, destStation=suzhou), Ticket(seatNo=707425904, startStation=shanghai, destStation=suzhou), Ticket(seatNo=464947381, startStation=shanghai, destStation=suzhou), Ticket(seatNo=862409196, startStation=shanghai, destStation=suzhou), Ticket(seatNo=1527980233, startStation=shanghai, destStation=suzhou), Ticket(seatNo=1194070081, startStation=shanghai, destStation=suzhou), Ticket(seatNo=698985417, startStation=shanghai, destStation=suzhou), Ticket(seatNo=1434255230, startStation=shanghai, destStation=suzhou), Ticket(seatNo=107342144, startStation=shanghai, destStation=suzhou), Ticket(seatNo=1346447524, startStation=shanghai, destStation=suzhou), Ticket(seatNo=1609976732, startStation=shanghai, destStation=suzhou), Ticket(seatNo=1625975337, startStation=shanghai, destStation=suzhou), Ticket(seatNo=730221217, startStation=shanghai, destStation=suzhou), Ticket(seatNo=1452994271, startStation=shanghai, destStation=suzhou), Ticket(seatNo=2082261134, startStation=shanghai, destStation=suzhou), Ticket(seatNo=1034161263, startStation=shanghai, destStation=suzhou), Ticket(seatNo=1433770610, startStation=shanghai, destStation=suzhou), Ticket(seatNo=1944406239, startStation=shanghai, destStation=suzhou), Ticket(seatNo=806364822, startStation=shanghai, destStation=suzhou), Ticket(seatNo=1474417815, startStation=shanghai, destStation=suzhou), Ticket(seatNo=344808965, startStation=shanghai, destStation=suzhou), Ticket(seatNo=1460046435, startStation=shanghai, destStation=suzhou), Ticket(seatNo=1833738100, startStation=shanghai, destStation=suzhou), Ticket(seatNo=54121485, startStation=shanghai, destStation=suzhou), Ticket(seatNo=478312199, startStation=shanghai, destStation=suzhou), Ticket(seatNo=141657437, startStation=shanghai, destStation=suzhou), Ticket(seatNo=1646294862, startStation=shanghai, destStation=suzhou), Ticket(seatNo=369778934, startStation=shanghai, destStation=suzhou), Ticket(seatNo=1311485713, startStation=shanghai, destStation=suzhou), Ticket(seatNo=1126367806, startStation=shanghai, destStation=suzhou), Ticket(seatNo=1554687036, startStation=shanghai, destStation=suzhou), Ticket(seatNo=566990115, startStation=shanghai, destStation=suzhou), Ticket(seatNo=1175494979, startStation=shanghai, destStation=suzhou), Ticket(seatNo=1541121627, startStation=shanghai, destStation=suzhou), Ticket(seatNo=1203609265, startStation=shanghai, destStation=suzhou), Ticket(seatNo=1921549183, startStation=shanghai, destStation=suzhou), Ticket(seatNo=1918183508, startStation=shanghai, destStation=suzhou), Ticket(seatNo=1598092512, startStation=shanghai, destStation=suzhou), Ticket(seatNo=1267647479, startStation=shanghai, destStation=suzhou), Ticket(seatNo=1640780669, startStation=shanghai, destStation=suzhou), Ticket(seatNo=407197519, startStation=shanghai, destStation=suzhou), Ticket(seatNo=1405122139, startStation=shanghai, destStation=suzhou), Ticket(seatNo=1008516158, startStation=shanghai, destStation=suzhou), Ticket(seatNo=773494342, startStation=shanghai, destStation=suzhou), Ticket(seatNo=1043628352, startStation=shanghai, destStation=suzhou), Ticket(seatNo=146007906, startStation=shanghai, destStation=suzhou), Ticket(seatNo=1530463700, startStation=shanghai, destStation=suzhou), Ticket(seatNo=1879301093, startStation=shanghai, destStation=suzhou), Ticket(seatNo=402964895, startStation=shanghai, destStation=suzhou), Ticket(seatNo=1796322721, startStation=shanghai, destStation=suzhou), Ticket(seatNo=1331075716, startStation=shanghai, destStation=suzhou), Ticket(seatNo=1240049243, startStation=shanghai, destStation=suzhou), Ticket(seatNo=590521180, startStation=shanghai, destStation=suzhou), Ticket(seatNo=1506651732, startStation=shanghai, destStation=suzhou), Ticket(seatNo=1873621396, startStation=shanghai, destStation=suzhou), Ticket(seatNo=2132514663, startStation=shanghai, destStation=suzhou), Ticket(seatNo=97126401, startStation=shanghai, destStation=suzhou), Ticket(seatNo=1143590204, startStation=shanghai, destStation=suzhou), Ticket(seatNo=1203471531, startStation=shanghai, destStation=suzhou), Ticket(seatNo=1081967951, startStation=shanghai, destStation=suzhou), Ticket(seatNo=1361949694, startStation=shanghai, destStation=suzhou), Ticket(seatNo=770819065, startStation=shanghai, destStation=suzhou), Ticket(seatNo=1734991119, startStation=shanghai, destStation=suzhou), Ticket(seatNo=1171302207, startStation=shanghai, destStation=suzhou), Ticket(seatNo=896926119, startStation=shanghai, destStation=suzhou), Ticket(seatNo=429977698, startStation=shanghai, destStation=suzhou), Ticket(seatNo=1700949544, startStation=shanghai, destStation=suzhou), Ticket(seatNo=1993109739, startStation=shanghai, destStation=suzhou), Ticket(seatNo=95888109, startStation=shanghai, destStation=suzhou), Ticket(seatNo=1754065861, startStation=shanghai, destStation=suzhou), Ticket(seatNo=154019644, startStation=shanghai, destStation=suzhou), Ticket(seatNo=524582401, startStation=shanghai, destStation=suzhou), Ticket(seatNo=1334753364, startStation=shanghai, destStation=suzhou), Ticket(seatNo=1986288796, startStation=shanghai, destStation=suzhou), Ticket(seatNo=554296196, startStation=shanghai, destStation=suzhou), Ticket(seatNo=633463036, startStation=shanghai, destStation=suzhou), Ticket(seatNo=436767015, startStation=shanghai, destStation=suzhou), Ticket(seatNo=1239327412, startStation=shanghai, destStation=suzhou), Ticket(seatNo=790314884, startStation=shanghai, destStation=suzhou), Ticket(seatNo=767880562, startStation=shanghai, destStation=suzhou), Ticket(seatNo=1882983382, startStation=shanghai, destStation=suzhou), Ticket(seatNo=1796077830, startStation=shanghai, destStation=suzhou), Ticket(seatNo=1256846996, startStation=shanghai, destStation=suzhou), Ticket(seatNo=388145690, startStation=shanghai, destStation=suzhou), Ticket(seatNo=1277071603, startStation=shanghai, destStation=suzhou), Ticket(seatNo=796991928, startStation=shanghai, destStation=suzhou), Ticket(seatNo=884504981, startStation=shanghai, destStation=suzhou), Ticket(seatNo=967371941, startStation=shanghai, destStation=suzhou), Ticket(seatNo=2003998246, startStation=shanghai, destStation=suzhou), Ticket(seatNo=255953355, startStation=shanghai, destStation=suzhou), Ticket(seatNo=939595525, startStation=shanghai, destStation=suzhou), Ticket(seatNo=1544334905, startStation=shanghai, destStation=suzhou), Ticket(seatNo=1102117997, startStation=shanghai, destStation=suzhou), Ticket(seatNo=1635610308, startStation=shanghai, destStation=suzhou), Ticket(seatNo=592648285, startStation=shanghai, destStation=suzhou), Ticket(seatNo=66104728, startStation=shanghai, destStation=suzhou), Ticket(seatNo=1613887154, startStation=shanghai, destStation=suzhou), Ticket(seatNo=1525464784, startStation=shanghai, destStation=suzhou), Ticket(seatNo=2133302187, startStation=shanghai, destStation=suzhou), Ticket(seatNo=6271054, startStation=shanghai, destStation=suzhou), Ticket(seatNo=2008071408, startStation=shanghai, destStation=suzhou), Ticket(seatNo=1652274605, startStation=shanghai, destStation=suzhou), Ticket(seatNo=277571395, startStation=shanghai, destStation=suzhou), Ticket(seatNo=1196333812, startStation=shanghai, destStation=suzhou), Ticket(seatNo=579526857, startStation=shanghai, destStation=suzhou), Ticket(seatNo=2105768386, startStation=shanghai, destStation=suzhou), Ticket(seatNo=373807162, startStation=shanghai, destStation=suzhou), Ticket(seatNo=653737940, startStation=shanghai, destStation=suzhou), Ticket(seatNo=1642434373, startStation=shanghai, destStation=suzhou), Ticket(seatNo=1488059796, startStation=shanghai, destStation=suzhou), Ticket(seatNo=1551628343, startStation=shanghai, destStation=suzhou), Ticket(seatNo=768843654, startStation=shanghai, destStation=suzhou), Ticket(seatNo=368572971, startStation=shanghai, destStation=suzhou), Ticket(seatNo=1880391439, startStation=shanghai, destStation=suzhou), Ticket(seatNo=820971079, startStation=shanghai, destStation=suzhou), Ticket(seatNo=1977222074, startStation=shanghai, destStation=suzhou), Ticket(seatNo=321239528, startStation=shanghai, destStation=suzhou), Ticket(seatNo=1431760116, startStation=shanghai, destStation=suzhou), Ticket(seatNo=1345938270, startStation=shanghai, destStation=suzhou), Ticket(seatNo=2007250301, startStation=shanghai, destStation=suzhou), Ticket(seatNo=57757292, startStation=shanghai, destStation=suzhou), Ticket(seatNo=2033777081, startStation=shanghai, destStation=suzhou), Ticket(seatNo=1685037576, startStation=shanghai, destStation=suzhou), Ticket(seatNo=1234414041, startStation=shanghai, destStation=suzhou), Ticket(seatNo=1188886554, startStation=shanghai, destStation=suzhou), Ticket(seatNo=1398540255, startStation=shanghai, destStation=suzhou), Ticket(seatNo=1505819981, startStation=shanghai, destStation=suzhou), Ticket(seatNo=610865531, startStation=shanghai, destStation=suzhou), Ticket(seatNo=885526982, startStation=shanghai, destStation=suzhou), Ticket(seatNo=1341903663, startStation=shanghai, destStation=suzhou), Ticket(seatNo=409751086, startStation=shanghai, destStation=suzhou), Ticket(seatNo=969849650, startStation=shanghai, destStation=suzhou), Ticket(seatNo=1181612285, startStation=shanghai, destStation=suzhou), Ticket(seatNo=580513787, startStation=shanghai, destStation=suzhou), Ticket(seatNo=1337517061, startStation=shanghai, destStation=suzhou), Ticket(seatNo=2106329292, startStation=shanghai, destStation=suzhou), Ticket(seatNo=1008735637, startStation=shanghai, destStation=suzhou), Ticket(seatNo=1983953833, startStation=shanghai, destStation=suzhou), Ticket(seatNo=629859133, startStation=shanghai, destStation=suzhou), Ticket(seatNo=1693615987, startStation=shanghai, destStation=suzhou), Ticket(seatNo=665929265, startStation=shanghai, destStation=suzhou), Ticket(seatNo=1625899717, startStation=shanghai, destStation=suzhou), Ticket(seatNo=691667494, startStation=shanghai, destStation=suzhou), Ticket(seatNo=716244515, startStation=shanghai, destStation=suzhou), Ticket(seatNo=146358183, startStation=shanghai, destStation=suzhou), Ticket(seatNo=494530580, startStation=shanghai, destStation=suzhou), Ticket(seatNo=1831095362, startStation=shanghai, destStation=suzhou), Ticket(seatNo=1775851249, startStation=shanghai, destStation=suzhou), Ticket(seatNo=1616593235, startStation=shanghai, destStation=suzhou), Ticket(seatNo=2070280767, startStation=shanghai, destStation=suzhou), Ticket(seatNo=1077203125, startStation=shanghai, destStation=suzhou), Ticket(seatNo=414945371, startStation=shanghai, destStation=suzhou), Ticket(seatNo=1399524661, startStation=shanghai, destStation=suzhou), Ticket(seatNo=1254215660, startStation=shanghai, destStation=suzhou), Ticket(seatNo=1008619349, startStation=shanghai, destStation=suzhou), Ticket(seatNo=748345910, startStation=shanghai, destStation=suzhou), Ticket(seatNo=1518146377, startStation=shanghai, destStation=suzhou), Ticket(seatNo=1775631158, startStation=shanghai, destStation=suzhou), Ticket(seatNo=209526615, startStation=shanghai, destStation=suzhou), Ticket(seatNo=329736953, startStation=shanghai, destStation=suzhou), Ticket(seatNo=1720990615, startStation=shanghai, destStation=suzhou), Ticket(seatNo=161055820, startStation=shanghai, destStation=suzhou), Ticket(seatNo=251113415, startStation=shanghai, destStation=suzhou), Ticket(seatNo=1198421777, startStation=shanghai, destStation=suzhou), Ticket(seatNo=1759358576, startStation=shanghai, destStation=suzhou), Ticket(seatNo=877350021, startStation=shanghai, destStation=suzhou), Ticket(seatNo=1312038844, startStation=shanghai, destStation=suzhou), Ticket(seatNo=2029826895, startStation=shanghai, destStation=suzhou), Ticket(seatNo=423504501, startStation=shanghai, destStation=suzhou), Ticket(seatNo=1556416438, startStation=shanghai, destStation=suzhou), Ticket(seatNo=1301822896, startStation=shanghai, destStation=suzhou), Ticket(seatNo=1795669000, startStation=shanghai, destStation=suzhou), Ticket(seatNo=2109021591, startStation=shanghai, destStation=suzhou), Ticket(seatNo=1896961319, startStation=shanghai, destStation=suzhou), Ticket(seatNo=1501860739, startStation=shanghai, destStation=suzhou), Ticket(seatNo=670484785, startStation=shanghai, destStation=suzhou), Ticket(seatNo=605778711, startStation=shanghai, destStation=suzhou), Ticket(seatNo=647991026, startStation=shanghai, destStation=suzhou), Ticket(seatNo=1312209848, startStation=shanghai, destStation=suzhou), Ticket(seatNo=795533255, startStation=shanghai, destStation=suzhou), Ticket(seatNo=1727000194, startStation=shanghai, destStation=suzhou), Ticket(seatNo=1514781946, startStation=shanghai, destStation=suzhou), Ticket(seatNo=1528089102, startStation=shanghai, destStation=suzhou), Ticket(seatNo=1843632525, startStation=shanghai, destStation=suzhou), Ticket(seatNo=1789842840, startStation=shanghai, destStation=suzhou), Ticket(seatNo=1584441848, st"",""stream"":""stdout"",""time"":""2025-06-06T09:22:30.892191482Z""}"
2025-06-06T09:22:30.841466622Z,1674984150841466622,33.33.33.82,ts-seat-service-5c95b49cff-tdsdz,server,ed5b1a54c3a69343920aaf7ce398e59b,3eaec347b322a2c8,"{""log"":""17:22:30.840 INFO  s.s.SeatServiceImpl#54 TraceID: ed5b1a54c3a69343920aaf7ce398e59b SpanID: 3eaec347b322a2c8 [distributeSeat][TrainNumber start][G or D]\n"",""stream"":""stdout"",""time"":""2025-06-06T09:22:30.841466622Z""}"
2025-06-06T09:22:30.841129279Z,1674984150841129279,33.33.33.82,ts-seat-service-5c95b49cff-tdsdz,server,ed5b1a54c3a69343920aaf7ce398e59b,3eaec347b322a2c8,"{""log"":""17:22:30.840 INFO  s.c.SeatController#41 TraceID: ed5b1a54c3a69343920aaf7ce398e59b SpanID: 3eaec347b322a2c8 [distributeSeat][Create seat][TravelDate: 2023-01-29,TrainNumber: D1345,SeatType: 3]\n"",""stream"":""stdout"",""time"":""2025-06-06T09:22:30.841129279Z""}"
2025-06-06T09:22:30.767298543Z,1674984150767298543,33.33.33.82,ts-seat-service-5c95b49cff-tdsdz,server,ed5b1a54c3a69343920aaf7ce398e59b,f285170e0ee95d33,"{""log"":""17:22:30.766 INFO  s.s.SeatServiceImpl#217 TraceID: ed5b1a54c3a69343920aaf7ce398e59b SpanID: f285170e0ee95d33 [getDirectProportion][Configs is : Config(name=DirectTicketAllocationProportion, value=0.5, description=Allocation Proportion Of The Direct Ticket - From Start To End)]\n"",""stream"":""stdout"",""time"":""2025-06-06T09:22:30.767298543Z""}"
2025-06-06T09:22:30.760302665Z,1674984150760302665,33.33.33.82,ts-seat-service-5c95b49cff-tdsdz,server,ed5b1a54c3a69343920aaf7ce398e59b,f285170e0ee95d33,"{""log"":""17:22:30.758 INFO  s.s.SeatServiceImpl#151 TraceID: ed5b1a54c3a69343920aaf7ce398e59b SpanID: f285170e0ee95d33 [getLeftTicketOfInterval][Get Order tickets result][result is \u003c200,Response(status=1, msg=Success, data=LeftTicketInfo{soldTickets=[Ticket(seatNo=201009634, startStation=shanghai, destStation=suzhou), Ticket(seatNo=793856134, startStation=shanghai, destStation=suzhou), Ticket(seatNo=1460607244, startStation=shanghai, destStation=suzhou), Ticket(seatNo=1893506521, startStation=shanghai, destStation=suzhou), Ticket(seatNo=1380769004, startStation=shanghai, destStation=suzhou), Ticket(seatNo=603898922, startStation=shanghai, destStation=suzhou), Ticket(seatNo=2143932925, startStation=shanghai, destStation=suzhou), Ticket(seatNo=1561348498, startStation=shanghai, destStation=suzhou), Ticket(seatNo=886885033, startStation=shanghai, destStation=suzhou), Ticket(seatNo=422262624, startStation=shanghai, destStation=suzhou), Ticket(seatNo=361790838, startStation=shanghai, destStation=suzhou), Ticket(seatNo=266878641, startStation=shanghai, destStation=suzhou), Ticket(seatNo=1121266960, startStation=shanghai, destStation=suzhou), Ticket(seatNo=487102316, startStation=shanghai, destStation=suzhou), Ticket(seatNo=1374930393, startStation=shanghai, destStation=suzhou), Ticket(seatNo=1767519527, startStation=shanghai, destStation=suzhou), Ticket(seatNo=1803156456, startStation=shanghai, destStation=suzhou), Ticket(seatNo=313223057, startStation=shanghai, destStation=suzhou), Ticket(seatNo=1524529309, startStation=shanghai, destStation=suzhou), Ticket(seatNo=670312232, startStation=shanghai, destStation=suzhou), Ticket(seatNo=1946032193, startStation=shanghai, destStation=suzhou), Ticket(seatNo=828994518, startStation=shanghai, destStation=suzhou), Ticket(seatNo=1079442689, startStation=shanghai, destStation=suzhou), Ticket(seatNo=710165669, startStation=shanghai, destStation=suzhou), Ticket(seatNo=1012345336, startStation=shanghai, destStation=suzhou), Ticket(seatNo=44007696, startStation=shanghai, destStation=suzhou), Ticket(seatNo=2038743294, startStation=shanghai, destStation=suzhou), Ticket(seatNo=674075465, startStation=shanghai, destStation=suzhou), Ticket(seatNo=1337412878, startStation=shanghai, destStation=suzhou), Ticket(seatNo=1252360897, startStation=shanghai, destStation=suzhou), Ticket(seatNo=1084947215, startStation=shanghai, destStation=suzhou), Ticket(seatNo=349324291, startStation=shanghai, destStation=suzhou), Ticket(seatNo=612611721, startStation=shanghai, destStation=suzhou), Ticket(seatNo=1914907225, startStation=shanghai, destStation=suzhou), Ticket(seatNo=1033454023, startStation=shanghai, destStation=suzhou), Ticket(seatNo=146315145, startStation=shanghai, destStation=suzhou), Ticket(seatNo=507669879, startStation=shanghai, destStation=suzhou), Ticket(seatNo=1114532875, startStation=shanghai, destStation=suzhou), Ticket(seatNo=2047347471, startStation=shanghai, destStation=suzhou), Ticket(seatNo=2112226830, startStation=shanghai, destStation=suzhou), Ticket(seatNo=471687199, startStation=shanghai, destStation=suzhou), Ticket(seatNo=891385160, startStation=shanghai, destStation=suzhou), Ticket(seatNo=52112621, startStation=shanghai, destStation=suzhou), Ticket(seatNo=843566710, startStation=shanghai, destStation=suzhou), Ticket(seatNo=668440018, startStation=shanghai, destStation=suzhou), Ticket(seatNo=1886885132, startStation=shanghai, destStation=suzhou), Ticket(seatNo=1927170957, startStation=shanghai, destStation=suzhou), Ticket(seatNo=1085229400, startStation=shanghai, destStation=suzhou), Ticket(seatNo=707425904, startStation=shanghai, destStation=suzhou), Ticket(seatNo=464947381, startStation=shanghai, destStation=suzhou), Ticket(seatNo=862409196, startStation=shanghai, destStation=suzhou), Ticket(seatNo=1527980233, startStation=shanghai, destStation=suzhou), Ticket(seatNo=1194070081, startStation=shanghai, destStation=suzhou), Ticket(seatNo=698985417, startStation=shanghai, destStation=suzhou), Ticket(seatNo=1434255230, startStation=shanghai, destStation=suzhou), Ticket(seatNo=107342144, startStation=shanghai, destStation=suzhou), Ticket(seatNo=1346447524, startStation=shanghai, destStation=suzhou), Ticket(seatNo=1609976732, startStation=shanghai, destStation=suzhou), Ticket(seatNo=1625975337, startStation=shanghai, destStation=suzhou), Ticket(seatNo=730221217, startStation=shanghai, destStation=suzhou), Ticket(seatNo=1452994271, startStation=shanghai, destStation=suzhou), Ticket(seatNo=2082261134, startStation=shanghai, destStation=suzhou), Ticket(seatNo=1034161263, startStation=shanghai, destStation=suzhou), Ticket(seatNo=1433770610, startStation=shanghai, destStation=suzhou), Ticket(seatNo=1944406239, startStation=shanghai, destStation=suzhou), Ticket(seatNo=806364822, startStation=shanghai, destStation=suzhou), Ticket(seatNo=1474417815, startStation=shanghai, destStation=suzhou), Ticket(seatNo=344808965, startStation=shanghai, destStation=suzhou), Ticket(seatNo=1460046435, startStation=shanghai, destStation=suzhou), Ticket(seatNo=1833738100, startStation=shanghai, destStation=suzhou), Ticket(seatNo=54121485, startStation=shanghai, destStation=suzhou), Ticket(seatNo=478312199, startStation=shanghai, destStation=suzhou), Ticket(seatNo=141657437, startStation=shanghai, destStation=suzhou), Ticket(seatNo=1646294862, startStation=shanghai, destStation=suzhou), Ticket(seatNo=369778934, startStation=shanghai, destStation=suzhou), Ticket(seatNo=1311485713, startStation=shanghai, destStation=suzhou), Ticket(seatNo=1126367806, startStation=shanghai, destStation=suzhou), Ticket(seatNo=1554687036, startStation=shanghai, destStation=suzhou), Ticket(seatNo=566990115, startStation=shanghai, destStation=suzhou), Ticket(seatNo=1175494979, startStation=shanghai, destStation=suzhou), Ticket(seatNo=1541121627, startStation=shanghai, destStation=suzhou), Ticket(seatNo=1203609265, startStation=shanghai, destStation=suzhou), Ticket(seatNo=1921549183, startStation=shanghai, destStation=suzhou), Ticket(seatNo=1918183508, startStation=shanghai, destStation=suzhou), Ticket(seatNo=1598092512, startStation=shanghai, destStation=suzhou), Ticket(seatNo=1267647479, startStation=shanghai, destStation=suzhou), Ticket(seatNo=1640780669, startStation=shanghai, destStation=suzhou), Ticket(seatNo=407197519, startStation=shanghai, destStation=suzhou), Ticket(seatNo=1405122139, startStation=shanghai, destStation=suzhou), Ticket(seatNo=1008516158, startStation=shanghai, destStation=suzhou), Ticket(seatNo=773494342, startStation=shanghai, destStation=suzhou), Ticket(seatNo=1043628352, startStation=shanghai, destStation=suzhou), Ticket(seatNo=146007906, startStation=shanghai, destStation=suzhou), Ticket(seatNo=1530463700, startStation=shanghai, destStation=suzhou), Ticket(seatNo=1879301093, startStation=shanghai, destStation=suzhou), Ticket(seatNo=402964895, startStation=shanghai, destStation=suzhou), Ticket(seatNo=1796322721, startStation=shanghai, destStation=suzhou), Ticket(seatNo=1331075716, startStation=shanghai, destStation=suzhou), Ticket(seatNo=1240049243, startStation=shanghai, destStation=suzhou), Ticket(seatNo=590521180, startStation=shanghai, destStation=suzhou), Ticket(seatNo=1506651732, startStation=shanghai, destStation=suzhou), Ticket(seatNo=1873621396, startStation=shanghai, destStation=suzhou), Ticket(seatNo=2132514663, startStation=shanghai, destStation=suzhou), Ticket(seatNo=97126401, startStation=shanghai, destStation=suzhou), Ticket(seatNo=1143590204, startStation=shanghai, destStation=suzhou), Ticket(seatNo=1203471531, startStation=shanghai, destStation=suzhou), Ticket(seatNo=1081967951, startStation=shanghai, destStation=suzhou), Ticket(seatNo=1361949694, startStation=shanghai, destStation=suzhou), Ticket(seatNo=770819065, startStation=shanghai, destStation=suzhou), Ticket(seatNo=1734991119, startStation=shanghai, destStation=suzhou), Ticket(seatNo=1171302207, startStation=shanghai, destStation=suzhou), Ticket(seatNo=896926119, startStation=shanghai, destStation=suzhou), Ticket(seatNo=429977698, startStation=shanghai, destStation=suzhou), Ticket(seatNo=1700949544, startStation=shanghai, destStation=suzhou), Ticket(seatNo=1993109739, startStation=shanghai, destStation=suzhou), Ticket(seatNo=95888109, startStation=shanghai, destStation=suzhou), Ticket(seatNo=1754065861, startStation=shanghai, destStation=suzhou), Ticket(seatNo=154019644, startStation=shanghai, destStation=suzhou), Ticket(seatNo=524582401, startStation=shanghai, destStation=suzhou), Ticket(seatNo=1334753364, startStation=shanghai, destStation=suzhou), Ticket(seatNo=1986288796, startStation=shanghai, destStation=suzhou), Ticket(seatNo=554296196, startStation=shanghai, destStation=suzhou), Ticket(seatNo=633463036, startStation=shanghai, destStation=suzhou), Ticket(seatNo=436767015, startStation=shanghai, destStation=suzhou), Ticket(seatNo=1239327412, startStation=shanghai, destStation=suzhou), Ticket(seatNo=790314884, startStation=shanghai, destStation=suzhou), Ticket(seatNo=767880562, startStation=shanghai, destStation=suzhou), Ticket(seatNo=1882983382, startStation=shanghai, destStation=suzhou), Ticket(seatNo=1796077830, startStation=shanghai, destStation=suzhou), Ticket(seatNo=1256846996, startStation=shanghai, destStation=suzhou), Ticket(seatNo=388145690, startStation=shanghai, destStation=suzhou), Ticket(seatNo=1277071603, startStation=shanghai, destStation=suzhou), Ticket(seatNo=796991928, startStation=shanghai, destStation=suzhou), Ticket(seatNo=884504981, startStation=shanghai, destStation=suzhou), Ticket(seatNo=967371941, startStation=shanghai, destStation=suzhou), Ticket(seatNo=2003998246, startStation=shanghai, destStation=suzhou), Ticket(seatNo=255953355, startStation=shanghai, destStation=suzhou), Ticket(seatNo=939595525, startStation=shanghai, destStation=suzhou), Ticket(seatNo=1544334905, startStation=shanghai, destStation=suzhou), Ticket(seatNo=1102117997, startStation=shanghai, destStation=suzhou), Ticket(seatNo=1635610308, startStation=shanghai, destStation=suzhou), Ticket(seatNo=592648285, startStation=shanghai, destStation=suzhou), Ticket(seatNo=66104728, startStation=shanghai, destStation=suzhou), Ticket(seatNo=1613887154, startStation=shanghai, destStation=suzhou), Ticket(seatNo=1525464784, startStation=shanghai, destStation=suzhou), Ticket(seatNo=2133302187, startStation=shanghai, destStation=suzhou), Ticket(seatNo=6271054, startStation=shanghai, destStation=suzhou), Ticket(seatNo=2008071408, startStation=shanghai, destStation=suzhou), Ticket(seatNo=1652274605, startStation=shanghai, destStation=suzhou), Ticket(seatNo=277571395, startStation=shanghai, destStation=suzhou), Ticket(seatNo=1196333812, startStation=shanghai, destStation=suzhou), Ticket(seatNo=579526857, startStation=shanghai, destStation=suzhou), Ticket(seatNo=2105768386, startStation=shanghai, destStation=suzhou), Ticket(seatNo=373807162, startStation=shanghai, destStation=suzhou), Ticket(seatNo=653737940, startStation=shanghai, destStation=suzhou), Ticket(seatNo=1642434373, startStation=shanghai, destStation=suzhou), Ticket(seatNo=1488059796, startStation=shanghai, destStation=suzhou), Ticket(seatNo=1551628343, startStation=shanghai, destStation=suzhou), Ticket(seatNo=768843654, startStation=shanghai, destStation=suzhou), Ticket(seatNo=368572971, startStation=shanghai, destStation=suzhou), Ticket(seatNo=1880391439, startStation=shanghai, destStation=suzhou), Ticket(seatNo=820971079, startStation=shanghai, destStation=suzhou), Ticket(seatNo=1977222074, startStation=shanghai, destStation=suzhou), Ticket(seatNo=321239528, startStation=shanghai, destStation=suzhou), Ticket(seatNo=1431760116, startStation=shanghai, destStation=suzhou), Ticket(seatNo=1345938270, startStation=shanghai, destStation=suzhou), Ticket(seatNo=2007250301, startStation=shanghai, destStation=suzhou), Ticket(seatNo=57757292, startStation=shanghai, destStation=suzhou), Ticket(seatNo=2033777081, startStation=shanghai, destStation=suzhou), Ticket(seatNo=1685037576, startStation=shanghai, destStation=suzhou), Ticket(seatNo=1234414041, startStation=shanghai, destStation=suzhou), Ticket(seatNo=1188886554, startStation=shanghai, destStation=suzhou), Ticket(seatNo=1398540255, startStation=shanghai, destStation=suzhou), Ticket(seatNo=1505819981, startStation=shanghai, destStation=suzhou), Ticket(seatNo=610865531, startStation=shanghai, destStation=suzhou), Ticket(seatNo=885526982, startStation=shanghai, destStation=suzhou), Ticket(seatNo=1341903663, startStation=shanghai, destStation=suzhou), Ticket(seatNo=409751086, startStation=shanghai, destStation=suzhou), Ticket(seatNo=969849650, startStation=shanghai, destStation=suzhou), Ticket(seatNo=1181612285, startStation=shanghai, destStation=suzhou), Ticket(seatNo=580513787, startStation=shanghai, destStation=suzhou), Ticket(seatNo=1337517061, startStation=shanghai, destStation=suzhou), Ticket(seatNo=2106329292, startStation=shanghai, destStation=suzhou), Ticket(seatNo=1008735637, startStation=shanghai, destStation=suzhou), Ticket(seatNo=1983953833, startStation=shanghai, destStation=suzhou), Ticket(seatNo=629859133, startStation=shanghai, destStation=suzhou), Ticket(seatNo=1693615987, startStation=shanghai, destStation=suzhou), Ticket(seatNo=665929265, startStation=shanghai, destStation=suzhou), Ticket(seatNo=1625899717, startStation=shanghai, destStation=suzhou), Ticket(seatNo=691667494, startStation=shanghai, destStation=suzhou), Ticket(seatNo=716244515, startStation=shanghai, destStation=suzhou), Ticket(seatNo=146358183, startStation=shanghai, destStation=suzhou), Ticket(seatNo=494530580, startStation=shanghai, destStation=suzhou), Ticket(seatNo=1831095362, startStation=shanghai, destStation=suzhou), Ticket(seatNo=1775851249, startStation=shanghai, destStation=suzhou), Ticket(seatNo=1616593235, startStation=shanghai, destStation=suzhou), Ticket(seatNo=2070280767, startStation=shanghai, destStation=suzhou), Ticket(seatNo=1077203125, startStation=shanghai, destStation=suzhou), Ticket(seatNo=414945371, startStation=shanghai, destStation=suzhou), Ticket(seatNo=1399524661, startStation=shanghai, destStation=suzhou), Ticket(seatNo=1254215660, startStation=shanghai, destStation=suzhou), Ticket(seatNo=1008619349, startStation=shanghai, destStation=suzhou), Ticket(seatNo=748345910, startStation=shanghai, destStation=suzhou), Ticket(seatNo=1518146377, startStation=shanghai, destStation=suzhou), Ticket(seatNo=1775631158, startStation=shanghai, destStation=suzhou), Ticket(seatNo=209526615, startStation=shanghai, destStation=suzhou), Ticket(seatNo=329736953, startStation=shanghai, destStation=suzhou), Ticket(seatNo=1720990615, startStation=shanghai, destStation=suzhou), Ticket(seatNo=161055820, startStation=shanghai, destStation=suzhou), Ticket(seatNo=251113415, startStation=shanghai, destStation=suzhou), Ticket(seatNo=1198421777, startStation=shanghai, destStation=suzhou), Ticket(seatNo=1759358576, startStation=shanghai, destStation=suzhou), Ticket(seatNo=877350021, startStation=shanghai, destStation=suzhou), Ticket(seatNo=1312038844, startStation=shanghai, destStation=suzhou), Ticket(seatNo=2029826895, startStation=shanghai, destStation=suzhou), Ticket(seatNo=423504501, startStation=shanghai, destStation=suzhou), Ticket(seatNo=1556416438, startStation=shanghai, destStation=suzhou), Ticket(seatNo=1301822896, startStation=shanghai, destStation=suzhou), Ticket(seatNo=1795669000, startStation=shanghai, destStation=suzhou), Ticket(seatNo=2109021591, startStation=shanghai, destStation=suzhou), Ticket(seatNo=1896961319, startStation=shanghai, destStation=suzhou), Ticket(seatNo=1501860739, startStation=shanghai, destStation=suzhou), Ticket(seatNo=670484785, startStation=shanghai, destStation=suzhou), Ticket(seatNo=605778711, startStation=shanghai, destStation=suzhou), Ticket(seatNo=647991026, startStation=shanghai, destStation=suzhou), Ticket(seatNo=1312209848, startStation=shanghai, destStation=suzhou), Ticket(seatNo=795533255, startStation=shanghai, destStation=suzhou), Ticket(seatNo=1727000194, startStation=shanghai, destStation=suzhou), Ticket(seatNo=1514781946, startStation=shanghai, destStation=suzhou), Ticket(seatNo=1528089102, startStation=shanghai, destStation=suzhou), Ticket(seatNo=1843632525, startStation=shanghai, destStation=suzhou), Ticket(seatNo=1789842840, startStation=shanghai, destStation=suzhou), Ticke"",""stream"":""stdout"",""time"":""2025-06-06T09:22:30.760302665Z""}"
2025-06-06T09:22:30.641853037Z,1674984150641853037,33.33.33.82,ts-seat-service-5c95b49cff-tdsdz,server,ed5b1a54c3a69343920aaf7ce398e59b,f285170e0ee95d33,"{""log"":""17:22:30.641 INFO  s.s.SeatServiceImpl#139 TraceID: ed5b1a54c3a69343920aaf7ce398e59b SpanID: f285170e0ee95d33 [getLeftTicketOfInterval][TrainNumber start with G|D][trainNumber:D1345]\n"",""stream"":""stdout"",""time"":""2025-06-06T09:22:30.641853037Z""}"
2025-06-06T09:22:30.641468497Z,1674984150641468497,33.33.33.82,ts-seat-service-5c95b49cff-tdsdz,server,ed5b1a54c3a69343920aaf7ce398e59b,f285170e0ee95d33,"{""log"":""17:22:30.640 INFO  s.s.SeatServiceImpl#137 TraceID: ed5b1a54c3a69343920aaf7ce398e59b SpanID: f285170e0ee95d33 [getLeftTicketOfInterval][Seat request][request:Seat(travelDate=2023-01-29, trainNumber=D1345, startStation=shanghai, destStation=suzhou, seatType=3, totalNum=2147483647, stations=[shanghai, suzhou])]\n"",""stream"":""stdout"",""time"":""2025-06-06T09:22:30.641468497Z""}"
2025-06-06T09:22:30.641049344Z,1674984150641049344,33.33.33.82,ts-seat-service-5c95b49cff-tdsdz,server,ed5b1a54c3a69343920aaf7ce398e59b,f285170e0ee95d33,"{""log"":""17:22:30.640 INFO  s.c.SeatController#57 TraceID: ed5b1a54c3a69343920aaf7ce398e59b SpanID: f285170e0ee95d33 [getLeftTicketOfInterval][Get left ticket of interval][TravelDate: 2023-01-29,TrainNumber: D1345,SeatType: 3]\n"",""stream"":""stdout"",""time"":""2025-06-06T09:22:30.641049344Z""}"
2025-06-06T09:22:30.415745705Z,1674984150415745705,33.33.33.82,ts-seat-service-5c95b49cff-tdsdz,server,ed5b1a54c3a69343920aaf7ce398e59b,856273335deef065,"{""log"":""17:22:30.414 INFO  s.s.SeatServiceImpl#217 TraceID: ed5b1a54c3a69343920aaf7ce398e59b SpanID: 856273335deef065 [getDirectProportion][Configs is : Config(name=DirectTicketAllocationProportion, value=0.5, description=Allocation Proportion Of The Direct Ticket - From Start To End)]\n"",""stream"":""stdout"",""time"":""2025-06-06T09:22:30.415745705Z""}"
2025-06-06T09:22:30.409635178Z,1674984150409635178,33.33.33.82,ts-seat-service-5c95b49cff-tdsdz,server,ed5b1a54c3a69343920aaf7ce398e59b,856273335deef065,"{""log"":""17:22:30.408 INFO  s.s.SeatServiceImpl#151 TraceID: ed5b1a54c3a69343920aaf7ce398e59b SpanID: 856273335deef065 [getLeftTicketOfInterval][Get Order tickets result][result is \u003c200,Response(status=1, msg=Success, data=LeftTicketInfo{soldTickets=[Ticket(seatNo=201009634, startStation=shanghai, destStation=suzhou), Ticket(seatNo=793856134, startStation=shanghai, destStation=suzhou), Ticket(seatNo=1460607244, startStation=shanghai, destStation=suzhou), Ticket(seatNo=1893506521, startStation=shanghai, destStation=suzhou), Ticket(seatNo=1380769004, startStation=shanghai, destStation=suzhou), Ticket(seatNo=603898922, startStation=shanghai, destStation=suzhou), Ticket(seatNo=2143932925, startStation=shanghai, destStation=suzhou), Ticket(seatNo=1561348498, startStation=shanghai, destStation=suzhou), Ticket(seatNo=886885033, startStation=shanghai, destStation=suzhou), Ticket(seatNo=422262624, startStation=shanghai, destStation=suzhou), Ticket(seatNo=361790838, startStation=shanghai, destStation=suzhou), Ticket(seatNo=266878641, startStation=shanghai, destStation=suzhou), Ticket(seatNo=1121266960, startStation=shanghai, destStation=suzhou), Ticket(seatNo=487102316, startStation=shanghai, destStation=suzhou), Ticket(seatNo=1374930393, startStation=shanghai, destStation=suzhou), Ticket(seatNo=1767519527, startStation=shanghai, destStation=suzhou), Ticket(seatNo=1803156456, startStation=shanghai, destStation=suzhou), Ticket(seatNo=313223057, startStation=shanghai, destStation=suzhou), Ticket(seatNo=1524529309, startStation=shanghai, destStation=suzhou), Ticket(seatNo=670312232, startStation=shanghai, destStation=suzhou), Ticket(seatNo=1946032193, startStation=shanghai, destStation=suzhou), Ticket(seatNo=828994518, startStation=shanghai, destStation=suzhou), Ticket(seatNo=1079442689, startStation=shanghai, destStation=suzhou), Ticket(seatNo=710165669, startStation=shanghai, destStation=suzhou), Ticket(seatNo=1012345336, startStation=shanghai, destStation=suzhou), Ticket(seatNo=44007696, startStation=shanghai, destStation=suzhou), Ticket(seatNo=2038743294, startStation=shanghai, destStation=suzhou), Ticket(seatNo=674075465, startStation=shanghai, destStation=suzhou), Ticket(seatNo=1337412878, startStation=shanghai, destStation=suzhou), Ticket(seatNo=1252360897, startStation=shanghai, destStation=suzhou), Ticket(seatNo=1084947215, startStation=shanghai, destStation=suzhou), Ticket(seatNo=349324291, startStation=shanghai, destStation=suzhou), Ticket(seatNo=612611721, startStation=shanghai, destStation=suzhou), Ticket(seatNo=1914907225, startStation=shanghai, destStation=suzhou), Ticket(seatNo=1033454023, startStation=shanghai, destStation=suzhou), Ticket(seatNo=146315145, startStation=shanghai, destStation=suzhou), Ticket(seatNo=507669879, startStation=shanghai, destStation=suzhou), Ticket(seatNo=1114532875, startStation=shanghai, destStation=suzhou), Ticket(seatNo=2047347471, startStation=shanghai, destStation=suzhou), Ticket(seatNo=2112226830, startStation=shanghai, destStation=suzhou), Ticket(seatNo=471687199, startStation=shanghai, destStation=suzhou), Ticket(seatNo=891385160, startStation=shanghai, destStation=suzhou), Ticket(seatNo=52112621, startStation=shanghai, destStation=suzhou), Ticket(seatNo=843566710, startStation=shanghai, destStation=suzhou), Ticket(seatNo=668440018, startStation=shanghai, destStation=suzhou), Ticket(seatNo=1886885132, startStation=shanghai, destStation=suzhou), Ticket(seatNo=1927170957, startStation=shanghai, destStation=suzhou), Ticket(seatNo=1085229400, startStation=shanghai, destStation=suzhou), Ticket(seatNo=707425904, startStation=shanghai, destStation=suzhou), Ticket(seatNo=464947381, startStation=shanghai, destStation=suzhou), Ticket(seatNo=862409196, startStation=shanghai, destStation=suzhou), Ticket(seatNo=1527980233, startStation=shanghai, destStation=suzhou), Ticket(seatNo=1194070081, startStation=shanghai, destStation=suzhou), Ticket(seatNo=698985417, startStation=shanghai, destStation=suzhou), Ticket(seatNo=1434255230, startStation=shanghai, destStation=suzhou), Ticket(seatNo=107342144, startStation=shanghai, destStation=suzhou), Ticket(seatNo=1346447524, startStation=shanghai, destStation=suzhou), Ticket(seatNo=1609976732, startStation=shanghai, destStation=suzhou), Ticket(seatNo=1625975337, startStation=shanghai, destStation=suzhou), Ticket(seatNo=730221217, startStation=shanghai, destStation=suzhou), Ticket(seatNo=1452994271, startStation=shanghai, destStation=suzhou), Ticket(seatNo=2082261134, startStation=shanghai, destStation=suzhou), Ticket(seatNo=1034161263, startStation=shanghai, destStation=suzhou), Ticket(seatNo=1433770610, startStation=shanghai, destStation=suzhou), Ticket(seatNo=1944406239, startStation=shanghai, destStation=suzhou), Ticket(seatNo=806364822, startStation=shanghai, destStation=suzhou), Ticket(seatNo=1474417815, startStation=shanghai, destStation=suzhou), Ticket(seatNo=344808965, startStation=shanghai, destStation=suzhou), Ticket(seatNo=1460046435, startStation=shanghai, destStation=suzhou), Ticket(seatNo=1833738100, startStation=shanghai, destStation=suzhou), Ticket(seatNo=54121485, startStation=shanghai, destStation=suzhou), Ticket(seatNo=478312199, startStation=shanghai, destStation=suzhou), Ticket(seatNo=141657437, startStation=shanghai, destStation=suzhou), Ticket(seatNo=1646294862, startStation=shanghai, destStation=suzhou), Ticket(seatNo=369778934, startStation=shanghai, destStation=suzhou), Ticket(seatNo=1311485713, startStation=shanghai, destStation=suzhou), Ticket(seatNo=1126367806, startStation=shanghai, destStation=suzhou), Ticket(seatNo=1554687036, startStation=shanghai, destStation=suzhou), Ticket(seatNo=566990115, startStation=shanghai, destStation=suzhou), Ticket(seatNo=1175494979, startStation=shanghai, destStation=suzhou), Ticket(seatNo=1541121627, startStation=shanghai, destStation=suzhou), Ticket(seatNo=1203609265, startStation=shanghai, destStation=suzhou), Ticket(seatNo=1921549183, startStation=shanghai, destStation=suzhou), Ticket(seatNo=1918183508, startStation=shanghai, destStation=suzhou), Ticket(seatNo=1598092512, startStation=shanghai, destStation=suzhou), Ticket(seatNo=1267647479, startStation=shanghai, destStation=suzhou), Ticket(seatNo=1640780669, startStation=shanghai, destStation=suzhou), Ticket(seatNo=407197519, startStation=shanghai, destStation=suzhou), Ticket(seatNo=1405122139, startStation=shanghai, destStation=suzhou), Ticket(seatNo=1008516158, startStation=shanghai, destStation=suzhou), Ticket(seatNo=773494342, startStation=shanghai, destStation=suzhou), Ticket(seatNo=1043628352, startStation=shanghai, destStation=suzhou), Ticket(seatNo=146007906, startStation=shanghai, destStation=suzhou), Ticket(seatNo=1530463700, startStation=shanghai, destStation=suzhou), Ticket(seatNo=1879301093, startStation=shanghai, destStation=suzhou), Ticket(seatNo=402964895, startStation=shanghai, destStation=suzhou), Ticket(seatNo=1796322721, startStation=shanghai, destStation=suzhou), Ticket(seatNo=1331075716, startStation=shanghai, destStation=suzhou), Ticket(seatNo=1240049243, startStation=shanghai, destStation=suzhou), Ticket(seatNo=590521180, startStation=shanghai, destStation=suzhou), Ticket(seatNo=1506651732, startStation=shanghai, destStation=suzhou), Ticket(seatNo=1873621396, startStation=shanghai, destStation=suzhou), Ticket(seatNo=2132514663, startStation=shanghai, destStation=suzhou), Ticket(seatNo=97126401, startStation=shanghai, destStation=suzhou), Ticket(seatNo=1143590204, startStation=shanghai, destStation=suzhou), Ticket(seatNo=1203471531, startStation=shanghai, destStation=suzhou), Ticket(seatNo=1081967951, startStation=shanghai, destStation=suzhou), Ticket(seatNo=1361949694, startStation=shanghai, destStation=suzhou), Ticket(seatNo=770819065, startStation=shanghai, destStation=suzhou), Ticket(seatNo=1734991119, startStation=shanghai, destStation=suzhou), Ticket(seatNo=1171302207, startStation=shanghai, destStation=suzhou), Ticket(seatNo=896926119, startStation=shanghai, destStation=suzhou), Ticket(seatNo=429977698, startStation=shanghai, destStation=suzhou), Ticket(seatNo=1700949544, startStation=shanghai, destStation=suzhou), Ticket(seatNo=1993109739, startStation=shanghai, destStation=suzhou), Ticket(seatNo=95888109, startStation=shanghai, destStation=suzhou), Ticket(seatNo=1754065861, startStation=shanghai, destStation=suzhou), Ticket(seatNo=154019644, startStation=shanghai, destStation=suzhou), Ticket(seatNo=524582401, startStation=shanghai, destStation=suzhou), Ticket(seatNo=1334753364, startStation=shanghai, destStation=suzhou), Ticket(seatNo=1986288796, startStation=shanghai, destStation=suzhou), Ticket(seatNo=554296196, startStation=shanghai, destStation=suzhou), Ticket(seatNo=633463036, startStation=shanghai, destStation=suzhou), Ticket(seatNo=436767015, startStation=shanghai, destStation=suzhou), Ticket(seatNo=1239327412, startStation=shanghai, destStation=suzhou), Ticket(seatNo=790314884, startStation=shanghai, destStation=suzhou), Ticket(seatNo=767880562, startStation=shanghai, destStation=suzhou), Ticket(seatNo=1882983382, startStation=shanghai, destStation=suzhou), Ticket(seatNo=1796077830, startStation=shanghai, destStation=suzhou), Ticket(seatNo=1256846996, startStation=shanghai, destStation=suzhou), Ticket(seatNo=388145690, startStation=shanghai, destStation=suzhou), Ticket(seatNo=1277071603, startStation=shanghai, destStation=suzhou), Ticket(seatNo=796991928, startStation=shanghai, destStation=suzhou), Ticket(seatNo=884504981, startStation=shanghai, destStation=suzhou), Ticket(seatNo=967371941, startStation=shanghai, destStation=suzhou), Ticket(seatNo=2003998246, startStation=shanghai, destStation=suzhou), Ticket(seatNo=255953355, startStation=shanghai, destStation=suzhou), Ticket(seatNo=939595525, startStation=shanghai, destStation=suzhou), Ticket(seatNo=1544334905, startStation=shanghai, destStation=suzhou), Ticket(seatNo=1102117997, startStation=shanghai, destStation=suzhou), Ticket(seatNo=1635610308, startStation=shanghai, destStation=suzhou), Ticket(seatNo=592648285, startStation=shanghai, destStation=suzhou), Ticket(seatNo=66104728, startStation=shanghai, destStation=suzhou), Ticket(seatNo=1613887154, startStation=shanghai, destStation=suzhou), Ticket(seatNo=1525464784, startStation=shanghai, destStation=suzhou), Ticket(seatNo=2133302187, startStation=shanghai, destStation=suzhou), Ticket(seatNo=6271054, startStation=shanghai, destStation=suzhou), Ticket(seatNo=2008071408, startStation=shanghai, destStation=suzhou), Ticket(seatNo=1652274605, startStation=shanghai, destStation=suzhou), Ticket(seatNo=277571395, startStation=shanghai, destStation=suzhou), Ticket(seatNo=1196333812, startStation=shanghai, destStation=suzhou), Ticket(seatNo=579526857, startStation=shanghai, destStation=suzhou), Ticket(seatNo=2105768386, startStation=shanghai, destStation=suzhou), Ticket(seatNo=373807162, startStation=shanghai, destStation=suzhou), Ticket(seatNo=653737940, startStation=shanghai, destStation=suzhou), Ticket(seatNo=1642434373, startStation=shanghai, destStation=suzhou), Ticket(seatNo=1488059796, startStation=shanghai, destStation=suzhou), Ticket(seatNo=1551628343, startStation=shanghai, destStation=suzhou), Ticket(seatNo=768843654, startStation=shanghai, destStation=suzhou), Ticket(seatNo=368572971, startStation=shanghai, destStation=suzhou), Ticket(seatNo=1880391439, startStation=shanghai, destStation=suzhou), Ticket(seatNo=820971079, startStation=shanghai, destStation=suzhou), Ticket(seatNo=1977222074, startStation=shanghai, destStation=suzhou), Ticket(seatNo=321239528, startStation=shanghai, destStation=suzhou), Ticket(seatNo=1431760116, startStation=shanghai, destStation=suzhou), Ticket(seatNo=1345938270, startStation=shanghai, destStation=suzhou), Ticket(seatNo=2007250301, startStation=shanghai, destStation=suzhou), Ticket(seatNo=57757292, startStation=shanghai, destStation=suzhou), Ticket(seatNo=2033777081, startStation=shanghai, destStation=suzhou), Ticket(seatNo=1685037576, startStation=shanghai, destStation=suzhou), Ticket(seatNo=1234414041, startStation=shanghai, destStation=suzhou), Ticket(seatNo=1188886554, startStation=shanghai, destStation=suzhou), Ticket(seatNo=1398540255, startStation=shanghai, destStation=suzhou), Ticket(seatNo=1505819981, startStation=shanghai, destStation=suzhou), Ticket(seatNo=610865531, startStation=shanghai, destStation=suzhou), Ticket(seatNo=885526982, startStation=shanghai, destStation=suzhou), Ticket(seatNo=1341903663, startStation=shanghai, destStation=suzhou), Ticket(seatNo=409751086, startStation=shanghai, destStation=suzhou), Ticket(seatNo=969849650, startStation=shanghai, destStation=suzhou), Ticket(seatNo=1181612285, startStation=shanghai, destStation=suzhou), Ticket(seatNo=580513787, startStation=shanghai, destStation=suzhou), Ticket(seatNo=1337517061, startStation=shanghai, destStation=suzhou), Ticket(seatNo=2106329292, startStation=shanghai, destStation=suzhou), Ticket(seatNo=1008735637, startStation=shanghai, destStation=suzhou), Ticket(seatNo=1983953833, startStation=shanghai, destStation=suzhou), Ticket(seatNo=629859133, startStation=shanghai, destStation=suzhou), Ticket(seatNo=1693615987, startStation=shanghai, destStation=suzhou), Ticket(seatNo=665929265, startStation=shanghai, destStation=suzhou), Ticket(seatNo=1625899717, startStation=shanghai, destStation=suzhou), Ticket(seatNo=691667494, startStation=shanghai, destStation=suzhou), Ticket(seatNo=716244515, startStation=shanghai, destStation=suzhou), Ticket(seatNo=146358183, startStation=shanghai, destStation=suzhou), Ticket(seatNo=494530580, startStation=shanghai, destStation=suzhou), Ticket(seatNo=1831095362, startStation=shanghai, destStation=suzhou), Ticket(seatNo=1775851249, startStation=shanghai, destStation=suzhou), Ticket(seatNo=1616593235, startStation=shanghai, destStation=suzhou), Ticket(seatNo=2070280767, startStation=shanghai, destStation=suzhou), Ticket(seatNo=1077203125, startStation=shanghai, destStation=suzhou), Ticket(seatNo=414945371, startStation=shanghai, destStation=suzhou), Ticket(seatNo=1399524661, startStation=shanghai, destStation=suzhou), Ticket(seatNo=1254215660, startStation=shanghai, destStation=suzhou), Ticket(seatNo=1008619349, startStation=shanghai, destStation=suzhou), Ticket(seatNo=748345910, startStation=shanghai, destStation=suzhou), Ticket(seatNo=1518146377, startStation=shanghai, destStation=suzhou), Ticket(seatNo=1775631158, startStation=shanghai, destStation=suzhou), Ticket(seatNo=209526615, startStation=shanghai, destStation=suzhou), Ticket(seatNo=329736953, startStation=shanghai, destStation=suzhou), Ticket(seatNo=1720990615, startStation=shanghai, destStation=suzhou), Ticket(seatNo=161055820, startStation=shanghai, destStation=suzhou), Ticket(seatNo=251113415, startStation=shanghai, destStation=suzhou), Ticket(seatNo=1198421777, startStation=shanghai, destStation=suzhou), Ticket(seatNo=1759358576, startStation=shanghai, destStation=suzhou), Ticket(seatNo=877350021, startStation=shanghai, destStation=suzhou), Ticket(seatNo=1312038844, startStation=shanghai, destStation=suzhou), Ticket(seatNo=2029826895, startStation=shanghai, destStation=suzhou), Ticket(seatNo=423504501, startStation=shanghai, destStation=suzhou), Ticket(seatNo=1556416438, startStation=shanghai, destStation=suzhou), Ticket(seatNo=1301822896, startStation=shanghai, destStation=suzhou), Ticket(seatNo=1795669000, startStation=shanghai, destStation=suzhou), Ticket(seatNo=2109021591, startStation=shanghai, destStation=suzhou), Ticket(seatNo=1896961319, startStation=shanghai, destStation=suzhou), Ticket(seatNo=1501860739, startStation=shanghai, destStation=suzhou), Ticket(seatNo=670484785, startStation=shanghai, destStation=suzhou), Ticket(seatNo=605778711, startStation=shanghai, destStation=suzhou), Ticket(seatNo=647991026, startStation=shanghai, destStation=suzhou), Ticket(seatNo=1312209848, startStation=shanghai, destStation=suzhou), Ticket(seatNo=795533255, startStation=shanghai, destStation=suzhou), Ticket(seatNo=1727000194, startStation=shanghai, destStation=suzhou), Ticket(seatNo=1514781946, startStation=shanghai, destStation=suzhou), Ticket(seatNo=1528089102, startStation=shanghai, destStation=suzhou), Ticket(seatNo=1843632525, startStation=shanghai, destStation=suzhou), Ticket(seatNo=1789842840, startStation=shanghai, destStation=suzhou), Ticke"",""stream"":""stdout"",""time"":""2025-06-06T09:22:30.409635178Z""}"
2025-06-06T09:22:30.251686004Z,1674984150251686004,33.33.33.82,ts-seat-service-5c95b49cff-tdsdz,server,ed5b1a54c3a69343920aaf7ce398e59b,856273335deef065,"{""log"":""17:22:30.251 INFO  s.s.SeatServiceImpl#139 TraceID: ed5b1a54c3a69343920aaf7ce398e59b SpanID: 856273335deef065 [getLeftTicketOfInterval][TrainNumber start with G|D][trainNumber:D1345]\n"",""stream"":""stdout"",""time"":""2025-06-06T09:22:30.251686004Z""}"
2025-06-06T09:22:30.251348662Z,1674984150251348662,33.33.33.82,ts-seat-service-5c95b49cff-tdsdz,server,ed5b1a54c3a69343920aaf7ce398e59b,856273335deef065,"{""log"":""17:22:30.250 INFO  s.s.SeatServiceImpl#137 TraceID: ed5b1a54c3a69343920aaf7ce398e59b SpanID: 856273335deef065 [getLeftTicketOfInterval][Seat request][request:Seat(travelDate=2023-01-29, trainNumber=D1345, startStation=shanghai, destStation=suzhou, seatType=2, totalNum=2147483647, stations=[shanghai, suzhou])]\n"",""stream"":""stdout"",""time"":""2025-06-06T09:22:30.251348662Z""}"
2025-06-06T09:22:30.250932602Z,1674984150250932602,33.33.33.82,ts-seat-service-5c95b49cff-tdsdz,server,ed5b1a54c3a69343920aaf7ce398e59b,856273335deef065,"{""log"":""17:22:30.249 INFO  s.c.SeatController#57 TraceID: ed5b1a54c3a69343920aaf7ce398e59b SpanID: 856273335deef065 [getLeftTicketOfInterval][Get left ticket of interval][TravelDate: 2023-01-29,TrainNumber: D1345,SeatType: 2]\n"",""stream"":""stdout"",""time"":""2025-06-06T09:22:30.250932602Z""}"
2025-06-06T09:22:30.809125012Z,1674984150809125012,33.33.33.80,ts-route-service-b6c59fb57-zv8dt,server,ed5b1a54c3a69343920aaf7ce398e59b,fa91907165c37905,"{""log"":""17:22:30.808 INFO  r.c.RouteController#47 TraceID: ed5b1a54c3a69343920aaf7ce398e59b SpanID: fa91907165c37905 [getRouteById][Query route by id][RouteId: f3d4d4ef-693b-4456-8eed-59c0d717dd08]\n"",""stream"":""stdout"",""time"":""2025-06-06T09:22:30.809125012Z""}"
2025-06-06T09:22:30.213062778Z,1674984150213062778,33.33.33.80,ts-route-service-b6c59fb57-zv8dt,server,ed5b1a54c3a69343920aaf7ce398e59b,a479d5e46d64b769,"{""log"":""17:22:30.212 INFO  r.c.RouteController#47 TraceID: ed5b1a54c3a69343920aaf7ce398e59b SpanID: a479d5e46d64b769 [getRouteById][Query route by id][RouteId: f3d4d4ef-693b-4456-8eed-59c0d717dd08]\n"",""stream"":""stdout"",""time"":""2025-06-06T09:22:30.213062778Z""}"
2025-06-06T09:22:30.824376188Z,1674984150824376188,33.33.33.79,ts-price-service-76846864d9-g465z,server,ed5b1a54c3a69343920aaf7ce398e59b,d793e0204df12154,"{""log"":""17:22:30.823 INFO  p.s.PriceServiceImpl#71 TraceID: ed5b1a54c3a69343920aaf7ce398e59b SpanID: d793e0204df12154 [findByRouteIdAndTrainType][Route: f3d4d4ef-693b-4456-8eed-59c0d717dd08 , Train Type: DongCheOne]\n"",""stream"":""stdout"",""time"":""2025-06-06T09:22:30.824376188Z""}"
2025-06-06T09:22:30.823999166Z,1674984150823999166,33.33.33.79,ts-price-service-76846864d9-g465z,server,ed5b1a54c3a69343920aaf7ce398e59b,d793e0204df12154,"{""log"":""17:22:30.823 INFO  p.c.PriceController#39 TraceID: ed5b1a54c3a69343920aaf7ce398e59b SpanID: d793e0204df12154 [findByRouteIdAndTrainType][Query price][RouteId: f3d4d4ef-693b-4456-8eed-59c0d717dd08, TrainType: DongCheOne]\n"",""stream"":""stdout"",""time"":""2025-06-06T09:22:30.823999166Z""}"
2025-06-06T09:22:30.235779321Z,1674984150235779321,33.33.33.79,ts-price-service-76846864d9-g465z,server,ed5b1a54c3a69343920aaf7ce398e59b,e79cf2de7596e232,"{""log"":""17:22:30.235 INFO  p.s.PriceServiceImpl#71 TraceID: ed5b1a54c3a69343920aaf7ce398e59b SpanID: e79cf2de7596e232 [findByRouteIdAndTrainType][Route: f3d4d4ef-693b-4456-8eed-59c0d717dd08 , Train Type: DongCheOne]\n"",""stream"":""stdout"",""time"":""2025-06-06T09:22:30.235779321Z""}"
2025-06-06T09:22:30.235380595Z,1674984150235380595,33.33.33.79,ts-price-service-76846864d9-g465z,server,ed5b1a54c3a69343920aaf7ce398e59b,e79cf2de7596e232,"{""log"":""17:22:30.234 INFO  p.c.PriceController#39 TraceID: ed5b1a54c3a69343920aaf7ce398e59b SpanID: e79cf2de7596e232 [findByRouteIdAndTrainType][Query price][RouteId: f3d4d4ef-693b-4456-8eed-59c0d717dd08, TrainType: DongCheOne]\n"",""stream"":""stdout"",""time"":""2025-06-06T09:22:30.235380595Z""}"
2025-06-06T09:22:31.057557843Z,1674984151057557843,33.33.33.115,ts-preserve-service-b5ccf8557-j4txs,server,ed5b1a54c3a69343920aaf7ce398e59b,1fda5c1b965e52c3,"{""log"":""17:22:31.057 INFO  p.s.PreserveServiceImpl#302 TraceID: ed5b1a54c3a69343920aaf7ce398e59b SpanID: 1fda5c1b965e52c3 [getAccount][Cancel Order Service][Get Order By Id]\n"",""stream"":""stdout"",""time"":""2025-06-06T09:22:31.057557843Z""}"
2025-06-06T09:22:31.057452801Z,1674984151057452801,33.33.33.115,ts-preserve-service-b5ccf8557-j4txs,server,ed5b1a54c3a69343920aaf7ce398e59b,1fda5c1b965e52c3,"{""log"":""17:22:31.057 INFO  p.s.PreserveServiceImpl#240 TraceID: ed5b1a54c3a69343920aaf7ce398e59b SpanID: 1fda5c1b965e52c3 [preserve][Step 7][Add Consign][Do not need to consign]\n"",""stream"":""stdout"",""time"":""2025-06-06T09:22:31.057452801Z""}"
2025-06-06T09:22:31.057364611Z,1674984151057364611,33.33.33.115,ts-preserve-service-b5ccf8557-j4txs,server,ed5b1a54c3a69343920aaf7ce398e59b,1fda5c1b965e52c3,"{""log"":""17:22:31.056 INFO  p.s.PreserveServiceImpl#208 TraceID: ed5b1a54c3a69343920aaf7ce398e59b SpanID: 1fda5c1b965e52c3 [preserve][Step 6][Buy Food][Buy Food Success]\n"",""stream"":""stdout"",""time"":""2025-06-06T09:22:31.057364611Z""}"
2025-06-06T09:22:31.039342664Z,1674984151039342664,33.33.33.115,ts-preserve-service-b5ccf8557-j4txs,server,ed5b1a54c3a69343920aaf7ce398e59b,1fda5c1b965e52c3,"{""log"":""17:22:31.039 INFO  p.s.PreserveServiceImpl#407 TraceID: ed5b1a54c3a69343920aaf7ce398e59b SpanID: 1fda5c1b965e52c3 [createFoodOrder][Preserve Service][Add Preserve food Order]\n"",""stream"":""stdout"",""time"":""2025-06-06T09:22:31.039342664Z""}"
2025-06-06T09:22:31.039228033Z,1674984151039228033,33.33.33.115,ts-preserve-service-b5ccf8557-j4txs,server,ed5b1a54c3a69343920aaf7ce398e59b,1fda5c1b965e52c3,"{""log"":""17:22:31.038 INFO  p.s.PreserveServiceImpl#185 TraceID: ed5b1a54c3a69343920aaf7ce398e59b SpanID: 1fda5c1b965e52c3 [preserve][Step 5][Buy Assurance][Preserve Buy Assurance Success]\n"",""stream"":""stdout"",""time"":""2025-06-06T09:22:31.039228033Z""}"
2025-06-06T09:22:30.954460761Z,1674984150954460761,33.33.33.115,ts-preserve-service-b5ccf8557-j4txs,server,ed5b1a54c3a69343920aaf7ce398e59b,1fda5c1b965e52c3,"{""log"":""17:22:30.942 INFO  p.s.PreserveServiceImpl#317 TraceID: ed5b1a54c3a69343920aaf7ce398e59b SpanID: 1fda5c1b965e52c3 [addAssuranceForOrder][Preserve Service][Add Assurance Type For Order]\n"",""stream"":""stdout"",""time"":""2025-06-06T09:22:30.954460761Z""}"
2025-06-06T09:22:30.942414102Z,1674984150942414102,33.33.33.115,ts-preserve-service-b5ccf8557-j4txs,server,ed5b1a54c3a69343920aaf7ce398e59b,1fda5c1b965e52c3,"{""log"":""17:22:30.942 INFO  p.s.PreserveServiceImpl#175 TraceID: ed5b1a54c3a69343920aaf7ce398e59b SpanID: 1fda5c1b965e52c3 [preserve][Step 4][Do Order][Do Order Complete]\n"",""stream"":""stdout"",""time"":""2025-06-06T09:22:30.942414102Z""}"
2025-06-06T09:22:30.8949383Z,1674984150894938300,33.33.33.115,ts-preserve-service-b5ccf8557-j4txs,server,ed5b1a54c3a69343920aaf7ce398e59b,1fda5c1b965e52c3,"{""log"":""17:22:30.894 INFO  p.s.PreserveServiceImpl#392 TraceID: ed5b1a54c3a69343920aaf7ce398e59b SpanID: 1fda5c1b965e52c3 [createOrder][Preserve Service][create order]\n"",""stream"":""stdout"",""time"":""2025-06-06T09:22:30.8949383Z""}"
2025-06-06T09:22:30.894807696Z,1674984150894807696,33.33.33.115,ts-preserve-service-b5ccf8557-j4txs,server,ed5b1a54c3a69343920aaf7ce398e59b,1fda5c1b965e52c3,"{""log"":""17:22:30.894 INFO  p.s.PreserveServiceImpl#168 TraceID: ed5b1a54c3a69343920aaf7ce398e59b SpanID: 1fda5c1b965e52c3 [preserve][Step 4][Do Order][Order Price][Price is: 22.5]\n"",""stream"":""stdout"",""time"":""2025-06-06T09:22:30.894807696Z""}"
2025-06-06T09:22:30.835253582Z,1674984150835253582,33.33.33.115,ts-preserve-service-b5ccf8557-j4txs,server,ed5b1a54c3a69343920aaf7ce398e59b,1fda5c1b965e52c3,"{""log"":""17:22:30.834 INFO  p.s.PreserveServiceImpl#142 TraceID: ed5b1a54c3a69343920aaf7ce398e59b SpanID: 1fda5c1b965e52c3 [preserve][Step 4][Do Order][Travel Date][Date is: 2023-01-29]\n"",""stream"":""stdout"",""time"":""2025-06-06T09:22:30.835253582Z""}"
2025-06-06T09:22:30.772690832Z,1674984150772690832,33.33.33.115,ts-preserve-service-b5ccf8557-j4txs,server,ed5b1a54c3a69343920aaf7ce398e59b,1fda5c1b965e52c3,"{""log"":""17:22:30.772 INFO  p.s.PreserveServiceImpl#100 TraceID: ed5b1a54c3a69343920aaf7ce398e59b SpanID: 1fda5c1b965e52c3 [preserve][Step 3][Check tickets num][Tickets Enough]\n"",""stream"":""stdout"",""time"":""2025-06-06T09:22:30.772690832Z""}"
2025-06-06T09:22:30.159845293Z,1674984150159845293,33.33.33.115,ts-preserve-service-b5ccf8557-j4txs,server,ed5b1a54c3a69343920aaf7ce398e59b,1fda5c1b965e52c3,"{""log"":""17:22:30.159 INFO  p.s.PreserveServiceImpl#361 TraceID: ed5b1a54c3a69343920aaf7ce398e59b SpanID: 1fda5c1b965e52c3 [getTripAllDetailInformation][Preserve Other Service][Get Trip All Detail Information]\n"",""stream"":""stdout"",""time"":""2025-06-06T09:22:30.159845293Z""}"
2025-06-06T09:22:30.159733722Z,1674984150159733722,33.33.33.115,ts-preserve-service-b5ccf8557-j4txs,server,ed5b1a54c3a69343920aaf7ce398e59b,1fda5c1b965e52c3,"{""log"":""17:22:30.159 INFO  p.s.PreserveServiceImpl#77 TraceID: ed5b1a54c3a69343920aaf7ce398e59b SpanID: 1fda5c1b965e52c3 [preserve][Step 3][Check tickets num][TripId: D1345]\n"",""stream"":""stdout"",""time"":""2025-06-06T09:22:30.159733722Z""}"
2025-06-06T09:22:30.159576033Z,1674984150159576033,33.33.33.115,ts-preserve-service-b5ccf8557-j4txs,server,ed5b1a54c3a69343920aaf7ce398e59b,1fda5c1b965e52c3,"{""log"":""17:22:30.159 INFO  p.s.PreserveServiceImpl#67 TraceID: ed5b1a54c3a69343920aaf7ce398e59b SpanID: 1fda5c1b965e52c3 [preserve][Step 2][Find contacts Complete][ContactsId: 8c756d0c-b064-4dc6-b705-496a75343ddb]\n"",""stream"":""stdout"",""time"":""2025-06-06T09:22:30.159576033Z""}"
2025-06-06T09:22:30.142946141Z,1674984150142946141,33.33.33.115,ts-preserve-service-b5ccf8557-j4txs,server,ed5b1a54c3a69343920aaf7ce398e59b,1fda5c1b965e52c3,"{""log"":""17:22:30.142 INFO  p.s.PreserveServiceImpl#377 TraceID: ed5b1a54c3a69343920aaf7ce398e59b SpanID: 1fda5c1b965e52c3 [getContactsById][Preserve Other Service][Get Contacts By Id is]\n"",""stream"":""stdout"",""time"":""2025-06-06T09:22:30.142946141Z""}"
2025-06-06T09:22:30.142819252Z,1674984150142819252,33.33.33.115,ts-preserve-service-b5ccf8557-j4txs,server,ed5b1a54c3a69343920aaf7ce398e59b,1fda5c1b965e52c3,"{""log"":""17:22:30.142 INFO  p.s.PreserveServiceImpl#57 TraceID: ed5b1a54c3a69343920aaf7ce398e59b SpanID: 1fda5c1b965e52c3 [preserve][Step 1][Check Security Complete][AccountId: 4d2a46c7-71cb-4cf1-b5bb-b68406d9da6f]\n"",""stream"":""stdout"",""time"":""2025-06-06T09:22:30.142819252Z""}"
2025-06-06T09:22:29.992423432Z,1674984149992423432,33.33.33.115,ts-preserve-service-b5ccf8557-j4txs,server,ed5b1a54c3a69343920aaf7ce398e59b,1fda5c1b965e52c3,"{""log"":""17:22:29.992 INFO  p.s.PreserveServiceImpl#346 TraceID: ed5b1a54c3a69343920aaf7ce398e59b SpanID: 1fda5c1b965e52c3 [checkSecurity][Preserve Other Service][Check Account Security]\n"",""stream"":""stdout"",""time"":""2025-06-06T09:22:29.992423432Z""}"
2025-06-06T09:22:29.992333467Z,1674984149992333467,33.33.33.115,ts-preserve-service-b5ccf8557-j4txs,server,ed5b1a54c3a69343920aaf7ce398e59b,1fda5c1b965e52c3,"{""log"":""17:22:29.991 INFO  p.c.PreserveController#35 TraceID: ed5b1a54c3a69343920aaf7ce398e59b SpanID: 1fda5c1b965e52c3 [preserve][Preserve Account order][from shanghai to suzhou at 2023-01-29]\n"",""stream"":""stdout"",""time"":""2025-06-06T09:22:29.992333467Z""}"
2025-06-06T09:22:30.940963066Z,1674984150940963066,33.33.33.76,ts-order-service-5b67c48447-mv5hb,server,ed5b1a54c3a69343920aaf7ce398e59b,6ef951eec8458d29,"{""log"":""17:22:30.940 INFO  o.s.OrderServiceImpl#96 TraceID: ed5b1a54c3a69343920aaf7ce398e59b SpanID: 6ef951eec8458d29 [create][Order Create Success][Order Price][OrderId:ffe2211f-fdcf-4a64-9294-6b156e44b276 , Price: 22.5]\n"",""stream"":""stdout"",""time"":""2025-06-06T09:22:30.940963066Z""}"
2025-06-06T09:22:30.899245589Z,1674984150899245589,33.33.33.76,ts-order-service-5b67c48447-mv5hb,server,ed5b1a54c3a69343920aaf7ce398e59b,6ef951eec8458d29,"{""log"":""17:22:30.899 INFO  o.s.OrderServiceImpl#88 TraceID: ed5b1a54c3a69343920aaf7ce398e59b SpanID: 6ef951eec8458d29 [create][Create Order][Ready to Create Order]\n"",""stream"":""stdout"",""time"":""2025-06-06T09:22:30.899245589Z""}"
2025-06-06T09:22:30.899118941Z,1674984150899118941,33.33.33.76,ts-order-service-5b67c48447-mv5hb,server,ed5b1a54c3a69343920aaf7ce398e59b,6ef951eec8458d29,"{""log"":""17:22:30.898 INFO  o.c.OrderController#46 TraceID: ed5b1a54c3a69343920aaf7ce398e59b SpanID: 6ef951eec8458d29 [createNewOrder][Create Order][from shanghai to suzhou at 2023-01-29]\n"",""stream"":""stdout"",""time"":""2025-06-06T09:22:30.899118941Z""}"
2025-06-06T09:22:30.85682615Z,1674984150856826150,33.33.33.76,ts-order-service-5b67c48447-mv5hb,server,ed5b1a54c3a69343920aaf7ce398e59b,751375a8f4f0022b,"{""log"":""17:22:30.856 INFO  o.s.OrderServiceImpl#65 TraceID: ed5b1a54c3a69343920aaf7ce398e59b SpanID: 751375a8f4f0022b [getSoldTickets][Left ticket info][info is: LeftTicketInfo{soldTickets=[Ticket(seatNo=201009634, startStation=shanghai, destStation=suzhou), Ticket(seatNo=793856134, startStation=shanghai, destStation=suzhou), Ticket(seatNo=1460607244, startStation=shanghai, destStation=suzhou), Ticket(seatNo=1893506521, startStation=shanghai, destStation=suzhou), Ticket(seatNo=1380769004, startStation=shanghai, destStation=suzhou), Ticket(seatNo=603898922, startStation=shanghai, destStation=suzhou), Ticket(seatNo=2143932925, startStation=shanghai, destStation=suzhou), Ticket(seatNo=1561348498, startStation=shanghai, destStation=suzhou), Ticket(seatNo=886885033, startStation=shanghai, destStation=suzhou), Ticket(seatNo=422262624, startStation=shanghai, destStation=suzhou), Ticket(seatNo=361790838, startStation=shanghai, destStation=suzhou), Ticket(seatNo=266878641, startStation=shanghai, destStation=suzhou), Ticket(seatNo=1121266960, startStation=shanghai, destStation=suzhou), Ticket(seatNo=487102316, startStation=shanghai, destStation=suzhou), Ticket(seatNo=1374930393, startStation=shanghai, destStation=suzhou), Ticket(seatNo=1767519527, startStation=shanghai, destStation=suzhou), Ticket(seatNo=1803156456, startStation=shanghai, destStation=suzhou), Ticket(seatNo=313223057, startStation=shanghai, destStation=suzhou), Ticket(seatNo=1524529309, startStation=shanghai, destStation=suzhou), Ticket(seatNo=670312232, startStation=shanghai, destStation=suzhou), Ticket(seatNo=1946032193, startStation=shanghai, destStation=suzhou), Ticket(seatNo=828994518, startStation=shanghai, destStation=suzhou), Ticket(seatNo=1079442689, startStation=shanghai, destStation=suzhou), Ticket(seatNo=710165669, startStation=shanghai, destStation=suzhou), Ticket(seatNo=1012345336, startStation=shanghai, destStation=suzhou), Ticket(seatNo=44007696, startStation=shanghai, destStation=suzhou), Ticket(seatNo=2038743294, startStation=shanghai, destStation=suzhou), Ticket(seatNo=674075465, startStation=shanghai, destStation=suzhou), Ticket(seatNo=1337412878, startStation=shanghai, destStation=suzhou), Ticket(seatNo=1252360897, startStation=shanghai, destStation=suzhou), Ticket(seatNo=1084947215, startStation=shanghai, destStation=suzhou), Ticket(seatNo=349324291, startStation=shanghai, destStation=suzhou), Ticket(seatNo=612611721, startStation=shanghai, destStation=suzhou), Ticket(seatNo=1914907225, startStation=shanghai, destStation=suzhou), Ticket(seatNo=1033454023, startStation=shanghai, destStation=suzhou), Ticket(seatNo=146315145, startStation=shanghai, destStation=suzhou), Ticket(seatNo=507669879, startStation=shanghai, destStation=suzhou), Ticket(seatNo=1114532875, startStation=shanghai, destStation=suzhou), Ticket(seatNo=2047347471, startStation=shanghai, destStation=suzhou), Ticket(seatNo=2112226830, startStation=shanghai, destStation=suzhou), Ticket(seatNo=471687199, startStation=shanghai, destStation=suzhou), Ticket(seatNo=891385160, startStation=shanghai, destStation=suzhou), Ticket(seatNo=52112621, startStation=shanghai, destStation=suzhou), Ticket(seatNo=843566710, startStation=shanghai, destStation=suzhou), Ticket(seatNo=668440018, startStation=shanghai, destStation=suzhou), Ticket(seatNo=1886885132, startStation=shanghai, destStation=suzhou), Ticket(seatNo=1927170957, startStation=shanghai, destStation=suzhou), Ticket(seatNo=1085229400, startStation=shanghai, destStation=suzhou), Ticket(seatNo=707425904, startStation=shanghai, destStation=suzhou), Ticket(seatNo=464947381, startStation=shanghai, destStation=suzhou), Ticket(seatNo=862409196, startStation=shanghai, destStation=suzhou), Ticket(seatNo=1527980233, startStation=shanghai, destStation=suzhou), Ticket(seatNo=1194070081, startStation=shanghai, destStation=suzhou), Ticket(seatNo=698985417, startStation=shanghai, destStation=suzhou), Ticket(seatNo=1434255230, startStation=shanghai, destStation=suzhou), Ticket(seatNo=107342144, startStation=shanghai, destStation=suzhou), Ticket(seatNo=1346447524, startStation=shanghai, destStation=suzhou), Ticket(seatNo=1609976732, startStation=shanghai, destStation=suzhou), Ticket(seatNo=1625975337, startStation=shanghai, destStation=suzhou), Ticket(seatNo=730221217, startStation=shanghai, destStation=suzhou), Ticket(seatNo=1452994271, startStation=shanghai, destStation=suzhou), Ticket(seatNo=2082261134, startStation=shanghai, destStation=suzhou), Ticket(seatNo=1034161263, startStation=shanghai, destStation=suzhou), Ticket(seatNo=1433770610, startStation=shanghai, destStation=suzhou), Ticket(seatNo=1944406239, startStation=shanghai, destStation=suzhou), Ticket(seatNo=806364822, startStation=shanghai, destStation=suzhou), Ticket(seatNo=1474417815, startStation=shanghai, destStation=suzhou), Ticket(seatNo=344808965, startStation=shanghai, destStation=suzhou), Ticket(seatNo=1460046435, startStation=shanghai, destStation=suzhou), Ticket(seatNo=1833738100, startStation=shanghai, destStation=suzhou), Ticket(seatNo=54121485, startStation=shanghai, destStation=suzhou), Ticket(seatNo=478312199, startStation=shanghai, destStation=suzhou), Ticket(seatNo=141657437, startStation=shanghai, destStation=suzhou), Ticket(seatNo=1646294862, startStation=shanghai, destStation=suzhou), Ticket(seatNo=369778934, startStation=shanghai, destStation=suzhou), Ticket(seatNo=1311485713, startStation=shanghai, destStation=suzhou), Ticket(seatNo=1126367806, startStation=shanghai, destStation=suzhou), Ticket(seatNo=1554687036, startStation=shanghai, destStation=suzhou), Ticket(seatNo=566990115, startStation=shanghai, destStation=suzhou), Ticket(seatNo=1175494979, startStation=shanghai, destStation=suzhou), Ticket(seatNo=1541121627, startStation=shanghai, destStation=suzhou), Ticket(seatNo=1203609265, startStation=shanghai, destStation=suzhou), Ticket(seatNo=1921549183, startStation=shanghai, destStation=suzhou), Ticket(seatNo=1918183508, startStation=shanghai, destStation=suzhou), Ticket(seatNo=1598092512, startStation=shanghai, destStation=suzhou), Ticket(seatNo=1267647479, startStation=shanghai, destStation=suzhou), Ticket(seatNo=1640780669, startStation=shanghai, destStation=suzhou), Ticket(seatNo=407197519, startStation=shanghai, destStation=suzhou), Ticket(seatNo=1405122139, startStation=shanghai, destStation=suzhou), Ticket(seatNo=1008516158, startStation=shanghai, destStation=suzhou), Ticket(seatNo=773494342, startStation=shanghai, destStation=suzhou), Ticket(seatNo=1043628352, startStation=shanghai, destStation=suzhou), Ticket(seatNo=146007906, startStation=shanghai, destStation=suzhou), Ticket(seatNo=1530463700, startStation=shanghai, destStation=suzhou), Ticket(seatNo=1879301093, startStation=shanghai, destStation=suzhou), Ticket(seatNo=402964895, startStation=shanghai, destStation=suzhou), Ticket(seatNo=1796322721, startStation=shanghai, destStation=suzhou), Ticket(seatNo=1331075716, startStation=shanghai, destStation=suzhou), Ticket(seatNo=1240049243, startStation=shanghai, destStation=suzhou), Ticket(seatNo=590521180, startStation=shanghai, destStation=suzhou), Ticket(seatNo=1506651732, startStation=shanghai, destStation=suzhou), Ticket(seatNo=1873621396, startStation=shanghai, destStation=suzhou), Ticket(seatNo=2132514663, startStation=shanghai, destStation=suzhou), Ticket(seatNo=97126401, startStation=shanghai, destStation=suzhou), Ticket(seatNo=1143590204, startStation=shanghai, destStation=suzhou), Ticket(seatNo=1203471531, startStation=shanghai, destStation=suzhou), Ticket(seatNo=1081967951, startStation=shanghai, destStation=suzhou), Ticket(seatNo=1361949694, startStation=shanghai, destStation=suzhou), Ticket(seatNo=770819065, startStation=shanghai, destStation=suzhou), Ticket(seatNo=1734991119, startStation=shanghai, destStation=suzhou), Ticket(seatNo=1171302207, startStation=shanghai, destStation=suzhou), Ticket(seatNo=896926119, startStation=shanghai, destStation=suzhou), Ticket(seatNo=429977698, startStation=shanghai, destStation=suzhou), Ticket(seatNo=1700949544, startStation=shanghai, destStation=suzhou), Ticket(seatNo=1993109739, startStation=shanghai, destStation=suzhou), Ticket(seatNo=95888109, startStation=shanghai, destStation=suzhou), Ticket(seatNo=1754065861, startStation=shanghai, destStation=suzhou), Ticket(seatNo=154019644, startStation=shanghai, destStation=suzhou), Ticket(seatNo=524582401, startStation=shanghai, destStation=suzhou), Ticket(seatNo=1334753364, startStation=shanghai, destStation=suzhou), Ticket(seatNo=1986288796, startStation=shanghai, destStation=suzhou), Ticket(seatNo=554296196, startStation=shanghai, destStation=suzhou), Ticket(seatNo=633463036, startStation=shanghai, destStation=suzhou), Ticket(seatNo=436767015, startStation=shanghai, destStation=suzhou), Ticket(seatNo=1239327412, startStation=shanghai, destStation=suzhou), Ticket(seatNo=790314884, startStation=shanghai, destStation=suzhou), Ticket(seatNo=767880562, startStation=shanghai, destStation=suzhou), Ticket(seatNo=1882983382, startStation=shanghai, destStation=suzhou), Ticket(seatNo=1796077830, startStation=shanghai, destStation=suzhou), Ticket(seatNo=1256846996, startStation=shanghai, destStation=suzhou), Ticket(seatNo=388145690, startStation=shanghai, destStation=suzhou), Ticket(seatNo=1277071603, startStation=shanghai, destStation=suzhou), Ticket(seatNo=796991928, startStation=shanghai, destStation=suzhou), Ticket(seatNo=884504981, startStation=shanghai, destStation=suzhou), Ticket(seatNo=967371941, startStation=shanghai, destStation=suzhou), Ticket(seatNo=2003998246, startStation=shanghai, destStation=suzhou), Ticket(seatNo=255953355, startStation=shanghai, destStation=suzhou), Ticket(seatNo=939595525, startStation=shanghai, destStation=suzhou), Ticket(seatNo=1544334905, startStation=shanghai, destStation=suzhou), Ticket(seatNo=1102117997, startStation=shanghai, destStation=suzhou), Ticket(seatNo=1635610308, startStation=shanghai, destStation=suzhou), Ticket(seatNo=592648285, startStation=shanghai, destStation=suzhou), Ticket(seatNo=66104728, startStation=shanghai, destStation=suzhou), Ticket(seatNo=1613887154, startStation=shanghai, destStation=suzhou), Ticket(seatNo=1525464784, startStation=shanghai, destStation=suzhou), Ticket(seatNo=2133302187, startStation=shanghai, destStation=suzhou), Ticket(seatNo=6271054, startStation=shanghai, destStation=suzhou), Ticket(seatNo=2008071408, startStation=shanghai, destStation=suzhou), Ticket(seatNo=1652274605, startStation=shanghai, destStation=suzhou), Ticket(seatNo=277571395, startStation=shanghai, destStation=suzhou), Ticket(seatNo=1196333812, startStation=shanghai, destStation=suzhou), Ticket(seatNo=579526857, startStation=shanghai, destStation=suzhou), Ticket(seatNo=2105768386, startStation=shanghai, destStation=suzhou), Ticket(seatNo=373807162, startStation=shanghai, destStation=suzhou), Ticket(seatNo=653737940, startStation=shanghai, destStation=suzhou), Ticket(seatNo=1642434373, startStation=shanghai, destStation=suzhou), Ticket(seatNo=1488059796, startStation=shanghai, destStation=suzhou), Ticket(seatNo=1551628343, startStation=shanghai, destStation=suzhou), Ticket(seatNo=768843654, startStation=shanghai, destStation=suzhou), Ticket(seatNo=368572971, startStation=shanghai, destStation=suzhou), Ticket(seatNo=1880391439, startStation=shanghai, destStation=suzhou), Ticket(seatNo=820971079, startStation=shanghai, destStation=suzhou), Ticket(seatNo=1977222074, startStation=shanghai, destStation=suzhou), Ticket(seatNo=321239528, startStation=shanghai, destStation=suzhou), Ticket(seatNo=1431760116, startStation=shanghai, destStation=suzhou), Ticket(seatNo=1345938270, startStation=shanghai, destStation=suzhou), Ticket(seatNo=2007250301, startStation=shanghai, destStation=suzhou), Ticket(seatNo=57757292, startStation=shanghai, destStation=suzhou), Ticket(seatNo=2033777081, startStation=shanghai, destStation=suzhou), Ticket(seatNo=1685037576, startStation=shanghai, destStation=suzhou), Ticket(seatNo=1234414041, startStation=shanghai, destStation=suzhou), Ticket(seatNo=1188886554, startStation=shanghai, destStation=suzhou), Ticket(seatNo=1398540255, startStation=shanghai, destStation=suzhou), Ticket(seatNo=1505819981, startStation=shanghai, destStation=suzhou), Ticket(seatNo=610865531, startStation=shanghai, destStation=suzhou), Ticket(seatNo=885526982, startStation=shanghai, destStation=suzhou), Ticket(seatNo=1341903663, startStation=shanghai, destStation=suzhou), Ticket(seatNo=409751086, startStation=shanghai, destStation=suzhou), Ticket(seatNo=969849650, startStation=shanghai, destStation=suzhou), Ticket(seatNo=1181612285, startStation=shanghai, destStation=suzhou), Ticket(seatNo=580513787, startStation=shanghai, destStation=suzhou), Ticket(seatNo=1337517061, startStation=shanghai, destStation=suzhou), Ticket(seatNo=2106329292, startStation=shanghai, destStation=suzhou), Ticket(seatNo=1008735637, startStation=shanghai, destStation=suzhou), Ticket(seatNo=1983953833, startStation=shanghai, destStation=suzhou), Ticket(seatNo=629859133, startStation=shanghai, destStation=suzhou), Ticket(seatNo=1693615987, startStation=shanghai, destStation=suzhou), Ticket(seatNo=665929265, startStation=shanghai, destStation=suzhou), Ticket(seatNo=1625899717, startStation=shanghai, destStation=suzhou), Ticket(seatNo=691667494, startStation=shanghai, destStation=suzhou), Ticket(seatNo=716244515, startStation=shanghai, destStation=suzhou), Ticket(seatNo=146358183, startStation=shanghai, destStation=suzhou), Ticket(seatNo=494530580, startStation=shanghai, destStation=suzhou), Ticket(seatNo=1831095362, startStation=shanghai, destStation=suzhou), Ticket(seatNo=1775851249, startStation=shanghai, destStation=suzhou), Ticket(seatNo=1616593235, startStation=shanghai, destStation=suzhou), Ticket(seatNo=2070280767, startStation=shanghai, destStation=suzhou), Ticket(seatNo=1077203125, startStation=shanghai, destStation=suzhou), Ticket(seatNo=414945371, startStation=shanghai, destStation=suzhou), Ticket(seatNo=1399524661, startStation=shanghai, destStation=suzhou), Ticket(seatNo=1254215660, startStation=shanghai, destStation=suzhou), Ticket(seatNo=1008619349, startStation=shanghai, destStation=suzhou), Ticket(seatNo=748345910, startStation=shanghai, destStation=suzhou), Ticket(seatNo=1518146377, startStation=shanghai, destStation=suzhou), Ticket(seatNo=1775631158, startStation=shanghai, destStation=suzhou), Ticket(seatNo=209526615, startStation=shanghai, destStation=suzhou), Ticket(seatNo=329736953, startStation=shanghai, destStation=suzhou), Ticket(seatNo=1720990615, startStation=shanghai, destStation=suzhou), Ticket(seatNo=161055820, startStation=shanghai, destStation=suzhou), Ticket(seatNo=251113415, startStation=shanghai, destStation=suzhou), Ticket(seatNo=1198421777, startStation=shanghai, destStation=suzhou), Ticket(seatNo=1759358576, startStation=shanghai, destStation=suzhou), Ticket(seatNo=877350021, startStation=shanghai, destStation=suzhou), Ticket(seatNo=1312038844, startStation=shanghai, destStation=suzhou), Ticket(seatNo=2029826895, startStation=shanghai, destStation=suzhou), Ticket(seatNo=423504501, startStation=shanghai, destStation=suzhou), Ticket(seatNo=1556416438, startStation=shanghai, destStation=suzhou), Ticket(seatNo=1301822896, startStation=shanghai, destStation=suzhou), Ticket(seatNo=1795669000, startStation=shanghai, destStation=suzhou), Ticket(seatNo=2109021591, startStation=shanghai, destStation=suzhou), Ticket(seatNo=1896961319, startStation=shanghai, destStation=suzhou), Ticket(seatNo=1501860739, startStation=shanghai, destStation=suzhou), Ticket(seatNo=670484785, startStation=shanghai, destStation=suzhou), Ticket(seatNo=605778711, startStation=shanghai, destStation=suzhou), Ticket(seatNo=647991026, startStation=shanghai, destStation=suzhou), Ticket(seatNo=1312209848, startStation=shanghai, destStation=suzhou), Ticket(seatNo=795533255, startStation=shanghai, destStation=suzhou), Ticket(seatNo=1727000194, startStation=shanghai, destStation=suzhou), Ticket(seatNo=1514781946, startStation=shanghai, destStation=suzhou), Ticket(seatNo=1528089102, startStation=shanghai, destStation=suzhou), Ticket(seatNo=1843632525, startStation=shanghai, destStation=suzhou), Ticket(seatNo=1789842840, startStation=shanghai, destStation=suzhou), Ticket(seatNo=1584441848, startStation=shanghai, destStation=suzh"",""stream"":""stdout"",""time"":""2025-06-06T09:22:30.85682615Z""}"
2025-06-06T09:22:30.84474832Z,1674984150844748320,33.33.33.76,ts-order-service-5b67c48447-mv5hb,server,ed5b1a54c3a69343920aaf7ce398e59b,751375a8f4f0022b,"{""log"":""17:22:30.844 INFO  o.c.OrderController#39 TraceID: ed5b1a54c3a69343920aaf7ce398e59b SpanID: 751375a8f4f0022b [getSoldTickets][Get Sold Ticket][Travel Date: 2023-01-29]\n"",""stream"":""stdout"",""time"":""2025-06-06T09:22:30.84474832Z""}"
2025-06-06T09:22:30.741517542Z,1674984150741517542,33.33.33.76,ts-order-service-5b67c48447-mv5hb,server,ed5b1a54c3a69343920aaf7ce398e59b,b10f30d63409995c,"{""log"":""17:22:30.741 INFO  o.s.OrderServiceImpl#65 TraceID: ed5b1a54c3a69343920aaf7ce398e59b SpanID: b10f30d63409995c [getSoldTickets][Left ticket info][info is: LeftTicketInfo{soldTickets=[Ticket(seatNo=201009634, startStation=shanghai, destStation=suzhou), Ticket(seatNo=793856134, startStation=shanghai, destStation=suzhou), Ticket(seatNo=1460607244, startStation=shanghai, destStation=suzhou), Ticket(seatNo=1893506521, startStation=shanghai, destStation=suzhou), Ticket(seatNo=1380769004, startStation=shanghai, destStation=suzhou), Ticket(seatNo=603898922, startStation=shanghai, destStation=suzhou), Ticket(seatNo=2143932925, startStation=shanghai, destStation=suzhou), Ticket(seatNo=1561348498, startStation=shanghai, destStation=suzhou), Ticket(seatNo=886885033, startStation=shanghai, destStation=suzhou), Ticket(seatNo=422262624, startStation=shanghai, destStation=suzhou), Ticket(seatNo=361790838, startStation=shanghai, destStation=suzhou), Ticket(seatNo=266878641, startStation=shanghai, destStation=suzhou), Ticket(seatNo=1121266960, startStation=shanghai, destStation=suzhou), Ticket(seatNo=487102316, startStation=shanghai, destStation=suzhou), Ticket(seatNo=1374930393, startStation=shanghai, destStation=suzhou), Ticket(seatNo=1767519527, startStation=shanghai, destStation=suzhou), Ticket(seatNo=1803156456, startStation=shanghai, destStation=suzhou), Ticket(seatNo=313223057, startStation=shanghai, destStation=suzhou), Ticket(seatNo=1524529309, startStation=shanghai, destStation=suzhou), Ticket(seatNo=670312232, startStation=shanghai, destStation=suzhou), Ticket(seatNo=1946032193, startStation=shanghai, destStation=suzhou), Ticket(seatNo=828994518, startStation=shanghai, destStation=suzhou), Ticket(seatNo=1079442689, startStation=shanghai, destStation=suzhou), Ticket(seatNo=710165669, startStation=shanghai, destStation=suzhou), Ticket(seatNo=1012345336, startStation=shanghai, destStation=suzhou), Ticket(seatNo=44007696, startStation=shanghai, destStation=suzhou), Ticket(seatNo=2038743294, startStation=shanghai, destStation=suzhou), Ticket(seatNo=674075465, startStation=shanghai, destStation=suzhou), Ticket(seatNo=1337412878, startStation=shanghai, destStation=suzhou), Ticket(seatNo=1252360897, startStation=shanghai, destStation=suzhou), Ticket(seatNo=1084947215, startStation=shanghai, destStation=suzhou), Ticket(seatNo=349324291, startStation=shanghai, destStation=suzhou), Ticket(seatNo=612611721, startStation=shanghai, destStation=suzhou), Ticket(seatNo=1914907225, startStation=shanghai, destStation=suzhou), Ticket(seatNo=1033454023, startStation=shanghai, destStation=suzhou), Ticket(seatNo=146315145, startStation=shanghai, destStation=suzhou), Ticket(seatNo=507669879, startStation=shanghai, destStation=suzhou), Ticket(seatNo=1114532875, startStation=shanghai, destStation=suzhou), Ticket(seatNo=2047347471, startStation=shanghai, destStation=suzhou), Ticket(seatNo=2112226830, startStation=shanghai, destStation=suzhou), Ticket(seatNo=471687199, startStation=shanghai, destStation=suzhou), Ticket(seatNo=891385160, startStation=shanghai, destStation=suzhou), Ticket(seatNo=52112621, startStation=shanghai, destStation=suzhou), Ticket(seatNo=843566710, startStation=shanghai, destStation=suzhou), Ticket(seatNo=668440018, startStation=shanghai, destStation=suzhou), Ticket(seatNo=1886885132, startStation=shanghai, destStation=suzhou), Ticket(seatNo=1927170957, startStation=shanghai, destStation=suzhou), Ticket(seatNo=1085229400, startStation=shanghai, destStation=suzhou), Ticket(seatNo=707425904, startStation=shanghai, destStation=suzhou), Ticket(seatNo=464947381, startStation=shanghai, destStation=suzhou), Ticket(seatNo=862409196, startStation=shanghai, destStation=suzhou), Ticket(seatNo=1527980233, startStation=shanghai, destStation=suzhou), Ticket(seatNo=1194070081, startStation=shanghai, destStation=suzhou), Ticket(seatNo=698985417, startStation=shanghai, destStation=suzhou), Ticket(seatNo=1434255230, startStation=shanghai, destStation=suzhou), Ticket(seatNo=107342144, startStation=shanghai, destStation=suzhou), Ticket(seatNo=1346447524, startStation=shanghai, destStation=suzhou), Ticket(seatNo=1609976732, startStation=shanghai, destStation=suzhou), Ticket(seatNo=1625975337, startStation=shanghai, destStation=suzhou), Ticket(seatNo=730221217, startStation=shanghai, destStation=suzhou), Ticket(seatNo=1452994271, startStation=shanghai, destStation=suzhou), Ticket(seatNo=2082261134, startStation=shanghai, destStation=suzhou), Ticket(seatNo=1034161263, startStation=shanghai, destStation=suzhou), Ticket(seatNo=1433770610, startStation=shanghai, destStation=suzhou), Ticket(seatNo=1944406239, startStation=shanghai, destStation=suzhou), Ticket(seatNo=806364822, startStation=shanghai, destStation=suzhou), Ticket(seatNo=1474417815, startStation=shanghai, destStation=suzhou), Ticket(seatNo=344808965, startStation=shanghai, destStation=suzhou), Ticket(seatNo=1460046435, startStation=shanghai, destStation=suzhou), Ticket(seatNo=1833738100, startStation=shanghai, destStation=suzhou), Ticket(seatNo=54121485, startStation=shanghai, destStation=suzhou), Ticket(seatNo=478312199, startStation=shanghai, destStation=suzhou), Ticket(seatNo=141657437, startStation=shanghai, destStation=suzhou), Ticket(seatNo=1646294862, startStation=shanghai, destStation=suzhou), Ticket(seatNo=369778934, startStation=shanghai, destStation=suzhou), Ticket(seatNo=1311485713, startStation=shanghai, destStation=suzhou), Ticket(seatNo=1126367806, startStation=shanghai, destStation=suzhou), Ticket(seatNo=1554687036, startStation=shanghai, destStation=suzhou), Ticket(seatNo=566990115, startStation=shanghai, destStation=suzhou), Ticket(seatNo=1175494979, startStation=shanghai, destStation=suzhou), Ticket(seatNo=1541121627, startStation=shanghai, destStation=suzhou), Ticket(seatNo=1203609265, startStation=shanghai, destStation=suzhou), Ticket(seatNo=1921549183, startStation=shanghai, destStation=suzhou), Ticket(seatNo=1918183508, startStation=shanghai, destStation=suzhou), Ticket(seatNo=1598092512, startStation=shanghai, destStation=suzhou), Ticket(seatNo=1267647479, startStation=shanghai, destStation=suzhou), Ticket(seatNo=1640780669, startStation=shanghai, destStation=suzhou), Ticket(seatNo=407197519, startStation=shanghai, destStation=suzhou), Ticket(seatNo=1405122139, startStation=shanghai, destStation=suzhou), Ticket(seatNo=1008516158, startStation=shanghai, destStation=suzhou), Ticket(seatNo=773494342, startStation=shanghai, destStation=suzhou), Ticket(seatNo=1043628352, startStation=shanghai, destStation=suzhou), Ticket(seatNo=146007906, startStation=shanghai, destStation=suzhou), Ticket(seatNo=1530463700, startStation=shanghai, destStation=suzhou), Ticket(seatNo=1879301093, startStation=shanghai, destStation=suzhou), Ticket(seatNo=402964895, startStation=shanghai, destStation=suzhou), Ticket(seatNo=1796322721, startStation=shanghai, destStation=suzhou), Ticket(seatNo=1331075716, startStation=shanghai, destStation=suzhou), Ticket(seatNo=1240049243, startStation=shanghai, destStation=suzhou), Ticket(seatNo=590521180, startStation=shanghai, destStation=suzhou), Ticket(seatNo=1506651732, startStation=shanghai, destStation=suzhou), Ticket(seatNo=1873621396, startStation=shanghai, destStation=suzhou), Ticket(seatNo=2132514663, startStation=shanghai, destStation=suzhou), Ticket(seatNo=97126401, startStation=shanghai, destStation=suzhou), Ticket(seatNo=1143590204, startStation=shanghai, destStation=suzhou), Ticket(seatNo=1203471531, startStation=shanghai, destStation=suzhou), Ticket(seatNo=1081967951, startStation=shanghai, destStation=suzhou), Ticket(seatNo=1361949694, startStation=shanghai, destStation=suzhou), Ticket(seatNo=770819065, startStation=shanghai, destStation=suzhou), Ticket(seatNo=1734991119, startStation=shanghai, destStation=suzhou), Ticket(seatNo=1171302207, startStation=shanghai, destStation=suzhou), Ticket(seatNo=896926119, startStation=shanghai, destStation=suzhou), Ticket(seatNo=429977698, startStation=shanghai, destStation=suzhou), Ticket(seatNo=1700949544, startStation=shanghai, destStation=suzhou), Ticket(seatNo=1993109739, startStation=shanghai, destStation=suzhou), Ticket(seatNo=95888109, startStation=shanghai, destStation=suzhou), Ticket(seatNo=1754065861, startStation=shanghai, destStation=suzhou), Ticket(seatNo=154019644, startStation=shanghai, destStation=suzhou), Ticket(seatNo=524582401, startStation=shanghai, destStation=suzhou), Ticket(seatNo=1334753364, startStation=shanghai, destStation=suzhou), Ticket(seatNo=1986288796, startStation=shanghai, destStation=suzhou), Ticket(seatNo=554296196, startStation=shanghai, destStation=suzhou), Ticket(seatNo=633463036, startStation=shanghai, destStation=suzhou), Ticket(seatNo=436767015, startStation=shanghai, destStation=suzhou), Ticket(seatNo=1239327412, startStation=shanghai, destStation=suzhou), Ticket(seatNo=790314884, startStation=shanghai, destStation=suzhou), Ticket(seatNo=767880562, startStation=shanghai, destStation=suzhou), Ticket(seatNo=1882983382, startStation=shanghai, destStation=suzhou), Ticket(seatNo=1796077830, startStation=shanghai, destStation=suzhou), Ticket(seatNo=1256846996, startStation=shanghai, destStation=suzhou), Ticket(seatNo=388145690, startStation=shanghai, destStation=suzhou), Ticket(seatNo=1277071603, startStation=shanghai, destStation=suzhou), Ticket(seatNo=796991928, startStation=shanghai, destStation=suzhou), Ticket(seatNo=884504981, startStation=shanghai, destStation=suzhou), Ticket(seatNo=967371941, startStation=shanghai, destStation=suzhou), Ticket(seatNo=2003998246, startStation=shanghai, destStation=suzhou), Ticket(seatNo=255953355, startStation=shanghai, destStation=suzhou), Ticket(seatNo=939595525, startStation=shanghai, destStation=suzhou), Ticket(seatNo=1544334905, startStation=shanghai, destStation=suzhou), Ticket(seatNo=1102117997, startStation=shanghai, destStation=suzhou), Ticket(seatNo=1635610308, startStation=shanghai, destStation=suzhou), Ticket(seatNo=592648285, startStation=shanghai, destStation=suzhou), Ticket(seatNo=66104728, startStation=shanghai, destStation=suzhou), Ticket(seatNo=1613887154, startStation=shanghai, destStation=suzhou), Ticket(seatNo=1525464784, startStation=shanghai, destStation=suzhou), Ticket(seatNo=2133302187, startStation=shanghai, destStation=suzhou), Ticket(seatNo=6271054, startStation=shanghai, destStation=suzhou), Ticket(seatNo=2008071408, startStation=shanghai, destStation=suzhou), Ticket(seatNo=1652274605, startStation=shanghai, destStation=suzhou), Ticket(seatNo=277571395, startStation=shanghai, destStation=suzhou), Ticket(seatNo=1196333812, startStation=shanghai, destStation=suzhou), Ticket(seatNo=579526857, startStation=shanghai, destStation=suzhou), Ticket(seatNo=2105768386, startStation=shanghai, destStation=suzhou), Ticket(seatNo=373807162, startStation=shanghai, destStation=suzhou), Ticket(seatNo=653737940, startStation=shanghai, destStation=suzhou), Ticket(seatNo=1642434373, startStation=shanghai, destStation=suzhou), Ticket(seatNo=1488059796, startStation=shanghai, destStation=suzhou), Ticket(seatNo=1551628343, startStation=shanghai, destStation=suzhou), Ticket(seatNo=768843654, startStation=shanghai, destStation=suzhou), Ticket(seatNo=368572971, startStation=shanghai, destStation=suzhou), Ticket(seatNo=1880391439, startStation=shanghai, destStation=suzhou), Ticket(seatNo=820971079, startStation=shanghai, destStation=suzhou), Ticket(seatNo=1977222074, startStation=shanghai, destStation=suzhou), Ticket(seatNo=321239528, startStation=shanghai, destStation=suzhou), Ticket(seatNo=1431760116, startStation=shanghai, destStation=suzhou), Ticket(seatNo=1345938270, startStation=shanghai, destStation=suzhou), Ticket(seatNo=2007250301, startStation=shanghai, destStation=suzhou), Ticket(seatNo=57757292, startStation=shanghai, destStation=suzhou), Ticket(seatNo=2033777081, startStation=shanghai, destStation=suzhou), Ticket(seatNo=1685037576, startStation=shanghai, destStation=suzhou), Ticket(seatNo=1234414041, startStation=shanghai, destStation=suzhou), Ticket(seatNo=1188886554, startStation=shanghai, destStation=suzhou), Ticket(seatNo=1398540255, startStation=shanghai, destStation=suzhou), Ticket(seatNo=1505819981, startStation=shanghai, destStation=suzhou), Ticket(seatNo=610865531, startStation=shanghai, destStation=suzhou), Ticket(seatNo=885526982, startStation=shanghai, destStation=suzhou), Ticket(seatNo=1341903663, startStation=shanghai, destStation=suzhou), Ticket(seatNo=409751086, startStation=shanghai, destStation=suzhou), Ticket(seatNo=969849650, startStation=shanghai, destStation=suzhou), Ticket(seatNo=1181612285, startStation=shanghai, destStation=suzhou), Ticket(seatNo=580513787, startStation=shanghai, destStation=suzhou), Ticket(seatNo=1337517061, startStation=shanghai, destStation=suzhou), Ticket(seatNo=2106329292, startStation=shanghai, destStation=suzhou), Ticket(seatNo=1008735637, startStation=shanghai, destStation=suzhou), Ticket(seatNo=1983953833, startStation=shanghai, destStation=suzhou), Ticket(seatNo=629859133, startStation=shanghai, destStation=suzhou), Ticket(seatNo=1693615987, startStation=shanghai, destStation=suzhou), Ticket(seatNo=665929265, startStation=shanghai, destStation=suzhou), Ticket(seatNo=1625899717, startStation=shanghai, destStation=suzhou), Ticket(seatNo=691667494, startStation=shanghai, destStation=suzhou), Ticket(seatNo=716244515, startStation=shanghai, destStation=suzhou), Ticket(seatNo=146358183, startStation=shanghai, destStation=suzhou), Ticket(seatNo=494530580, startStation=shanghai, destStation=suzhou), Ticket(seatNo=1831095362, startStation=shanghai, destStation=suzhou), Ticket(seatNo=1775851249, startStation=shanghai, destStation=suzhou), Ticket(seatNo=1616593235, startStation=shanghai, destStation=suzhou), Ticket(seatNo=2070280767, startStation=shanghai, destStation=suzhou), Ticket(seatNo=1077203125, startStation=shanghai, destStation=suzhou), Ticket(seatNo=414945371, startStation=shanghai, destStation=suzhou), Ticket(seatNo=1399524661, startStation=shanghai, destStation=suzhou), Ticket(seatNo=1254215660, startStation=shanghai, destStation=suzhou), Ticket(seatNo=1008619349, startStation=shanghai, destStation=suzhou), Ticket(seatNo=748345910, startStation=shanghai, destStation=suzhou), Ticket(seatNo=1518146377, startStation=shanghai, destStation=suzhou), Ticket(seatNo=1775631158, startStation=shanghai, destStation=suzhou), Ticket(seatNo=209526615, startStation=shanghai, destStation=suzhou), Ticket(seatNo=329736953, startStation=shanghai, destStation=suzhou), Ticket(seatNo=1720990615, startStation=shanghai, destStation=suzhou), Ticket(seatNo=161055820, startStation=shanghai, destStation=suzhou), Ticket(seatNo=251113415, startStation=shanghai, destStation=suzhou), Ticket(seatNo=1198421777, startStation=shanghai, destStation=suzhou), Ticket(seatNo=1759358576, startStation=shanghai, destStation=suzhou), Ticket(seatNo=877350021, startStation=shanghai, destStation=suzhou), Ticket(seatNo=1312038844, startStation=shanghai, destStation=suzhou), Ticket(seatNo=2029826895, startStation=shanghai, destStation=suzhou), Ticket(seatNo=423504501, startStation=shanghai, destStation=suzhou), Ticket(seatNo=1556416438, startStation=shanghai, destStation=suzhou), Ticket(seatNo=1301822896, startStation=shanghai, destStation=suzhou), Ticket(seatNo=1795669000, startStation=shanghai, destStation=suzhou), Ticket(seatNo=2109021591, startStation=shanghai, destStation=suzhou), Ticket(seatNo=1896961319, startStation=shanghai, destStation=suzhou), Ticket(seatNo=1501860739, startStation=shanghai, destStation=suzhou), Ticket(seatNo=670484785, startStation=shanghai, destStation=suzhou), Ticket(seatNo=605778711, startStation=shanghai, destStation=suzhou), Ticket(seatNo=647991026, startStation=shanghai, destStation=suzhou), Ticket(seatNo=1312209848, startStation=shanghai, destStation=suzhou), Ticket(seatNo=795533255, startStation=shanghai, destStation=suzhou), Ticket(seatNo=1727000194, startStation=shanghai, destStation=suzhou), Ticket(seatNo=1514781946, startStation=shanghai, destStation=suzhou), Ticket(seatNo=1528089102, startStation=shanghai, destStation=suzhou), Ticket(seatNo=1843632525, startStation=shanghai, destStation=suzhou), Ticket(seatNo=1789842840, startStation=shanghai, destStation=suzhou), Ticket(seatNo=1584441848, startStation=shanghai, destStation=suzh"",""stream"":""stdout"",""time"":""2025-06-06T09:22:30.741517542Z""}"
2025-06-06T09:22:30.64789749Z,1674984150647897490,33.33.33.76,ts-order-service-5b67c48447-mv5hb,server,ed5b1a54c3a69343920aaf7ce398e59b,b10f30d63409995c,"{""log"":""17:22:30.647 INFO  o.c.OrderController#39 TraceID: ed5b1a54c3a69343920aaf7ce398e59b SpanID: b10f30d63409995c [getSoldTickets][Get Sold Ticket][Travel Date: 2023-01-29]\n"",""stream"":""stdout"",""time"":""2025-06-06T09:22:30.64789749Z""}"
2025-06-06T09:22:30.380839685Z,1674984150380839685,33.33.33.76,ts-order-service-5b67c48447-mv5hb,server,ed5b1a54c3a69343920aaf7ce398e59b,ad9392bb4e19392a,"{""log"":""17:22:30.380 INFO  o.s.OrderServiceImpl#65 TraceID: ed5b1a54c3a69343920aaf7ce398e59b SpanID: ad9392bb4e19392a [getSoldTickets][Left ticket info][info is: LeftTicketInfo{soldTickets=[Ticket(seatNo=201009634, startStation=shanghai, destStation=suzhou), Ticket(seatNo=793856134, startStation=shanghai, destStation=suzhou), Ticket(seatNo=1460607244, startStation=shanghai, destStation=suzhou), Ticket(seatNo=1893506521, startStation=shanghai, destStation=suzhou), Ticket(seatNo=1380769004, startStation=shanghai, destStation=suzhou), Ticket(seatNo=603898922, startStation=shanghai, destStation=suzhou), Ticket(seatNo=2143932925, startStation=shanghai, destStation=suzhou), Ticket(seatNo=1561348498, startStation=shanghai, destStation=suzhou), Ticket(seatNo=886885033, startStation=shanghai, destStation=suzhou), Ticket(seatNo=422262624, startStation=shanghai, destStation=suzhou), Ticket(seatNo=361790838, startStation=shanghai, destStation=suzhou), Ticket(seatNo=266878641, startStation=shanghai, destStation=suzhou), Ticket(seatNo=1121266960, startStation=shanghai, destStation=suzhou), Ticket(seatNo=487102316, startStation=shanghai, destStation=suzhou), Ticket(seatNo=1374930393, startStation=shanghai, destStation=suzhou), Ticket(seatNo=1767519527, startStation=shanghai, destStation=suzhou), Ticket(seatNo=1803156456, startStation=shanghai, destStation=suzhou), Ticket(seatNo=313223057, startStation=shanghai, destStation=suzhou), Ticket(seatNo=1524529309, startStation=shanghai, destStation=suzhou), Ticket(seatNo=670312232, startStation=shanghai, destStation=suzhou), Ticket(seatNo=1946032193, startStation=shanghai, destStation=suzhou), Ticket(seatNo=828994518, startStation=shanghai, destStation=suzhou), Ticket(seatNo=1079442689, startStation=shanghai, destStation=suzhou), Ticket(seatNo=710165669, startStation=shanghai, destStation=suzhou), Ticket(seatNo=1012345336, startStation=shanghai, destStation=suzhou), Ticket(seatNo=44007696, startStation=shanghai, destStation=suzhou), Ticket(seatNo=2038743294, startStation=shanghai, destStation=suzhou), Ticket(seatNo=674075465, startStation=shanghai, destStation=suzhou), Ticket(seatNo=1337412878, startStation=shanghai, destStation=suzhou), Ticket(seatNo=1252360897, startStation=shanghai, destStation=suzhou), Ticket(seatNo=1084947215, startStation=shanghai, destStation=suzhou), Ticket(seatNo=349324291, startStation=shanghai, destStation=suzhou), Ticket(seatNo=612611721, startStation=shanghai, destStation=suzhou), Ticket(seatNo=1914907225, startStation=shanghai, destStation=suzhou), Ticket(seatNo=1033454023, startStation=shanghai, destStation=suzhou), Ticket(seatNo=146315145, startStation=shanghai, destStation=suzhou), Ticket(seatNo=507669879, startStation=shanghai, destStation=suzhou), Ticket(seatNo=1114532875, startStation=shanghai, destStation=suzhou), Ticket(seatNo=2047347471, startStation=shanghai, destStation=suzhou), Ticket(seatNo=2112226830, startStation=shanghai, destStation=suzhou), Ticket(seatNo=471687199, startStation=shanghai, destStation=suzhou), Ticket(seatNo=891385160, startStation=shanghai, destStation=suzhou), Ticket(seatNo=52112621, startStation=shanghai, destStation=suzhou), Ticket(seatNo=843566710, startStation=shanghai, destStation=suzhou), Ticket(seatNo=668440018, startStation=shanghai, destStation=suzhou), Ticket(seatNo=1886885132, startStation=shanghai, destStation=suzhou), Ticket(seatNo=1927170957, startStation=shanghai, destStation=suzhou), Ticket(seatNo=1085229400, startStation=shanghai, destStation=suzhou), Ticket(seatNo=707425904, startStation=shanghai, destStation=suzhou), Ticket(seatNo=464947381, startStation=shanghai, destStation=suzhou), Ticket(seatNo=862409196, startStation=shanghai, destStation=suzhou), Ticket(seatNo=1527980233, startStation=shanghai, destStation=suzhou), Ticket(seatNo=1194070081, startStation=shanghai, destStation=suzhou), Ticket(seatNo=698985417, startStation=shanghai, destStation=suzhou), Ticket(seatNo=1434255230, startStation=shanghai, destStation=suzhou), Ticket(seatNo=107342144, startStation=shanghai, destStation=suzhou), Ticket(seatNo=1346447524, startStation=shanghai, destStation=suzhou), Ticket(seatNo=1609976732, startStation=shanghai, destStation=suzhou), Ticket(seatNo=1625975337, startStation=shanghai, destStation=suzhou), Ticket(seatNo=730221217, startStation=shanghai, destStation=suzhou), Ticket(seatNo=1452994271, startStation=shanghai, destStation=suzhou), Ticket(seatNo=2082261134, startStation=shanghai, destStation=suzhou), Ticket(seatNo=1034161263, startStation=shanghai, destStation=suzhou), Ticket(seatNo=1433770610, startStation=shanghai, destStation=suzhou), Ticket(seatNo=1944406239, startStation=shanghai, destStation=suzhou), Ticket(seatNo=806364822, startStation=shanghai, destStation=suzhou), Ticket(seatNo=1474417815, startStation=shanghai, destStation=suzhou), Ticket(seatNo=344808965, startStation=shanghai, destStation=suzhou), Ticket(seatNo=1460046435, startStation=shanghai, destStation=suzhou), Ticket(seatNo=1833738100, startStation=shanghai, destStation=suzhou), Ticket(seatNo=54121485, startStation=shanghai, destStation=suzhou), Ticket(seatNo=478312199, startStation=shanghai, destStation=suzhou), Ticket(seatNo=141657437, startStation=shanghai, destStation=suzhou), Ticket(seatNo=1646294862, startStation=shanghai, destStation=suzhou), Ticket(seatNo=369778934, startStation=shanghai, destStation=suzhou), Ticket(seatNo=1311485713, startStation=shanghai, destStation=suzhou), Ticket(seatNo=1126367806, startStation=shanghai, destStation=suzhou), Ticket(seatNo=1554687036, startStation=shanghai, destStation=suzhou), Ticket(seatNo=566990115, startStation=shanghai, destStation=suzhou), Ticket(seatNo=1175494979, startStation=shanghai, destStation=suzhou), Ticket(seatNo=1541121627, startStation=shanghai, destStation=suzhou), Ticket(seatNo=1203609265, startStation=shanghai, destStation=suzhou), Ticket(seatNo=1921549183, startStation=shanghai, destStation=suzhou), Ticket(seatNo=1918183508, startStation=shanghai, destStation=suzhou), Ticket(seatNo=1598092512, startStation=shanghai, destStation=suzhou), Ticket(seatNo=1267647479, startStation=shanghai, destStation=suzhou), Ticket(seatNo=1640780669, startStation=shanghai, destStation=suzhou), Ticket(seatNo=407197519, startStation=shanghai, destStation=suzhou), Ticket(seatNo=1405122139, startStation=shanghai, destStation=suzhou), Ticket(seatNo=1008516158, startStation=shanghai, destStation=suzhou), Ticket(seatNo=773494342, startStation=shanghai, destStation=suzhou), Ticket(seatNo=1043628352, startStation=shanghai, destStation=suzhou), Ticket(seatNo=146007906, startStation=shanghai, destStation=suzhou), Ticket(seatNo=1530463700, startStation=shanghai, destStation=suzhou), Ticket(seatNo=1879301093, startStation=shanghai, destStation=suzhou), Ticket(seatNo=402964895, startStation=shanghai, destStation=suzhou), Ticket(seatNo=1796322721, startStation=shanghai, destStation=suzhou), Ticket(seatNo=1331075716, startStation=shanghai, destStation=suzhou), Ticket(seatNo=1240049243, startStation=shanghai, destStation=suzhou), Ticket(seatNo=590521180, startStation=shanghai, destStation=suzhou), Ticket(seatNo=1506651732, startStation=shanghai, destStation=suzhou), Ticket(seatNo=1873621396, startStation=shanghai, destStation=suzhou), Ticket(seatNo=2132514663, startStation=shanghai, destStation=suzhou), Ticket(seatNo=97126401, startStation=shanghai, destStation=suzhou), Ticket(seatNo=1143590204, startStation=shanghai, destStation=suzhou), Ticket(seatNo=1203471531, startStation=shanghai, destStation=suzhou), Ticket(seatNo=1081967951, startStation=shanghai, destStation=suzhou), Ticket(seatNo=1361949694, startStation=shanghai, destStation=suzhou), Ticket(seatNo=770819065, startStation=shanghai, destStation=suzhou), Ticket(seatNo=1734991119, startStation=shanghai, destStation=suzhou), Ticket(seatNo=1171302207, startStation=shanghai, destStation=suzhou), Ticket(seatNo=896926119, startStation=shanghai, destStation=suzhou), Ticket(seatNo=429977698, startStation=shanghai, destStation=suzhou), Ticket(seatNo=1700949544, startStation=shanghai, destStation=suzhou), Ticket(seatNo=1993109739, startStation=shanghai, destStation=suzhou), Ticket(seatNo=95888109, startStation=shanghai, destStation=suzhou), Ticket(seatNo=1754065861, startStation=shanghai, destStation=suzhou), Ticket(seatNo=154019644, startStation=shanghai, destStation=suzhou), Ticket(seatNo=524582401, startStation=shanghai, destStation=suzhou), Ticket(seatNo=1334753364, startStation=shanghai, destStation=suzhou), Ticket(seatNo=1986288796, startStation=shanghai, destStation=suzhou), Ticket(seatNo=554296196, startStation=shanghai, destStation=suzhou), Ticket(seatNo=633463036, startStation=shanghai, destStation=suzhou), Ticket(seatNo=436767015, startStation=shanghai, destStation=suzhou), Ticket(seatNo=1239327412, startStation=shanghai, destStation=suzhou), Ticket(seatNo=790314884, startStation=shanghai, destStation=suzhou), Ticket(seatNo=767880562, startStation=shanghai, destStation=suzhou), Ticket(seatNo=1882983382, startStation=shanghai, destStation=suzhou), Ticket(seatNo=1796077830, startStation=shanghai, destStation=suzhou), Ticket(seatNo=1256846996, startStation=shanghai, destStation=suzhou), Ticket(seatNo=388145690, startStation=shanghai, destStation=suzhou), Ticket(seatNo=1277071603, startStation=shanghai, destStation=suzhou), Ticket(seatNo=796991928, startStation=shanghai, destStation=suzhou), Ticket(seatNo=884504981, startStation=shanghai, destStation=suzhou), Ticket(seatNo=967371941, startStation=shanghai, destStation=suzhou), Ticket(seatNo=2003998246, startStation=shanghai, destStation=suzhou), Ticket(seatNo=255953355, startStation=shanghai, destStation=suzhou), Ticket(seatNo=939595525, startStation=shanghai, destStation=suzhou), Ticket(seatNo=1544334905, startStation=shanghai, destStation=suzhou), Ticket(seatNo=1102117997, startStation=shanghai, destStation=suzhou), Ticket(seatNo=1635610308, startStation=shanghai, destStation=suzhou), Ticket(seatNo=592648285, startStation=shanghai, destStation=suzhou), Ticket(seatNo=66104728, startStation=shanghai, destStation=suzhou), Ticket(seatNo=1613887154, startStation=shanghai, destStation=suzhou), Ticket(seatNo=1525464784, startStation=shanghai, destStation=suzhou), Ticket(seatNo=2133302187, startStation=shanghai, destStation=suzhou), Ticket(seatNo=6271054, startStation=shanghai, destStation=suzhou), Ticket(seatNo=2008071408, startStation=shanghai, destStation=suzhou), Ticket(seatNo=1652274605, startStation=shanghai, destStation=suzhou), Ticket(seatNo=277571395, startStation=shanghai, destStation=suzhou), Ticket(seatNo=1196333812, startStation=shanghai, destStation=suzhou), Ticket(seatNo=579526857, startStation=shanghai, destStation=suzhou), Ticket(seatNo=2105768386, startStation=shanghai, destStation=suzhou), Ticket(seatNo=373807162, startStation=shanghai, destStation=suzhou), Ticket(seatNo=653737940, startStation=shanghai, destStation=suzhou), Ticket(seatNo=1642434373, startStation=shanghai, destStation=suzhou), Ticket(seatNo=1488059796, startStation=shanghai, destStation=suzhou), Ticket(seatNo=1551628343, startStation=shanghai, destStation=suzhou), Ticket(seatNo=768843654, startStation=shanghai, destStation=suzhou), Ticket(seatNo=368572971, startStation=shanghai, destStation=suzhou), Ticket(seatNo=1880391439, startStation=shanghai, destStation=suzhou), Ticket(seatNo=820971079, startStation=shanghai, destStation=suzhou), Ticket(seatNo=1977222074, startStation=shanghai, destStation=suzhou), Ticket(seatNo=321239528, startStation=shanghai, destStation=suzhou), Ticket(seatNo=1431760116, startStation=shanghai, destStation=suzhou), Ticket(seatNo=1345938270, startStation=shanghai, destStation=suzhou), Ticket(seatNo=2007250301, startStation=shanghai, destStation=suzhou), Ticket(seatNo=57757292, startStation=shanghai, destStation=suzhou), Ticket(seatNo=2033777081, startStation=shanghai, destStation=suzhou), Ticket(seatNo=1685037576, startStation=shanghai, destStation=suzhou), Ticket(seatNo=1234414041, startStation=shanghai, destStation=suzhou), Ticket(seatNo=1188886554, startStation=shanghai, destStation=suzhou), Ticket(seatNo=1398540255, startStation=shanghai, destStation=suzhou), Ticket(seatNo=1505819981, startStation=shanghai, destStation=suzhou), Ticket(seatNo=610865531, startStation=shanghai, destStation=suzhou), Ticket(seatNo=885526982, startStation=shanghai, destStation=suzhou), Ticket(seatNo=1341903663, startStation=shanghai, destStation=suzhou), Ticket(seatNo=409751086, startStation=shanghai, destStation=suzhou), Ticket(seatNo=969849650, startStation=shanghai, destStation=suzhou), Ticket(seatNo=1181612285, startStation=shanghai, destStation=suzhou), Ticket(seatNo=580513787, startStation=shanghai, destStation=suzhou), Ticket(seatNo=1337517061, startStation=shanghai, destStation=suzhou), Ticket(seatNo=2106329292, startStation=shanghai, destStation=suzhou), Ticket(seatNo=1008735637, startStation=shanghai, destStation=suzhou), Ticket(seatNo=1983953833, startStation=shanghai, destStation=suzhou), Ticket(seatNo=629859133, startStation=shanghai, destStation=suzhou), Ticket(seatNo=1693615987, startStation=shanghai, destStation=suzhou), Ticket(seatNo=665929265, startStation=shanghai, destStation=suzhou), Ticket(seatNo=1625899717, startStation=shanghai, destStation=suzhou), Ticket(seatNo=691667494, startStation=shanghai, destStation=suzhou), Ticket(seatNo=716244515, startStation=shanghai, destStation=suzhou), Ticket(seatNo=146358183, startStation=shanghai, destStation=suzhou), Ticket(seatNo=494530580, startStation=shanghai, destStation=suzhou), Ticket(seatNo=1831095362, startStation=shanghai, destStation=suzhou), Ticket(seatNo=1775851249, startStation=shanghai, destStation=suzhou), Ticket(seatNo=1616593235, startStation=shanghai, destStation=suzhou), Ticket(seatNo=2070280767, startStation=shanghai, destStation=suzhou), Ticket(seatNo=1077203125, startStation=shanghai, destStation=suzhou), Ticket(seatNo=414945371, startStation=shanghai, destStation=suzhou), Ticket(seatNo=1399524661, startStation=shanghai, destStation=suzhou), Ticket(seatNo=1254215660, startStation=shanghai, destStation=suzhou), Ticket(seatNo=1008619349, startStation=shanghai, destStation=suzhou), Ticket(seatNo=748345910, startStation=shanghai, destStation=suzhou), Ticket(seatNo=1518146377, startStation=shanghai, destStation=suzhou), Ticket(seatNo=1775631158, startStation=shanghai, destStation=suzhou), Ticket(seatNo=209526615, startStation=shanghai, destStation=suzhou), Ticket(seatNo=329736953, startStation=shanghai, destStation=suzhou), Ticket(seatNo=1720990615, startStation=shanghai, destStation=suzhou), Ticket(seatNo=161055820, startStation=shanghai, destStation=suzhou), Ticket(seatNo=251113415, startStation=shanghai, destStation=suzhou), Ticket(seatNo=1198421777, startStation=shanghai, destStation=suzhou), Ticket(seatNo=1759358576, startStation=shanghai, destStation=suzhou), Ticket(seatNo=877350021, startStation=shanghai, destStation=suzhou), Ticket(seatNo=1312038844, startStation=shanghai, destStation=suzhou), Ticket(seatNo=2029826895, startStation=shanghai, destStation=suzhou), Ticket(seatNo=423504501, startStation=shanghai, destStation=suzhou), Ticket(seatNo=1556416438, startStation=shanghai, destStation=suzhou), Ticket(seatNo=1301822896, startStation=shanghai, destStation=suzhou), Ticket(seatNo=1795669000, startStation=shanghai, destStation=suzhou), Ticket(seatNo=2109021591, startStation=shanghai, destStation=suzhou), Ticket(seatNo=1896961319, startStation=shanghai, destStation=suzhou), Ticket(seatNo=1501860739, startStation=shanghai, destStation=suzhou), Ticket(seatNo=670484785, startStation=shanghai, destStation=suzhou), Ticket(seatNo=605778711, startStation=shanghai, destStation=suzhou), Ticket(seatNo=647991026, startStation=shanghai, destStation=suzhou), Ticket(seatNo=1312209848, startStation=shanghai, destStation=suzhou), Ticket(seatNo=795533255, startStation=shanghai, destStation=suzhou), Ticket(seatNo=1727000194, startStation=shanghai, destStation=suzhou), Ticket(seatNo=1514781946, startStation=shanghai, destStation=suzhou), Ticket(seatNo=1528089102, startStation=shanghai, destStation=suzhou), Ticket(seatNo=1843632525, startStation=shanghai, destStation=suzhou), Ticket(seatNo=1789842840, startStation=shanghai, destStation=suzhou), Ticket(seatNo=1584441848, startStation=shanghai, destStation=suzh"",""stream"":""stdout"",""time"":""2025-06-06T09:22:30.380839685Z""}"
2025-06-06T09:22:30.258532243Z,1674984150258532243,33.33.33.76,ts-order-service-5b67c48447-mv5hb,server,ed5b1a54c3a69343920aaf7ce398e59b,ad9392bb4e19392a,"{""log"":""17:22:30.258 INFO  o.c.OrderController#39 TraceID: ed5b1a54c3a69343920aaf7ce398e59b SpanID: ad9392bb4e19392a [getSoldTickets][Get Sold Ticket][Travel Date: 2023-01-29]\n"",""stream"":""stdout"",""time"":""2025-06-06T09:22:30.258532243Z""}"
2025-06-06T09:22:30.00562834Z,1674984150005628340,33.33.33.76,ts-order-service-5b67c48447-mv5hb,server,ed5b1a54c3a69343920aaf7ce398e59b,7fc96af884153f4a,"{""log"":""17:22:30.005 INFO  o.c.OrderController#118 TraceID: ed5b1a54c3a69343920aaf7ce398e59b SpanID: 7fc96af884153f4a [checkSecurityAboutOrder][Security Info Get][AccountId:4d2a46c7-71cb-4cf1-b5bb-b68406d9da6f]\n"",""stream"":""stdout"",""time"":""2025-06-06T09:22:30.00562834Z""}"
2025-06-06T09:22:30.131786818Z,1674984150131786818,33.33.33.155,ts-order-other-service-6cdbf9b4cc-h7mqk,server,ed5b1a54c3a69343920aaf7ce398e59b,3f0265219f6067ef,"{""log"":""17:22:30.131 INFO  o.c.OrderOtherController#118 TraceID: ed5b1a54c3a69343920aaf7ce398e59b SpanID: 3f0265219f6067ef [checkSecurityAboutOrder][Security Info Get][CheckDate:Sun Jan 29 17:22:30 CST 2023 , AccountId:4d2a46c7-71cb-4cf1-b5bb-b68406d9da6f]\n"",""stream"":""stdout"",""time"":""2025-06-06T09:22:30.131786818Z""}"
2025-06-06T09:22:31.05515775Z,1674984151055157750,33.33.33.155,ts-food-service-f5756978c-k8vqf,server,ed5b1a54c3a69343920aaf7ce398e59b,72c4bd4aba685f4b,"{""log"":""17:22:31.054 INFO  f.s.FoodServiceImpl#143 TraceID: ed5b1a54c3a69343920aaf7ce398e59b SpanID: 72c4bd4aba685f4b [createFoodOrder][AddFoodOrder][delivery info send to mq][delivery info: {\""orderId\"":\""ffe2211f-fdcf-4a64-9294-6b156e44b276\"",\""foodName\"":\""Soup\"",\""storeName\"":\""Roman Holiday\"",\""stationName\"":\""Su Zhou\""}]\n"",""stream"":""stdout"",""time"":""2025-06-06T09:22:31.05515775Z""}"
2025-06-06T09:22:31.054535593Z,1674984151054535593,33.33.33.155,ts-food-service-f5756978c-k8vqf,server,ed5b1a54c3a69343920aaf7ce398e59b,72c4bd4aba685f4b,"{""log"":""17:22:31.054 INFO  f.mq.RabbitSend#20 TraceID: ed5b1a54c3a69343920aaf7ce398e59b SpanID: 72c4bd4aba685f4b Send info to mq:{\""orderId\"":\""ffe2211f-fdcf-4a64-9294-6b156e44b276\"",\""foodName\"":\""Soup\"",\""storeName\"":\""Roman Holiday\"",\""stationName\"":\""Su Zhou\""}\n"",""stream"":""stdout"",""time"":""2025-06-06T09:22:31.054535593Z""}"
2025-06-06T09:22:31.053618371Z,1674984151053618371,33.33.33.155,ts-food-service-f5756978c-k8vqf,server,ed5b1a54c3a69343920aaf7ce398e59b,72c4bd4aba685f4b,"{""log"":""17:22:31.053 INFO  f.s.FoodServiceImpl#132 TraceID: ed5b1a54c3a69343920aaf7ce398e59b SpanID: 72c4bd4aba685f4b [createFoodOrder][AddFoodOrder Success]\n"",""stream"":""stdout"",""time"":""2025-06-06T09:22:31.053618371Z""}"
2025-06-06T09:22:31.045164299Z,1674984151045164299,33.33.33.155,ts-food-service-f5756978c-k8vqf,server,ed5b1a54c3a69343920aaf7ce398e59b,72c4bd4aba685f4b,"{""log"":""17:22:31.044 INFO  f.c.FoodController#58 TraceID: ed5b1a54c3a69343920aaf7ce398e59b SpanID: 72c4bd4aba685f4b [createFoodOrder][Try to Create a FoodOrder!]\n"",""stream"":""stdout"",""time"":""2025-06-06T09:22:31.045164299Z""}"
2025-06-06T09:22:31.08248639Z,1674984151082486390,33.33.33.76,ts-delivery-service-7d97b69596-lmsfv,server,ed5b1a54c3a69343920aaf7ce398e59b,d8868980a0c4fd5b,"{""log"":""17:22:31.082 INFO  d.m.RabbitReceive#52 TraceID: ed5b1a54c3a69343920aaf7ce398e59b SpanID: d8868980a0c4fd5b [process][Save delivery object into database success]\n"",""stream"":""stdout"",""time"":""2025-06-06T09:22:31.08248639Z""}"
2025-06-06T09:22:31.059847133Z,1674984151059847133,33.33.33.76,ts-delivery-service-7d97b69596-lmsfv,server,ed5b1a54c3a69343920aaf7ce398e59b,d8868980a0c4fd5b,"{""log"":""17:22:31.059 INFO  d.m.RabbitReceive#44 TraceID: ed5b1a54c3a69343920aaf7ce398e59b SpanID: d8868980a0c4fd5b [process][Receive delivery object][delivery object: {}]Delivery(id=null, orderId=ffe2211f-fdcf-4a64-9294-6b156e44b276, foodName=Soup, storeName=Roman Holiday, stationName=Su Zhou)\n"",""stream"":""stdout"",""time"":""2025-06-06T09:22:31.059847133Z""}"
2025-06-06T09:22:31.058887267Z,1674984151058887267,33.33.33.76,ts-delivery-service-7d97b69596-lmsfv,server,ed5b1a54c3a69343920aaf7ce398e59b,d8868980a0c4fd5b,"{""log"":""17:22:31.058 INFO  d.m.RabbitReceive#37 TraceID: ed5b1a54c3a69343920aaf7ce398e59b SpanID: d8868980a0c4fd5b [process][Delivery service]\n"",""stream"":""stdout"",""time"":""2025-06-06T09:22:31.058887267Z""}"
2025-06-06T09:22:30.157201199Z,1674984150157201199,33.33.33.79,ts-contacts-service-866bd68c97-xcqfx,server,ed5b1a54c3a69343920aaf7ce398e59b,d12d9010d32d10d3,"{""log"":""17:22:30.156 INFO  c.s.ContactsServiceImpl#34 TraceID: ed5b1a54c3a69343920aaf7ce398e59b SpanID: d12d9010d32d10d3 [findContactsById][contactsRepository.findById][Find contacts]\n"",""stream"":""stdout"",""time"":""2025-06-06T09:22:30.157201199Z""}"
2025-06-06T09:22:30.150842767Z,1674984150150842767,33.33.33.79,ts-contacts-service-866bd68c97-xcqfx,server,ed5b1a54c3a69343920aaf7ce398e59b,d12d9010d32d10d3,"{""log"":""17:22:30.150 INFO  c.s.ContactsServiceImpl#31 TraceID: ed5b1a54c3a69343920aaf7ce398e59b SpanID: d12d9010d32d10d3 FIND CONTACTS BY ID: 8c756d0c-b064-4dc6-b705-496a75343ddb\n"",""stream"":""stdout"",""time"":""2025-06-06T09:22:30.150842767Z""}"
2025-06-06T09:22:30.150481252Z,1674984150150481252,33.33.33.79,ts-contacts-service-866bd68c97-xcqfx,server,ed5b1a54c3a69343920aaf7ce398e59b,d12d9010d32d10d3,"{""log"":""17:22:30.149 INFO  c.c.ContactsController#84 TraceID: ed5b1a54c3a69343920aaf7ce398e59b SpanID: d12d9010d32d10d3 [ContactsService][VerifyLogin Success]\n"",""stream"":""stdout"",""time"":""2025-06-06T09:22:30.150481252Z""}"
2025-06-06T09:22:30.150100815Z,1674984150150100815,33.33.33.79,ts-contacts-service-866bd68c97-xcqfx,server,ed5b1a54c3a69343920aaf7ce398e59b,d12d9010d32d10d3,"{""log"":""17:22:30.149 INFO  c.c.ContactsController#83 TraceID: ed5b1a54c3a69343920aaf7ce398e59b SpanID: d12d9010d32d10d3 [ContactsService][Contacts Id Print][id: 8c756d0c-b064-4dc6-b705-496a75343ddb]\n"",""stream"":""stdout"",""time"":""2025-06-06T09:22:30.150100815Z""}"
2025-06-06T09:22:30.765340634Z,1674984150765340634,33.33.33.115,ts-config-service-5fcd447d84-wxwjd,server,ed5b1a54c3a69343920aaf7ce398e59b,ad05947152c8134a,"{""log"":""17:22:30.765 INFO  c.s.ConfigServiceImpl#65 TraceID: ed5b1a54c3a69343920aaf7ce398e59b SpanID: ad05947152c8134a [query][Query config success][config name: DirectTicketAllocationProportion]\n"",""stream"":""stdout"",""time"":""2025-06-06T09:22:30.765340634Z""}"
2025-06-06T09:22:30.764399507Z,1674984150764399507,33.33.33.115,ts-config-service-5fcd447d84-wxwjd,server,ed5b1a54c3a69343920aaf7ce398e59b,ad05947152c8134a,"{""log"":""17:22:30.764 INFO  c.c.ConfigController#67 TraceID: ed5b1a54c3a69343920aaf7ce398e59b SpanID: ad05947152c8134a [retrieve][Retrieve config][configName: DirectTicketAllocationProportion]\n"",""stream"":""stdout"",""time"":""2025-06-06T09:22:30.764399507Z""}"
2025-06-06T09:22:30.413465481Z,1674984150413465481,33.33.33.115,ts-config-service-5fcd447d84-wxwjd,server,ed5b1a54c3a69343920aaf7ce398e59b,06892177d2a9a578,"{""log"":""17:22:30.413 INFO  c.s.ConfigServiceImpl#65 TraceID: ed5b1a54c3a69343920aaf7ce398e59b SpanID: 06892177d2a9a578 [query][Query config success][config name: DirectTicketAllocationProportion]\n"",""stream"":""stdout"",""time"":""2025-06-06T09:22:30.413465481Z""}"
2025-06-06T09:22:30.412210161Z,1674984150412210161,33.33.33.115,ts-config-service-5fcd447d84-wxwjd,server,ed5b1a54c3a69343920aaf7ce398e59b,06892177d2a9a578,"{""log"":""17:22:30.411 INFO  c.c.ConfigController#67 TraceID: ed5b1a54c3a69343920aaf7ce398e59b SpanID: 06892177d2a9a578 [retrieve][Retrieve config][configName: DirectTicketAllocationProportion]\n"",""stream"":""stdout"",""time"":""2025-06-06T09:22:30.412210161Z""}"
2025-06-06T09:22:30.83019423Z,1674984150830194230,33.33.33.76,ts-basic-service-5dc8d4f9fd-46997,server,ed5b1a54c3a69343920aaf7ce398e59b,fb11f31b7e59c453,"{""log"":""17:22:30.829 INFO  f.m.s.BasicServiceImpl#119 TraceID: ed5b1a54c3a69343920aaf7ce398e59b SpanID: fb11f31b7e59c453 [queryForTravel][all done][result: TravelResult(status=true, percent=1.0, trainType=TrainType(id=a14b45f8-64d9-4e40-9d78-5152f726ba8d, name=DongCheOne, economyClass=2147483647, confortClass=2147483647, averageSpeed=180), route=Route(id=f3d4d4ef-693b-4456-8eed-59c0d717dd08, stations=[shanghai, suzhou], distances=[0, 50], startStation=shanghai, endStation=suzhou), prices={confortClass=50.0, economyClass=22.5})]\n"",""stream"":""stdout"",""time"":""2025-06-06T09:22:30.83019423Z""}"
2025-06-06T09:22:30.829775408Z,1674984150829775408,33.33.33.76,ts-basic-service-5dc8d4f9fd-46997,server,ed5b1a54c3a69343920aaf7ce398e59b,fb11f31b7e59c453,"{""log"":""17:22:30.829 INFO  f.m.s.BasicServiceImpl#100 TraceID: ed5b1a54c3a69343920aaf7ce398e59b SpanID: fb11f31b7e59c453 [queryForTravel][calculate price]\n"",""stream"":""stdout"",""time"":""2025-06-06T09:22:30.829775408Z""}"
2025-06-06T09:22:30.82912077Z,1674984150829120770,33.33.33.76,ts-basic-service-5dc8d4f9fd-46997,server,ed5b1a54c3a69343920aaf7ce398e59b,fb11f31b7e59c453,"{""log"":""17:22:30.828 INFO  f.m.s.BasicServiceImpl#454 TraceID: ed5b1a54c3a69343920aaf7ce398e59b SpanID: fb11f31b7e59c453 [queryPriceConfigByRouteIdAndTrainType][Response Resutl to String][result: Response(status=1, msg=Success, data={id=d5c4523a-827c-468c-95be-e9024a40572e, trainType=DongCheOne, routeId=f3d4d4ef-693b-4456-8eed-59c0d717dd08, basicPriceRate=0.45, firstClassPriceRate=1.0})]\n"",""stream"":""stdout"",""time"":""2025-06-06T09:22:30.82912077Z""}"
2025-06-06T09:22:30.820368215Z,1674984150820368215,33.33.33.76,ts-basic-service-5dc8d4f9fd-46997,server,ed5b1a54c3a69343920aaf7ce398e59b,fb11f31b7e59c453,"{""log"":""17:22:30.820 INFO  f.m.s.BasicServiceImpl#444 TraceID: ed5b1a54c3a69343920aaf7ce398e59b SpanID: fb11f31b7e59c453 [queryPriceConfigByRouteIdAndTrainType][Query For Price Config][RouteId: f3d4d4ef-693b-4456-8eed-59c0d717dd08 ,TrainType: DongCheOne]\n"",""stream"":""stdout"",""time"":""2025-06-06T09:22:30.820368215Z""}"
2025-06-06T09:22:30.820272226Z,1674984150820272226,33.33.33.76,ts-basic-service-5dc8d4f9fd-46997,server,ed5b1a54c3a69343920aaf7ce398e59b,fb11f31b7e59c453,"{""log"":""17:22:30.820 INFO  f.m.s.BasicServiceImpl#90 TraceID: ed5b1a54c3a69343920aaf7ce398e59b SpanID: fb11f31b7e59c453 [queryForTravel][query stations and distances][stations: [shanghai, suzhou] distances: [0, 50]]\n"",""stream"":""stdout"",""time"":""2025-06-06T09:22:30.820272226Z""}"
2025-06-06T09:22:30.820137023Z,1674984150820137023,33.33.33.76,ts-basic-service-5dc8d4f9fd-46997,server,ed5b1a54c3a69343920aaf7ce398e59b,fb11f31b7e59c453,"{""log"":""17:22:30.819 INFO  f.m.s.BasicServiceImpl#89 TraceID: ed5b1a54c3a69343920aaf7ce398e59b SpanID: fb11f31b7e59c453 [queryForTravel][query start index and end index][indexStart: 0 indexEnd: 1]\n"",""stream"":""stdout"",""time"":""2025-06-06T09:22:30.820137023Z""}"
2025-06-06T09:22:30.81976572Z,1674984150819765720,33.33.33.76,ts-basic-service-5dc8d4f9fd-46997,server,ed5b1a54c3a69343920aaf7ce398e59b,fb11f31b7e59c453,"{""log"":""17:22:30.819 INFO  f.m.s.BasicServiceImpl#438 TraceID: ed5b1a54c3a69343920aaf7ce398e59b SpanID: fb11f31b7e59c453 [getRouteByRouteId][Get Route By Id][Success]\n"",""stream"":""stdout"",""time"":""2025-06-06T09:22:30.81976572Z""}"
2025-06-06T09:22:30.805084174Z,1674984150805084174,33.33.33.76,ts-basic-service-5dc8d4f9fd-46997,server,ed5b1a54c3a69343920aaf7ce398e59b,fb11f31b7e59c453,"{""log"":""17:22:30.804 INFO  f.m.s.BasicServiceImpl#425 TraceID: ed5b1a54c3a69343920aaf7ce398e59b SpanID: fb11f31b7e59c453 [getRouteByRouteId][Get Route By Id][Route ID: f3d4d4ef-693b-4456-8eed-59c0d717dd08]\n"",""stream"":""stdout"",""time"":""2025-06-06T09:22:30.805084174Z""}"
2025-06-06T09:22:30.796794872Z,1674984150796794872,33.33.33.76,ts-basic-service-5dc8d4f9fd-46997,server,ed5b1a54c3a69343920aaf7ce398e59b,fb11f31b7e59c453,"{""log"":""17:22:30.796 INFO  f.m.s.BasicServiceImpl#391 TraceID: ed5b1a54c3a69343920aaf7ce398e59b SpanID: fb11f31b7e59c453 [queryTrainTypeByName][Query Train Type][Train Type name: DongCheOne]\n"",""stream"":""stdout"",""time"":""2025-06-06T09:22:30.796794872Z""}"
2025-06-06T09:22:30.792054149Z,1674984150792054149,33.33.33.76,ts-basic-service-5dc8d4f9fd-46997,server,ed5b1a54c3a69343920aaf7ce398e59b,fb11f31b7e59c453,"{""log"":""17:22:30.791 INFO  f.m.s.BasicServiceImpl#360 TraceID: ed5b1a54c3a69343920aaf7ce398e59b SpanID: fb11f31b7e59c453 [checkStationExists][Check Station Exists][stationName: suzhou]\n"",""stream"":""stdout"",""time"":""2025-06-06T09:22:30.792054149Z""}"
2025-06-06T09:22:30.783950724Z,1674984150783950724,33.33.33.76,ts-basic-service-5dc8d4f9fd-46997,server,ed5b1a54c3a69343920aaf7ce398e59b,fb11f31b7e59c453,"{""log"":""17:22:30.783 INFO  f.m.s.BasicServiceImpl#360 TraceID: ed5b1a54c3a69343920aaf7ce398e59b SpanID: fb11f31b7e59c453 [checkStationExists][Check Station Exists][stationName: shanghai]\n"",""stream"":""stdout"",""time"":""2025-06-06T09:22:30.783950724Z""}"
2025-06-06T09:22:30.783478786Z,1674984150783478786,33.33.33.76,ts-basic-service-5dc8d4f9fd-46997,server,ed5b1a54c3a69343920aaf7ce398e59b,fb11f31b7e59c453,"{""log"":""17:22:30.782 INFO  f.m.c.BasicController#38 TraceID: ed5b1a54c3a69343920aaf7ce398e59b SpanID: fb11f31b7e59c453 [queryForTravel][Query for travel][Travel: Travel(trip=Trip(id=465eec52-1bc7-4d8b-8c38-e8f210bb3a77, tripId=D1345, trainTypeName=DongCheOne, routeId=f3d4d4ef-693b-4456-8eed-59c0d717dd08, startStationName=shanghai, stationsName=suzhou, terminalStationName=taiyuan, startTime=2013-05-04 07:00:00, endTime=2013-05-04 19:59:52), startPlace=shanghai, endPlace=suzhou, departureTime=2023-01-29 17:22:30)]\n"",""stream"":""stdout"",""time"":""2025-06-06T09:22:30.783478786Z""}"
2025-06-06T09:22:30.245353708Z,1674984150245353708,33.33.33.76,ts-basic-service-5dc8d4f9fd-46997,server,ed5b1a54c3a69343920aaf7ce398e59b,f32c24b8338628b0,"{""log"":""17:22:30.245 INFO  f.m.s.BasicServiceImpl#119 TraceID: ed5b1a54c3a69343920aaf7ce398e59b SpanID: f32c24b8338628b0 [queryForTravel][all done][result: TravelResult(status=true, percent=1.0, trainType=TrainType(id=a14b45f8-64d9-4e40-9d78-5152f726ba8d, name=DongCheOne, economyClass=2147483647, confortClass=2147483647, averageSpeed=180), route=Route(id=f3d4d4ef-693b-4456-8eed-59c0d717dd08, stations=[shanghai, suzhou], distances=[0, 50], startStation=shanghai, endStation=suzhou), prices={confortClass=50.0, economyClass=22.5})]\n"",""stream"":""stdout"",""time"":""2025-06-06T09:22:30.245353708Z""}"
2025-06-06T09:22:30.245147928Z,1674984150245147928,33.33.33.76,ts-basic-service-5dc8d4f9fd-46997,server,ed5b1a54c3a69343920aaf7ce398e59b,f32c24b8338628b0,"{""log"":""17:22:30.244 INFO  f.m.s.BasicServiceImpl#100 TraceID: ed5b1a54c3a69343920aaf7ce398e59b SpanID: f32c24b8338628b0 [queryForTravel][calculate price]\n"",""stream"":""stdout"",""time"":""2025-06-06T09:22:30.245147928Z""}"
2025-06-06T09:22:30.244706522Z,1674984150244706522,33.33.33.76,ts-basic-service-5dc8d4f9fd-46997,server,ed5b1a54c3a69343920aaf7ce398e59b,f32c24b8338628b0,"{""log"":""17:22:30.244 INFO  f.m.s.BasicServiceImpl#454 TraceID: ed5b1a54c3a69343920aaf7ce398e59b SpanID: f32c24b8338628b0 [queryPriceConfigByRouteIdAndTrainType][Response Resutl to String][result: Response(status=1, msg=Success, data={id=d5c4523a-827c-468c-95be-e9024a40572e, trainType=DongCheOne, routeId=f3d4d4ef-693b-4456-8eed-59c0d717dd08, basicPriceRate=0.45, firstClassPriceRate=1.0})]\n"",""stream"":""stdout"",""time"":""2025-06-06T09:22:30.244706522Z""}"
2025-06-06T09:22:30.23140671Z,1674984150231406710,33.33.33.76,ts-basic-service-5dc8d4f9fd-46997,server,ed5b1a54c3a69343920aaf7ce398e59b,f32c24b8338628b0,"{""log"":""17:22:30.231 INFO  f.m.s.BasicServiceImpl#444 TraceID: ed5b1a54c3a69343920aaf7ce398e59b SpanID: f32c24b8338628b0 [queryPriceConfigByRouteIdAndTrainType][Query For Price Config][RouteId: f3d4d4ef-693b-4456-8eed-59c0d717dd08 ,TrainType: DongCheOne]\n"",""stream"":""stdout"",""time"":""2025-06-06T09:22:30.23140671Z""}"
2025-06-06T09:22:30.231265724Z,1674984150231265724,33.33.33.76,ts-basic-service-5dc8d4f9fd-46997,server,ed5b1a54c3a69343920aaf7ce398e59b,f32c24b8338628b0,"{""log"":""17:22:30.231 INFO  f.m.s.BasicServiceImpl#90 TraceID: ed5b1a54c3a69343920aaf7ce398e59b SpanID: f32c24b8338628b0 [queryForTravel][query stations and distances][stations: [shanghai, suzhou] distances: [0, 50]]\n"",""stream"":""stdout"",""time"":""2025-06-06T09:22:30.231265724Z""}"
2025-06-06T09:22:30.231130135Z,1674984150231130135,33.33.33.76,ts-basic-service-5dc8d4f9fd-46997,server,ed5b1a54c3a69343920aaf7ce398e59b,f32c24b8338628b0,"{""log"":""17:22:30.230 INFO  f.m.s.BasicServiceImpl#89 TraceID: ed5b1a54c3a69343920aaf7ce398e59b SpanID: f32c24b8338628b0 [queryForTravel][query start index and end index][indexStart: 0 indexEnd: 1]\n"",""stream"":""stdout"",""time"":""2025-06-06T09:22:30.231130135Z""}"
2025-06-06T09:22:30.230610624Z,1674984150230610624,33.33.33.76,ts-basic-service-5dc8d4f9fd-46997,server,ed5b1a54c3a69343920aaf7ce398e59b,f32c24b8338628b0,"{""log"":""17:22:30.230 INFO  f.m.s.BasicServiceImpl#438 TraceID: ed5b1a54c3a69343920aaf7ce398e59b SpanID: f32c24b8338628b0 [getRouteByRouteId][Get Route By Id][Success]\n"",""stream"":""stdout"",""time"":""2025-06-06T09:22:30.230610624Z""}"
2025-06-06T09:22:30.208531316Z,1674984150208531316,33.33.33.76,ts-basic-service-5dc8d4f9fd-46997,server,ed5b1a54c3a69343920aaf7ce398e59b,f32c24b8338628b0,"{""log"":""17:22:30.208 INFO  f.m.s.BasicServiceImpl#425 TraceID: ed5b1a54c3a69343920aaf7ce398e59b SpanID: f32c24b8338628b0 [getRouteByRouteId][Get Route By Id][Route ID: f3d4d4ef-693b-4456-8eed-59c0d717dd08]\n"",""stream"":""stdout"",""time"":""2025-06-06T09:22:30.208531316Z""}"
2025-06-06T09:22:30.196150142Z,1674984150196150142,33.33.33.76,ts-basic-service-5dc8d4f9fd-46997,server,ed5b1a54c3a69343920aaf7ce398e59b,f32c24b8338628b0,"{""log"":""17:22:30.195 INFO  f.m.s.BasicServiceImpl#391 TraceID: ed5b1a54c3a69343920aaf7ce398e59b SpanID: f32c24b8338628b0 [queryTrainTypeByName][Query Train Type][Train Type name: DongCheOne]\n"",""stream"":""stdout"",""time"":""2025-06-06T09:22:30.196150142Z""}"
2025-06-06T09:22:30.187224076Z,1674984150187224076,33.33.33.76,ts-basic-service-5dc8d4f9fd-46997,server,ed5b1a54c3a69343920aaf7ce398e59b,f32c24b8338628b0,"{""log"":""17:22:30.186 INFO  f.m.s.BasicServiceImpl#360 TraceID: ed5b1a54c3a69343920aaf7ce398e59b SpanID: f32c24b8338628b0 [checkStationExists][Check Station Exists][stationName: suzhou]\n"",""stream"":""stdout"",""time"":""2025-06-06T09:22:30.187224076Z""}"
2025-06-06T09:22:30.176066438Z,1674984150176066438,33.33.33.76,ts-basic-service-5dc8d4f9fd-46997,server,ed5b1a54c3a69343920aaf7ce398e59b,f32c24b8338628b0,"{""log"":""17:22:30.175 INFO  f.m.s.BasicServiceImpl#360 TraceID: ed5b1a54c3a69343920aaf7ce398e59b SpanID: f32c24b8338628b0 [checkStationExists][Check Station Exists][stationName: shanghai]\n"",""stream"":""stdout"",""time"":""2025-06-06T09:22:30.176066438Z""}"
2025-06-06T09:22:30.175698755Z,1674984150175698755,33.33.33.76,ts-basic-service-5dc8d4f9fd-46997,server,ed5b1a54c3a69343920aaf7ce398e59b,f32c24b8338628b0,"{""log"":""17:22:30.174 INFO  f.m.c.BasicController#38 TraceID: ed5b1a54c3a69343920aaf7ce398e59b SpanID: f32c24b8338628b0 [queryForTravel][Query for travel][Travel: Travel(trip=Trip(id=465eec52-1bc7-4d8b-8c38-e8f210bb3a77, tripId=D1345, trainTypeName=DongCheOne, routeId=f3d4d4ef-693b-4456-8eed-59c0d717dd08, startStationName=shanghai, stationsName=suzhou, terminalStationName=taiyuan, startTime=2013-05-04 07:00:00, endTime=2013-05-04 19:59:52), startPlace=shanghai, endPlace=suzhou, departureTime=2023-01-29)]\n"",""stream"":""stdout"",""time"":""2025-06-06T09:22:30.175698755Z""}"
2025-06-06T09:22:30.978797444Z,1674984150978797444,33.33.33.74,ts-assurance-service-69876c9868-ssxsf,server,ed5b1a54c3a69343920aaf7ce398e59b,8671f227f2f5e531,"{""log"":""17:22:30.978 INFO  a.s.AssuranceServiceImpl#65 TraceID: ed5b1a54c3a69343920aaf7ce398e59b SpanID: 8671f227f2f5e531 [create][AddAssurance][Success]\n"",""stream"":""stdout"",""time"":""2025-06-06T09:22:30.978797444Z""}"
2025-06-06T09:22:30.967069745Z,1674984150967069745,33.33.33.74,ts-assurance-service-69876c9868-ssxsf,server,ed5b1a54c3a69343920aaf7ce398e59b,8671f227f2f5e531,"{""log"":""17:22:30.965 INFO  a.c.AssuranceController#75 TraceID: ed5b1a54c3a69343920aaf7ce398e59b SpanID: 8671f227f2f5e531 [createNewAssurance][Create new assurance][typeIndex: 1, orderId: ffe2211f-fdcf-4a64-9294-6b156e44b276]\n"",""stream"":""stdout"",""time"":""2025-06-06T09:22:30.967069745Z""}"
2025-06-06T09:22:19.009069974Z,1674984139009069974,33.33.33.76,ts-user-service-687d654649-lrcwv,server,b901ac8dcc4eb08f87906efa102e6209,2f09bcf6325b7adf,"{""log"":""17:22:19.008 INFO  u.c.UserController#48 TraceID: b901ac8dcc4eb08f87906efa102e6209 SpanID: 2f09bcf6325b7adf [getUserByUserId][Get user by user id][UserId: 4d2a46c7-71cb-4cf1-b5bb-b68406d9da6f]\n"",""stream"":""stdout"",""time"":""2025-06-06T09:22:19.009069974Z""}"
2025-06-06T09:22:18.886938223Z,1674984138886938223,33.33.33.167,ts-travel2-service-5c66d57d58-6mp2b,server,b901ac8dcc4eb08f87906efa102e6209,c6b43653b98c743a,"{""log"":""17:22:18.886 INFO  t.s.TravelServiceImpl#372 TraceID: b901ac8dcc4eb08f87906efa102e6209 SpanID: c6b43653b98c743a [getTickets][Calculate distance][calculate time：175  time: Sat May 04 12:46:52 CST 2013]\n"",""stream"":""stdout"",""time"":""2025-06-06T09:22:18.886938223Z""}"
2025-06-06T09:22:18.886774954Z,1674984138886774954,33.33.33.167,ts-travel2-service-5c66d57d58-6mp2b,server,b901ac8dcc4eb08f87906efa102e6209,c6b43653b98c743a,"{""log"":""17:22:18.886 INFO  t.s.TravelServiceImpl#366 TraceID: b901ac8dcc4eb08f87906efa102e6209 SpanID: c6b43653b98c743a [getTickets][Calculate distance][calculate time：0  time: Sat May 04 09:51:52 CST 2013]\n"",""stream"":""stdout"",""time"":""2025-06-06T09:22:18.886774954Z""}"
2025-06-06T09:22:18.886681343Z,1674984138886681343,33.33.33.167,ts-travel2-service-5c66d57d58-6mp2b,server,b901ac8dcc4eb08f87906efa102e6209,c6b43653b98c743a,"{""log"":""17:22:18.886 INFO  t.s.TravelServiceImpl#469 TraceID: b901ac8dcc4eb08f87906efa102e6209 SpanID: c6b43653b98c743a [getRestTicketNumber][Get Rest tickets num][num is: Response(status=1, msg=Get Left Ticket of Internal Success, data=1073741654)]\n"",""stream"":""stdout"",""time"":""2025-06-06T09:22:18.886681343Z""}"
2025-06-06T09:22:18.846217123Z,1674984138846217123,33.33.33.167,ts-travel2-service-5c66d57d58-6mp2b,server,b901ac8dcc4eb08f87906efa102e6209,c6b43653b98c743a,"{""log"":""17:22:18.845 INFO  t.s.TravelServiceImpl#459 TraceID: b901ac8dcc4eb08f87906efa102e6209 SpanID: c6b43653b98c743a [getRestTicketNumber][Seat request][request: Seat(travelDate=2023-01-29, trainNumber=Z1234, startStation=shanghai, destStation=nanjing, seatType=3, totalNum=2147483647, stations=[shanghai, nanjing, shijiazhuang, taiyuan])]\n"",""stream"":""stdout"",""time"":""2025-06-06T09:22:18.846217123Z""}"
2025-06-06T09:22:18.846144978Z,1674984138846144978,33.33.33.167,ts-travel2-service-5c66d57d58-6mp2b,server,b901ac8dcc4eb08f87906efa102e6209,c6b43653b98c743a,"{""log"":""17:22:18.845 INFO  t.s.TravelServiceImpl#469 TraceID: b901ac8dcc4eb08f87906efa102e6209 SpanID: c6b43653b98c743a [getRestTicketNumber][Get Rest tickets num][num is: Response(status=1, msg=Get Left Ticket of Internal Success, data=1073741654)]\n"",""stream"":""stdout"",""time"":""2025-06-06T09:22:18.846144978Z""}"
2025-06-06T09:22:18.791340566Z,1674984138791340566,33.33.33.167,ts-travel2-service-5c66d57d58-6mp2b,server,b901ac8dcc4eb08f87906efa102e6209,c6b43653b98c743a,"{""log"":""17:22:18.790 INFO  t.s.TravelServiceImpl#459 TraceID: b901ac8dcc4eb08f87906efa102e6209 SpanID: c6b43653b98c743a [getRestTicketNumber][Seat request][request: Seat(travelDate=2023-01-29, trainNumber=Z1234, startStation=shanghai, destStation=nanjing, seatType=2, totalNum=2147483647, stations=[shanghai, nanjing, shijiazhuang, taiyuan])]\n"",""stream"":""stdout"",""time"":""2025-06-06T09:22:18.791340566Z""}"
2025-06-06T09:22:18.745305654Z,1674984138745305654,33.33.33.167,ts-travel2-service-5c66d57d58-6mp2b,server,b901ac8dcc4eb08f87906efa102e6209,c6b43653b98c743a,"{""log"":""17:22:18.744 INFO  t.c.Travel2Controller#129 TraceID: b901ac8dcc4eb08f87906efa102e6209 SpanID: c6b43653b98c743a [getTripAllDetailInfo][Get trip detail][TripId: Z1234]\n"",""stream"":""stdout"",""time"":""2025-06-06T09:22:18.745305654Z""}"
2025-06-06T09:22:18.913567768Z,1674984138913567768,33.33.33.79,ts-train-service-86f5f97bc9-dkqmf,server,b901ac8dcc4eb08f87906efa102e6209,3f67e8da89411dcc,"{""log"":""17:22:18.912 INFO  t.c.TrainController#60 TraceID: b901ac8dcc4eb08f87906efa102e6209 SpanID: 3f67e8da89411dcc [retrieveByName][Retrieve train][TrainTypeName: ZhiDa]\n"",""stream"":""stdout"",""time"":""2025-06-06T09:22:18.913567768Z""}"
2025-06-06T09:22:18.762703726Z,1674984138762703726,33.33.33.79,ts-train-service-86f5f97bc9-dkqmf,server,b901ac8dcc4eb08f87906efa102e6209,221bd6f180e128ee,"{""log"":""17:22:18.761 INFO  t.c.TrainController#60 TraceID: b901ac8dcc4eb08f87906efa102e6209 SpanID: 221bd6f180e128ee [retrieveByName][Retrieve train][TrainTypeName: ZhiDa]\n"",""stream"":""stdout"",""time"":""2025-06-06T09:22:18.762703726Z""}"
2025-06-06T09:22:18.907795835Z,1674984138907795835,33.33.33.76,ts-station-service-7f4f5f6f77-5qb6j,server,b901ac8dcc4eb08f87906efa102e6209,04ad3a4de9a83603,"{""log"":""17:22:18.907 INFO  f.m.c.StationController#63 TraceID: b901ac8dcc4eb08f87906efa102e6209 SpanID: 04ad3a4de9a83603 [queryForId][Query for station id][StationName: nanjing]\n"",""stream"":""stdout"",""time"":""2025-06-06T09:22:18.907795835Z""}"
2025-06-06T09:22:18.90224682Z,1674984138902246820,33.33.33.76,ts-station-service-7f4f5f6f77-5qb6j,server,b901ac8dcc4eb08f87906efa102e6209,e4a91d07eac92ee4,"{""log"":""17:22:18.899 INFO  f.m.c.StationController#63 TraceID: b901ac8dcc4eb08f87906efa102e6209 SpanID: e4a91d07eac92ee4 [queryForId][Query for station id][StationName: shanghai]\n"",""stream"":""stdout"",""time"":""2025-06-06T09:22:18.90224682Z""}"
2025-06-06T09:22:18.757225459Z,1674984138757225459,33.33.33.76,ts-station-service-7f4f5f6f77-5qb6j,server,b901ac8dcc4eb08f87906efa102e6209,89a7ef7d4c172bc1,"{""log"":""17:22:18.756 INFO  f.m.c.StationController#63 TraceID: b901ac8dcc4eb08f87906efa102e6209 SpanID: 89a7ef7d4c172bc1 [queryForId][Query for station id][StationName: nanjing]\n"",""stream"":""stdout"",""time"":""2025-06-06T09:22:18.757225459Z""}"
2025-06-06T09:22:18.752657327Z,1674984138752657327,33.33.33.76,ts-station-service-7f4f5f6f77-5qb6j,server,b901ac8dcc4eb08f87906efa102e6209,e9d6e4322bcfd522,"{""log"":""17:22:18.752 INFO  f.m.c.StationController#63 TraceID: b901ac8dcc4eb08f87906efa102e6209 SpanID: e9d6e4322bcfd522 [queryForId][Query for station id][StationName: shanghai]\n"",""stream"":""stdout"",""time"":""2025-06-06T09:22:18.752657327Z""}"
2025-06-06T09:22:18.723011199Z,1674984138723011199,33.33.33.115,ts-security-service-cb9788d56-mrzv2,ts-security-service,b901ac8dcc4eb08f87906efa102e6209,55699f23764a3e80,"{""log"":""17:22:18.722 INFO  s.s.SecurityServiceImpl#119 TraceID: b901ac8dcc4eb08f87906efa102e6209 SpanID: 55699f23764a3e80 [check][Max][Max In One Hour: 2147483647  Max Not Use: 2147483647]\n"",""stream"":""stdout"",""time"":""2025-06-06T09:22:18.723011199Z""}"
2025-06-06T09:22:18.7202122Z,1674984138720212200,33.33.33.115,ts-security-service-cb9788d56-mrzv2,ts-security-service,b901ac8dcc4eb08f87906efa102e6209,55699f23764a3e80,"{""log"":""17:22:18.719 INFO  s.s.SecurityServiceImpl#156 TraceID: b901ac8dcc4eb08f87906efa102e6209 SpanID: 55699f23764a3e80 [getSecurityOrderOtherInfoFromOrder][Get Order Other Info For Security][Last One Hour: 170  Total Valid Order: 113]\n"",""stream"":""stdout"",""time"":""2025-06-06T09:22:18.7202122Z""}"
2025-06-06T09:22:18.711030513Z,1674984138711030513,33.33.33.115,ts-security-service-cb9788d56-mrzv2,ts-security-service,b901ac8dcc4eb08f87906efa102e6209,55699f23764a3e80,"{""log"":""17:22:18.710 INFO  s.s.SecurityServiceImpl#141 TraceID: b901ac8dcc4eb08f87906efa102e6209 SpanID: 55699f23764a3e80 [getSecurityOrderInfoFromOrder][Get Order Info For Security][Last One Hour: 322  Total Valid Order: 160]\n"",""stream"":""stdout"",""time"":""2025-06-06T09:22:18.711030513Z""}"
2025-06-06T09:22:18.698805709Z,1674984138698805709,33.33.33.115,ts-security-service-cb9788d56-mrzv2,ts-security-service,b901ac8dcc4eb08f87906efa102e6209,55699f23764a3e80,"{""log"":""17:22:18.698 INFO  s.c.SecurityController#62 TraceID: b901ac8dcc4eb08f87906efa102e6209 SpanID: 55699f23764a3e80 [check][Check Security][Check Account Id: 4d2a46c7-71cb-4cf1-b5bb-b68406d9da6f]\n"",""stream"":""stdout"",""time"":""2025-06-06T09:22:18.698805709Z""}"
2025-06-06T09:22:18.960493018Z,1674984138960493018,33.33.33.82,ts-seat-service-5c95b49cff-tdsdz,server,b901ac8dcc4eb08f87906efa102e6209,cbc1956e6d9843f1,"{""log"":""17:22:18.959 INFO  s.s.SeatServiceImpl#114 TraceID: b901ac8dcc4eb08f87906efa102e6209 SpanID: cbc1956e6d9843f1 [distributeSeat][Assign new tickets][Use a new seat number][seat number:2090617881]\n"",""stream"":""stdout"",""time"":""2025-06-06T09:22:18.960493018Z""}"
2025-06-06T09:22:18.960167599Z,1674984138960167599,33.33.33.82,ts-seat-service-5c95b49cff-tdsdz,server,b901ac8dcc4eb08f87906efa102e6209,cbc1956e6d9843f1,"{""log"":""17:22:18.959 INFO  s.s.SeatServiceImpl#79 TraceID: b901ac8dcc4eb08f87906efa102e6209 SpanID: cbc1956e6d9843f1 [distributeSeat][Left ticket info][info is : Response(status=1, msg=Success, data=LeftTicketInfo{soldTickets=[Ticket(seatNo=388817927, startStation=shanghai, destStation=nanjing), Ticket(seatNo=512319188, startStation=shanghai, destStation=nanjing), Ticket(seatNo=650950163, startStation=shanghai, destStation=nanjing), Ticket(seatNo=681456978, startStation=shanghai, destStation=nanjing), Ticket(seatNo=1278422345, startStation=shanghai, destStation=nanjing), Ticket(seatNo=113640569, startStation=shanghai, destStation=nanjing), Ticket(seatNo=1706091788, startStation=shanghai, destStation=nanjing), Ticket(seatNo=719931591, startStation=shanghai, destStation=nanjing), Ticket(seatNo=324348558, startStation=shanghai, destStation=nanjing), Ticket(seatNo=437134557, startStation=shanghai, destStation=nanjing), Ticket(seatNo=1180305654, startStation=shanghai, destStation=nanjing), Ticket(seatNo=218664224, startStation=shanghai, destStation=nanjing), Ticket(seatNo=1531256885, startStation=shanghai, destStation=nanjing), Ticket(seatNo=282865016, startStation=shanghai, destStation=nanjing), Ticket(seatNo=290573193, startStation=shanghai, destStation=nanjing), Ticket(seatNo=2091646075, startStation=shanghai, destStation=nanjing), Ticket(seatNo=1529246592, startStation=shanghai, destStation=nanjing), Ticket(seatNo=518358183, startStation=shanghai, destStation=nanjing), Ticket(seatNo=1578574107, startStation=shanghai, destStation=nanjing), Ticket(seatNo=864103707, startStation=shanghai, destStation=nanjing), Ticket(seatNo=1101722819, startStation=shanghai, destStation=nanjing), Ticket(seatNo=1110043211, startStation=shanghai, destStation=nanjing), Ticket(seatNo=2115304579, startStation=shanghai, destStation=nanjing), Ticket(seatNo=517895253, startStation=shanghai, destStation=nanjing), Ticket(seatNo=112374996, startStation=shanghai, destStation=nanjing), Ticket(seatNo=1222554072, startStation=shanghai, destStation=nanjing), Ticket(seatNo=1445221655, startStation=shanghai, destStation=nanjing), Ticket(seatNo=55335899, startStation=shanghai, destStation=nanjing), Ticket(seatNo=1402723531, startStation=shanghai, destStation=nanjing), Ticket(seatNo=520072209, startStation=shanghai, destStation=nanjing), Ticket(seatNo=1063924165, startStation=shanghai, destStation=nanjing), Ticket(seatNo=828062078, startStation=shanghai, destStation=nanjing), Ticket(seatNo=364950093, startStation=shanghai, destStation=nanjing), Ticket(seatNo=1605189805, startStation=shanghai, destStation=nanjing), Ticket(seatNo=182083286, startStation=shanghai, destStation=nanjing), Ticket(seatNo=1956808479, startStation=shanghai, destStation=nanjing), Ticket(seatNo=1479771875, startStation=shanghai, destStation=nanjing), Ticket(seatNo=1340473816, startStation=shanghai, destStation=nanjing), Ticket(seatNo=2058528320, startStation=shanghai, destStation=nanjing), Ticket(seatNo=1862239339, startStation=shanghai, destStation=nanjing), Ticket(seatNo=756196424, startStation=shanghai, destStation=nanjing), Ticket(seatNo=1554210637, startStation=shanghai, destStation=nanjing), Ticket(seatNo=2131607583, startStation=shanghai, destStation=nanjing), Ticket(seatNo=1114945650, startStation=shanghai, destStation=nanjing), Ticket(seatNo=978840618, startStation=shanghai, destStation=nanjing), Ticket(seatNo=1696192204, startStation=shanghai, destStation=nanjing), Ticket(seatNo=159217444, startStation=shanghai, destStation=nanjing), Ticket(seatNo=1472397446, startStation=shanghai, destStation=nanjing), Ticket(seatNo=863762562, startStation=shanghai, destStation=nanjing), Ticket(seatNo=762240728, startStation=shanghai, destStation=nanjing), Ticket(seatNo=733090960, startStation=shanghai, destStation=nanjing), Ticket(seatNo=1385200790, startStation=shanghai, destStation=nanjing), Ticket(seatNo=1483334408, startStation=shanghai, destStation=nanjing), Ticket(seatNo=1230952670, startStation=shanghai, destStation=nanjing), Ticket(seatNo=1760486203, startStation=shanghai, destStation=nanjing), Ticket(seatNo=1631472666, startStation=shanghai, destStation=nanjing), Ticket(seatNo=882144838, startStation=shanghai, destStation=nanjing), Ticket(seatNo=210246843, startStation=shanghai, destStation=nanjing), Ticket(seatNo=427259238, startStation=shanghai, destStation=nanjing), Ticket(seatNo=1232572404, startStation=shanghai, destStation=nanjing), Ticket(seatNo=1304478712, startStation=shanghai, destStation=nanjing), Ticket(seatNo=2016232602, startStation=shanghai, destStation=nanjing), Ticket(seatNo=76670888, startStation=shanghai, destStation=nanjing), Ticket(seatNo=1754550335, startStation=shanghai, destStation=nanjing), Ticket(seatNo=1491838595, startStation=shanghai, destStation=nanjing), Ticket(seatNo=1330605393, startStation=shanghai, destStation=nanjing), Ticket(seatNo=226825480, startStation=shanghai, destStation=nanjing), Ticket(seatNo=1787175945, startStation=shanghai, destStation=nanjing), Ticket(seatNo=590443336, startStation=shanghai, destStation=nanjing), Ticket(seatNo=427944411, startStation=shanghai, destStation=nanjing), Ticket(seatNo=1638437656, startStation=shanghai, destStation=nanjing), Ticket(seatNo=1361381257, startStation=shanghai, destStation=nanjing), Ticket(seatNo=1482512162, startStation=shanghai, destStation=nanjing), Ticket(seatNo=400526011, startStation=shanghai, destStation=nanjing), Ticket(seatNo=1749342441, startStation=shanghai, destStation=nanjing), Ticket(seatNo=2117918027, startStation=shanghai, destStation=nanjing), Ticket(seatNo=654927142, startStation=shanghai, destStation=nanjing), Ticket(seatNo=1977897455, startStation=shanghai, destStation=nanjing), Ticket(seatNo=641977830, startStation=shanghai, destStation=nanjing), Ticket(seatNo=1021188806, startStation=shanghai, destStation=nanjing), Ticket(seatNo=1445935016, startStation=shanghai, destStation=nanjing), Ticket(seatNo=830548221, startStation=shanghai, destStation=nanjing), Ticket(seatNo=1655441840, startStation=shanghai, destStation=nanjing), Ticket(seatNo=678340688, startStation=shanghai, destStation=nanjing), Ticket(seatNo=1682320147, startStation=shanghai, destStation=nanjing), Ticket(seatNo=1195341149, startStation=shanghai, destStation=nanjing), Ticket(seatNo=973914808, startStation=shanghai, destStation=nanjing), Ticket(seatNo=1217764195, startStation=shanghai, destStation=nanjing), Ticket(seatNo=837692558, startStation=shanghai, destStation=nanjing), Ticket(seatNo=1203709814, startStation=shanghai, destStation=nanjing), Ticket(seatNo=984361044, startStation=shanghai, destStation=nanjing), Ticket(seatNo=675974723, startStation=shanghai, destStation=nanjing), Ticket(seatNo=1490992938, startStation=shanghai, destStation=nanjing), Ticket(seatNo=1201160931, startStation=shanghai, destStation=nanjing), Ticket(seatNo=1435884154, startStation=shanghai, destStation=nanjing), Ticket(seatNo=1297551695, startStation=shanghai, destStation=nanjing), Ticket(seatNo=1664074534, startStation=shanghai, destStation=nanjing), Ticket(seatNo=1921728155, startStation=shanghai, destStation=nanjing), Ticket(seatNo=1137714160, startStation=shanghai, destStation=nanjing), Ticket(seatNo=1988971469, startStation=shanghai, destStation=nanjing), Ticket(seatNo=1018160513, startStation=shanghai, destStation=nanjing), Ticket(seatNo=1550917166, startStation=shanghai, destStation=nanjing), Ticket(seatNo=1894695695, startStation=shanghai, destStation=nanjing), Ticket(seatNo=784843623, startStation=shanghai, destStation=nanjing), Ticket(seatNo=1932732784, startStation=shanghai, destStation=nanjing), Ticket(seatNo=1565956437, startStation=shanghai, destStation=nanjing), Ticket(seatNo=249855326, startStation=shanghai, destStation=nanjing), Ticket(seatNo=77833908, startStation=shanghai, destStation=nanjing), Ticket(seatNo=64395763, startStation=shanghai, destStation=nanjing), Ticket(seatNo=781572303, startStation=shanghai, destStation=nanjing), Ticket(seatNo=1060217224, startStation=shanghai, destStation=nanjing), Ticket(seatNo=210817532, startStation=shanghai, destStation=nanjing), Ticket(seatNo=1587135411, startStation=shanghai, destStation=nanjing), Ticket(seatNo=862437816, startStation=shanghai, destStation=nanjing), Ticket(seatNo=348991760, startStation=shanghai, destStation=nanjing), Ticket(seatNo=1479280287, startStation=shanghai, destStation=nanjing), Ticket(seatNo=349038530, startStation=shanghai, destStation=nanjing), Ticket(seatNo=90480773, startStation=shanghai, destStation=nanjing), Ticket(seatNo=1465059263, startStation=shanghai, destStation=nanjing), Ticket(seatNo=1498460243, startStation=shanghai, destStation=nanjing), Ticket(seatNo=671507041, startStation=shanghai, destStation=nanjing), Ticket(seatNo=965174800, startStation=shanghai, destStation=nanjing), Ticket(seatNo=1841324996, startStation=shanghai, destStation=nanjing), Ticket(seatNo=1248601454, startStation=shanghai, destStation=nanjing), Ticket(seatNo=1901083814, startStation=shanghai, destStation=nanjing), Ticket(seatNo=2077341681, startStation=shanghai, destStation=nanjing), Ticket(seatNo=1207577891, startStation=shanghai, destStation=nanjing), Ticket(seatNo=1454446323, startStation=shanghai, destStation=nanjing), Ticket(seatNo=234766556, startStation=shanghai, destStation=nanjing), Ticket(seatNo=1726109987, startStation=shanghai, destStation=nanjing), Ticket(seatNo=317002893, startStation=shanghai, destStation=nanjing), Ticket(seatNo=1499460332, startStation=shanghai, destStation=nanjing), Ticket(seatNo=267587626, startStation=shanghai, destStation=nanjing), Ticket(seatNo=747527520, startStation=shanghai, destStation=nanjing), Ticket(seatNo=207584255, startStation=shanghai, destStation=nanjing), Ticket(seatNo=636497848, startStation=shanghai, destStation=nanjing), Ticket(seatNo=134621623, startStation=shanghai, destStation=nanjing), Ticket(seatNo=1143973252, startStation=shanghai, destStation=nanjing), Ticket(seatNo=1285506393, startStation=shanghai, destStation=nanjing), Ticket(seatNo=1318597280, startStation=shanghai, destStation=nanjing), Ticket(seatNo=2109276771, startStation=shanghai, destStation=nanjing), Ticket(seatNo=746347294, startStation=shanghai, destStation=nanjing), Ticket(seatNo=1636266694, startStation=shanghai, destStation=nanjing), Ticket(seatNo=538009141, startStation=shanghai, destStation=nanjing), Ticket(seatNo=1944586976, startStation=shanghai, destStation=nanjing), Ticket(seatNo=1320680614, startStation=shanghai, destStation=nanjing), Ticket(seatNo=142490066, startStation=shanghai, destStation=nanjing), Ticket(seatNo=252466715, startStation=shanghai, destStation=nanjing), Ticket(seatNo=1806446874, startStation=shanghai, destStation=nanjing), Ticket(seatNo=1743761737, startStation=shanghai, destStation=nanjing), Ticket(seatNo=610439616, startStation=shanghai, destStation=nanjing), Ticket(seatNo=76166607, startStation=shanghai, destStation=nanjing), Ticket(seatNo=1265135696, startStation=shanghai, destStation=nanjing), Ticket(seatNo=1177274309, startStation=shanghai, destStation=nanjing), Ticket(seatNo=746628462, startStation=shanghai, destStation=nanjing), Ticket(seatNo=573722729, startStation=shanghai, destStation=nanjing), Ticket(seatNo=940056408, startStation=shanghai, destStation=nanjing), Ticket(seatNo=202317050, startStation=shanghai, destStation=nanjing), Ticket(seatNo=221602851, startStation=shanghai, destStation=nanjing), Ticket(seatNo=1431476535, startStation=shanghai, destStation=nanjing), Ticket(seatNo=606888208, startStation=shanghai, destStation=nanjing), Ticket(seatNo=813377677, startStation=shanghai, destStation=nanjing), Ticket(seatNo=1592122745, startStation=shanghai, destStation=nanjing), Ticket(seatNo=2128153780, startStation=shanghai, destStation=nanjing), Ticket(seatNo=568784077, startStation=shanghai, destStation=nanjing), Ticket(seatNo=990332202, startStation=shanghai, destStation=nanjing), Ticket(seatNo=1969469614, startStation=shanghai, destStation=nanjing), Ticket(seatNo=1456285444, startStation=shanghai, destStation=nanjing), Ticket(seatNo=1785859166, startStation=shanghai, destStation=nanjing)]})]\n"",""stream"":""stdout"",""time"":""2025-06-06T09:22:18.960167599Z""}"
2025-06-06T09:22:18.949008244Z,1674984138949008244,33.33.33.82,ts-seat-service-5c95b49cff-tdsdz,server,b901ac8dcc4eb08f87906efa102e6209,cbc1956e6d9843f1,"{""log"":""17:22:18.948 INFO  s.s.SeatServiceImpl#69 TraceID: b901ac8dcc4eb08f87906efa102e6209 SpanID: cbc1956e6d9843f1 [distributeSeat][TrainNumber start][Other Capital Except D and G]\n"",""stream"":""stdout"",""time"":""2025-06-06T09:22:18.949008244Z""}"
2025-06-06T09:22:18.94867869Z,1674984138948678690,33.33.33.82,ts-seat-service-5c95b49cff-tdsdz,server,b901ac8dcc4eb08f87906efa102e6209,cbc1956e6d9843f1,"{""log"":""17:22:18.947 INFO  s.c.SeatController#41 TraceID: b901ac8dcc4eb08f87906efa102e6209 SpanID: cbc1956e6d9843f1 [distributeSeat][Create seat][TravelDate: 2023-01-29,TrainNumber: Z1234,SeatType: 2]\n"",""stream"":""stdout"",""time"":""2025-06-06T09:22:18.94867869Z""}"
2025-06-06T09:22:18.884540535Z,1674984138884540535,33.33.33.82,ts-seat-service-5c95b49cff-tdsdz,server,b901ac8dcc4eb08f87906efa102e6209,c9db11651ea12bbc,"{""log"":""17:22:18.883 INFO  s.s.SeatServiceImpl#217 TraceID: b901ac8dcc4eb08f87906efa102e6209 SpanID: c9db11651ea12bbc [getDirectProportion][Configs is : Config(name=DirectTicketAllocationProportion, value=0.5, description=Allocation Proportion Of The Direct Ticket - From Start To End)]\n"",""stream"":""stdout"",""time"":""2025-06-06T09:22:18.884540535Z""}"
2025-06-06T09:22:18.87985045Z,1674984138879850450,33.33.33.82,ts-seat-service-5c95b49cff-tdsdz,server,b901ac8dcc4eb08f87906efa102e6209,c9db11651ea12bbc,"{""log"":""17:22:18.878 INFO  s.s.SeatServiceImpl#166 TraceID: b901ac8dcc4eb08f87906efa102e6209 SpanID: c9db11651ea12bbc [getLeftTicketOfInterval][Get Order tickets result][result is \u003c200,Response(status=1, msg=Success, data=LeftTicketInfo{soldTickets=[Ticket(seatNo=388817927, startStation=shanghai, destStation=nanjing), Ticket(seatNo=512319188, startStation=shanghai, destStation=nanjing), Ticket(seatNo=650950163, startStation=shanghai, destStation=nanjing), Ticket(seatNo=681456978, startStation=shanghai, destStation=nanjing), Ticket(seatNo=1278422345, startStation=shanghai, destStation=nanjing), Ticket(seatNo=113640569, startStation=shanghai, destStation=nanjing), Ticket(seatNo=1706091788, startStation=shanghai, destStation=nanjing), Ticket(seatNo=719931591, startStation=shanghai, destStation=nanjing), Ticket(seatNo=324348558, startStation=shanghai, destStation=nanjing), Ticket(seatNo=437134557, startStation=shanghai, destStation=nanjing), Ticket(seatNo=1180305654, startStation=shanghai, destStation=nanjing), Ticket(seatNo=218664224, startStation=shanghai, destStation=nanjing), Ticket(seatNo=1531256885, startStation=shanghai, destStation=nanjing), Ticket(seatNo=282865016, startStation=shanghai, destStation=nanjing), Ticket(seatNo=290573193, startStation=shanghai, destStation=nanjing), Ticket(seatNo=2091646075, startStation=shanghai, destStation=nanjing), Ticket(seatNo=1529246592, startStation=shanghai, destStation=nanjing), Ticket(seatNo=518358183, startStation=shanghai, destStation=nanjing), Ticket(seatNo=1578574107, startStation=shanghai, destStation=nanjing), Ticket(seatNo=864103707, startStation=shanghai, destStation=nanjing), Ticket(seatNo=1101722819, startStation=shanghai, destStation=nanjing), Ticket(seatNo=1110043211, startStation=shanghai, destStation=nanjing), Ticket(seatNo=2115304579, startStation=shanghai, destStation=nanjing), Ticket(seatNo=517895253, startStation=shanghai, destStation=nanjing), Ticket(seatNo=112374996, startStation=shanghai, destStation=nanjing), Ticket(seatNo=1222554072, startStation=shanghai, destStation=nanjing), Ticket(seatNo=1445221655, startStation=shanghai, destStation=nanjing), Ticket(seatNo=55335899, startStation=shanghai, destStation=nanjing), Ticket(seatNo=1402723531, startStation=shanghai, destStation=nanjing), Ticket(seatNo=520072209, startStation=shanghai, destStation=nanjing), Ticket(seatNo=1063924165, startStation=shanghai, destStation=nanjing), Ticket(seatNo=828062078, startStation=shanghai, destStation=nanjing), Ticket(seatNo=364950093, startStation=shanghai, destStation=nanjing), Ticket(seatNo=1605189805, startStation=shanghai, destStation=nanjing), Ticket(seatNo=182083286, startStation=shanghai, destStation=nanjing), Ticket(seatNo=1956808479, startStation=shanghai, destStation=nanjing), Ticket(seatNo=1479771875, startStation=shanghai, destStation=nanjing), Ticket(seatNo=1340473816, startStation=shanghai, destStation=nanjing), Ticket(seatNo=2058528320, startStation=shanghai, destStation=nanjing), Ticket(seatNo=1862239339, startStation=shanghai, destStation=nanjing), Ticket(seatNo=756196424, startStation=shanghai, destStation=nanjing), Ticket(seatNo=1554210637, startStation=shanghai, destStation=nanjing), Ticket(seatNo=2131607583, startStation=shanghai, destStation=nanjing), Ticket(seatNo=1114945650, startStation=shanghai, destStation=nanjing), Ticket(seatNo=978840618, startStation=shanghai, destStation=nanjing), Ticket(seatNo=1696192204, startStation=shanghai, destStation=nanjing), Ticket(seatNo=159217444, startStation=shanghai, destStation=nanjing), Ticket(seatNo=1472397446, startStation=shanghai, destStation=nanjing), Ticket(seatNo=863762562, startStation=shanghai, destStation=nanjing), Ticket(seatNo=762240728, startStation=shanghai, destStation=nanjing), Ticket(seatNo=733090960, startStation=shanghai, destStation=nanjing), Ticket(seatNo=1385200790, startStation=shanghai, destStation=nanjing), Ticket(seatNo=1483334408, startStation=shanghai, destStation=nanjing), Ticket(seatNo=1230952670, startStation=shanghai, destStation=nanjing), Ticket(seatNo=1760486203, startStation=shanghai, destStation=nanjing), Ticket(seatNo=1631472666, startStation=shanghai, destStation=nanjing), Ticket(seatNo=882144838, startStation=shanghai, destStation=nanjing), Ticket(seatNo=210246843, startStation=shanghai, destStation=nanjing), Ticket(seatNo=427259238, startStation=shanghai, destStation=nanjing), Ticket(seatNo=1232572404, startStation=shanghai, destStation=nanjing), Ticket(seatNo=1304478712, startStation=shanghai, destStation=nanjing), Ticket(seatNo=2016232602, startStation=shanghai, destStation=nanjing), Ticket(seatNo=76670888, startStation=shanghai, destStation=nanjing), Ticket(seatNo=1754550335, startStation=shanghai, destStation=nanjing), Ticket(seatNo=1491838595, startStation=shanghai, destStation=nanjing), Ticket(seatNo=1330605393, startStation=shanghai, destStation=nanjing), Ticket(seatNo=226825480, startStation=shanghai, destStation=nanjing), Ticket(seatNo=1787175945, startStation=shanghai, destStation=nanjing), Ticket(seatNo=590443336, startStation=shanghai, destStation=nanjing), Ticket(seatNo=427944411, startStation=shanghai, destStation=nanjing), Ticket(seatNo=1638437656, startStation=shanghai, destStation=nanjing), Ticket(seatNo=1361381257, startStation=shanghai, destStation=nanjing), Ticket(seatNo=1482512162, startStation=shanghai, destStation=nanjing), Ticket(seatNo=400526011, startStation=shanghai, destStation=nanjing), Ticket(seatNo=1749342441, startStation=shanghai, destStation=nanjing), Ticket(seatNo=2117918027, startStation=shanghai, destStation=nanjing), Ticket(seatNo=654927142, startStation=shanghai, destStation=nanjing), Ticket(seatNo=1977897455, startStation=shanghai, destStation=nanjing), Ticket(seatNo=641977830, startStation=shanghai, destStation=nanjing), Ticket(seatNo=1021188806, startStation=shanghai, destStation=nanjing), Ticket(seatNo=1445935016, startStation=shanghai, destStation=nanjing), Ticket(seatNo=830548221, startStation=shanghai, destStation=nanjing), Ticket(seatNo=1655441840, startStation=shanghai, destStation=nanjing), Ticket(seatNo=678340688, startStation=shanghai, destStation=nanjing), Ticket(seatNo=1682320147, startStation=shanghai, destStation=nanjing), Ticket(seatNo=1195341149, startStation=shanghai, destStation=nanjing), Ticket(seatNo=973914808, startStation=shanghai, destStation=nanjing), Ticket(seatNo=1217764195, startStation=shanghai, destStation=nanjing), Ticket(seatNo=837692558, startStation=shanghai, destStation=nanjing), Ticket(seatNo=1203709814, startStation=shanghai, destStation=nanjing), Ticket(seatNo=984361044, startStation=shanghai, destStation=nanjing), Ticket(seatNo=675974723, startStation=shanghai, destStation=nanjing), Ticket(seatNo=1490992938, startStation=shanghai, destStation=nanjing), Ticket(seatNo=1201160931, startStation=shanghai, destStation=nanjing), Ticket(seatNo=1435884154, startStation=shanghai, destStation=nanjing), Ticket(seatNo=1297551695, startStation=shanghai, destStation=nanjing), Ticket(seatNo=1664074534, startStation=shanghai, destStation=nanjing), Ticket(seatNo=1921728155, startStation=shanghai, destStation=nanjing), Ticket(seatNo=1137714160, startStation=shanghai, destStation=nanjing), Ticket(seatNo=1988971469, startStation=shanghai, destStation=nanjing), Ticket(seatNo=1018160513, startStation=shanghai, destStation=nanjing), Ticket(seatNo=1550917166, startStation=shanghai, destStation=nanjing), Ticket(seatNo=1894695695, startStation=shanghai, destStation=nanjing), Ticket(seatNo=784843623, startStation=shanghai, destStation=nanjing), Ticket(seatNo=1932732784, startStation=shanghai, destStation=nanjing), Ticket(seatNo=1565956437, startStation=shanghai, destStation=nanjing), Ticket(seatNo=249855326, startStation=shanghai, destStation=nanjing), Ticket(seatNo=77833908, startStation=shanghai, destStation=nanjing), Ticket(seatNo=64395763, startStation=shanghai, destStation=nanjing), Ticket(seatNo=781572303, startStation=shanghai, destStation=nanjing), Ticket(seatNo=1060217224, startStation=shanghai, destStation=nanjing), Ticket(seatNo=210817532, startStation=shanghai, destStation=nanjing), Ticket(seatNo=1587135411, startStation=shanghai, destStation=nanjing), Ticket(seatNo=862437816, startStation=shanghai, destStation=nanjing), Ticket(seatNo=348991760, startStation=shanghai, destStation=nanjing), Ticket(seatNo=1479280287, startStation=shanghai, destStation=nanjing), Ticket(seatNo=349038530, startStation=shanghai, destStation=nanjing), Ticket(seatNo=90480773, startStation=shanghai, destStation=nanjing), Ticket(seatNo=1465059263, startStation=shanghai, destStation=nanjing), Ticket(seatNo=1498460243, startStation=shanghai, destStation=nanjing), Ticket(seatNo=671507041, startStation=shanghai, destStation=nanjing), Ticket(seatNo=965174800, startStation=shanghai, destStation=nanjing), Ticket(seatNo=1841324996, startStation=shanghai, destStation=nanjing), Ticket(seatNo=1248601454, startStation=shanghai, destStation=nanjing), Ticket(seatNo=1901083814, startStation=shanghai, destStation=nanjing), Ticket(seatNo=2077341681, startStation=shanghai, destStation=nanjing), Ticket(seatNo=1207577891, startStation=shanghai, destStation=nanjing), Ticket(seatNo=1454446323, startStation=shanghai, destStation=nanjing), Ticket(seatNo=234766556, startStation=shanghai, destStation=nanjing), Ticket(seatNo=1726109987, startStation=shanghai, destStation=nanjing), Ticket(seatNo=317002893, startStation=shanghai, destStation=nanjing), Ticket(seatNo=1499460332, startStation=shanghai, destStation=nanjing), Ticket(seatNo=267587626, startStation=shanghai, destStation=nanjing), Ticket(seatNo=747527520, startStation=shanghai, destStation=nanjing), Ticket(seatNo=207584255, startStation=shanghai, destStation=nanjing), Ticket(seatNo=636497848, startStation=shanghai, destStation=nanjing), Ticket(seatNo=134621623, startStation=shanghai, destStation=nanjing), Ticket(seatNo=1143973252, startStation=shanghai, destStation=nanjing), Ticket(seatNo=1285506393, startStation=shanghai, destStation=nanjing), Ticket(seatNo=1318597280, startStation=shanghai, destStation=nanjing), Ticket(seatNo=2109276771, startStation=shanghai, destStation=nanjing), Ticket(seatNo=746347294, startStation=shanghai, destStation=nanjing), Ticket(seatNo=1636266694, startStation=shanghai, destStation=nanjing), Ticket(seatNo=538009141, startStation=shanghai, destStation=nanjing), Ticket(seatNo=1944586976, startStation=shanghai, destStation=nanjing), Ticket(seatNo=1320680614, startStation=shanghai, destStation=nanjing), Ticket(seatNo=142490066, startStation=shanghai, destStation=nanjing), Ticket(seatNo=252466715, startStation=shanghai, destStation=nanjing), Ticket(seatNo=1806446874, startStation=shanghai, destStation=nanjing), Ticket(seatNo=1743761737, startStation=shanghai, destStation=nanjing), Ticket(seatNo=610439616, startStation=shanghai, destStation=nanjing), Ticket(seatNo=76166607, startStation=shanghai, destStation=nanjing), Ticket(seatNo=1265135696, startStation=shanghai, destStation=nanjing), Ticket(seatNo=1177274309, startStation=shanghai, destStation=nanjing), Ticket(seatNo=746628462, startStation=shanghai, destStation=nanjing), Ticket(seatNo=573722729, startStation=shanghai, destStation=nanjing), Ticket(seatNo=940056408, startStation=shanghai, destStation=nanjing), Ticket(seatNo=202317050, startStation=shanghai, destStation=nanjing), Ticket(seatNo=221602851, startStation=shanghai, destStation=nanjing), Ticket(seatNo=1431476535, startStation=shanghai, destStation=nanjing), Ticket(seatNo=606888208, startStation=shanghai, destStation=nanjing), Ticket(seatNo=813377677, startStation=shanghai, destStation=nanjing), Ticket(seatNo=1592122745, startStation=shanghai, destStation=nanjing), Ticket(seatNo=2128153780, startStation=shanghai, destStation=nanjing), Ticket(seatNo=568784077, startStation=shanghai, destStation=nanjing), Ticket(seatNo=990332202, startStation=shanghai, destStation=nanjing), Ticket(seatNo=1969469614, startStation=shanghai, destStation=nanjing), Ticket(seatNo=1456285444, startStation=shanghai, destStation=nanjing), Ticket(seatNo=1785859166, startStation=shanghai, destStation=nanjing)]}),[vary:\""Origin,Access-Control-Request-Method,Access-Control-Request-Headers\"", x-content-type-options:\""nosniff\"", x-xss-protection:\""1; mode=block\"", cache-control:\""no-cache, no-store, max-age=0, must-revalidate\"", pragma:\""no-cache\"", expires:\""0\"", x-frame-options:\""DENY\"", content-type:\""application/json\"", date:\""Sun, 29 Jan 2023 09:22:18 GMT\"", x-envoy-upstream-service-time:\""26\"", server:\""envoy\"", transfer-encoding:\""chunked\""]\u003e]\n"",""stream"":""stdout"",""time"":""2025-06-06T09:22:18.87985045Z""}"
2025-06-06T09:22:18.849838896Z,1674984138849838896,33.33.33.82,ts-seat-service-5c95b49cff-tdsdz,server,b901ac8dcc4eb08f87906efa102e6209,c9db11651ea12bbc,"{""log"":""17:22:18.849 INFO  s.s.SeatServiceImpl#154 TraceID: b901ac8dcc4eb08f87906efa102e6209 SpanID: c9db11651ea12bbc [getLeftTicketOfInterval][TrainNumber start with other capital][trainNumber:Z1234]\n"",""stream"":""stdout"",""time"":""2025-06-06T09:22:18.849838896Z""}"
2025-06-06T09:22:18.849443335Z,1674984138849443335,33.33.33.82,ts-seat-service-5c95b49cff-tdsdz,server,b901ac8dcc4eb08f87906efa102e6209,c9db11651ea12bbc,"{""log"":""17:22:18.848 INFO  s.s.SeatServiceImpl#137 TraceID: b901ac8dcc4eb08f87906efa102e6209 SpanID: c9db11651ea12bbc [getLeftTicketOfInterval][Seat request][request:Seat(travelDate=2023-01-29, trainNumber=Z1234, startStation=shanghai, destStation=nanjing, seatType=3, totalNum=2147483647, stations=[shanghai, nanjing, shijiazhuang, taiyuan])]\n"",""stream"":""stdout"",""time"":""2025-06-06T09:22:18.849443335Z""}"
2025-06-06T09:22:18.849100988Z,1674984138849100988,33.33.33.82,ts-seat-service-5c95b49cff-tdsdz,server,b901ac8dcc4eb08f87906efa102e6209,c9db11651ea12bbc,"{""log"":""17:22:18.848 INFO  s.c.SeatController#57 TraceID: b901ac8dcc4eb08f87906efa102e6209 SpanID: c9db11651ea12bbc [getLeftTicketOfInterval][Get left ticket of interval][TravelDate: 2023-01-29,TrainNumber: Z1234,SeatType: 3]\n"",""stream"":""stdout"",""time"":""2025-06-06T09:22:18.849100988Z""}"
2025-06-06T09:22:18.844184162Z,1674984138844184162,33.33.33.82,ts-seat-service-5c95b49cff-tdsdz,server,b901ac8dcc4eb08f87906efa102e6209,e9826fef55cc759a,"{""log"":""17:22:18.843 INFO  s.s.SeatServiceImpl#217 TraceID: b901ac8dcc4eb08f87906efa102e6209 SpanID: e9826fef55cc759a [getDirectProportion][Configs is : Config(name=DirectTicketAllocationProportion, value=0.5, description=Allocation Proportion Of The Direct Ticket - From Start To End)]\n"",""stream"":""stdout"",""time"":""2025-06-06T09:22:18.844184162Z""}"
2025-06-06T09:22:18.826497652Z,1674984138826497652,33.33.33.82,ts-seat-service-5c95b49cff-tdsdz,server,b901ac8dcc4eb08f87906efa102e6209,e9826fef55cc759a,"{""log"":""17:22:18.825 INFO  s.s.SeatServiceImpl#166 TraceID: b901ac8dcc4eb08f87906efa102e6209 SpanID: e9826fef55cc759a [getLeftTicketOfInterval][Get Order tickets result][result is \u003c200,Response(status=1, msg=Success, data=LeftTicketInfo{soldTickets=[Ticket(seatNo=388817927, startStation=shanghai, destStation=nanjing), Ticket(seatNo=512319188, startStation=shanghai, destStation=nanjing), Ticket(seatNo=650950163, startStation=shanghai, destStation=nanjing), Ticket(seatNo=681456978, startStation=shanghai, destStation=nanjing), Ticket(seatNo=1278422345, startStation=shanghai, destStation=nanjing), Ticket(seatNo=113640569, startStation=shanghai, destStation=nanjing), Ticket(seatNo=1706091788, startStation=shanghai, destStation=nanjing), Ticket(seatNo=719931591, startStation=shanghai, destStation=nanjing), Ticket(seatNo=324348558, startStation=shanghai, destStation=nanjing), Ticket(seatNo=437134557, startStation=shanghai, destStation=nanjing), Ticket(seatNo=1180305654, startStation=shanghai, destStation=nanjing), Ticket(seatNo=218664224, startStation=shanghai, destStation=nanjing), Ticket(seatNo=1531256885, startStation=shanghai, destStation=nanjing), Ticket(seatNo=282865016, startStation=shanghai, destStation=nanjing), Ticket(seatNo=290573193, startStation=shanghai, destStation=nanjing), Ticket(seatNo=2091646075, startStation=shanghai, destStation=nanjing), Ticket(seatNo=1529246592, startStation=shanghai, destStation=nanjing), Ticket(seatNo=518358183, startStation=shanghai, destStation=nanjing), Ticket(seatNo=1578574107, startStation=shanghai, destStation=nanjing), Ticket(seatNo=864103707, startStation=shanghai, destStation=nanjing), Ticket(seatNo=1101722819, startStation=shanghai, destStation=nanjing), Ticket(seatNo=1110043211, startStation=shanghai, destStation=nanjing), Ticket(seatNo=2115304579, startStation=shanghai, destStation=nanjing), Ticket(seatNo=517895253, startStation=shanghai, destStation=nanjing), Ticket(seatNo=112374996, startStation=shanghai, destStation=nanjing), Ticket(seatNo=1222554072, startStation=shanghai, destStation=nanjing), Ticket(seatNo=1445221655, startStation=shanghai, destStation=nanjing), Ticket(seatNo=55335899, startStation=shanghai, destStation=nanjing), Ticket(seatNo=1402723531, startStation=shanghai, destStation=nanjing), Ticket(seatNo=520072209, startStation=shanghai, destStation=nanjing), Ticket(seatNo=1063924165, startStation=shanghai, destStation=nanjing), Ticket(seatNo=828062078, startStation=shanghai, destStation=nanjing), Ticket(seatNo=364950093, startStation=shanghai, destStation=nanjing), Ticket(seatNo=1605189805, startStation=shanghai, destStation=nanjing), Ticket(seatNo=182083286, startStation=shanghai, destStation=nanjing), Ticket(seatNo=1956808479, startStation=shanghai, destStation=nanjing), Ticket(seatNo=1479771875, startStation=shanghai, destStation=nanjing), Ticket(seatNo=1340473816, startStation=shanghai, destStation=nanjing), Ticket(seatNo=2058528320, startStation=shanghai, destStation=nanjing), Ticket(seatNo=1862239339, startStation=shanghai, destStation=nanjing), Ticket(seatNo=756196424, startStation=shanghai, destStation=nanjing), Ticket(seatNo=1554210637, startStation=shanghai, destStation=nanjing), Ticket(seatNo=2131607583, startStation=shanghai, destStation=nanjing), Ticket(seatNo=1114945650, startStation=shanghai, destStation=nanjing), Ticket(seatNo=978840618, startStation=shanghai, destStation=nanjing), Ticket(seatNo=1696192204, startStation=shanghai, destStation=nanjing), Ticket(seatNo=159217444, startStation=shanghai, destStation=nanjing), Ticket(seatNo=1472397446, startStation=shanghai, destStation=nanjing), Ticket(seatNo=863762562, startStation=shanghai, destStation=nanjing), Ticket(seatNo=762240728, startStation=shanghai, destStation=nanjing), Ticket(seatNo=733090960, startStation=shanghai, destStation=nanjing), Ticket(seatNo=1385200790, startStation=shanghai, destStation=nanjing), Ticket(seatNo=1483334408, startStation=shanghai, destStation=nanjing), Ticket(seatNo=1230952670, startStation=shanghai, destStation=nanjing), Ticket(seatNo=1760486203, startStation=shanghai, destStation=nanjing), Ticket(seatNo=1631472666, startStation=shanghai, destStation=nanjing), Ticket(seatNo=882144838, startStation=shanghai, destStation=nanjing), Ticket(seatNo=210246843, startStation=shanghai, destStation=nanjing), Ticket(seatNo=427259238, startStation=shanghai, destStation=nanjing), Ticket(seatNo=1232572404, startStation=shanghai, destStation=nanjing), Ticket(seatNo=1304478712, startStation=shanghai, destStation=nanjing), Ticket(seatNo=2016232602, startStation=shanghai, destStation=nanjing), Ticket(seatNo=76670888, startStation=shanghai, destStation=nanjing), Ticket(seatNo=1754550335, startStation=shanghai, destStation=nanjing), Ticket(seatNo=1491838595, startStation=shanghai, destStation=nanjing), Ticket(seatNo=1330605393, startStation=shanghai, destStation=nanjing), Ticket(seatNo=226825480, startStation=shanghai, destStation=nanjing), Ticket(seatNo=1787175945, startStation=shanghai, destStation=nanjing), Ticket(seatNo=590443336, startStation=shanghai, destStation=nanjing), Ticket(seatNo=427944411, startStation=shanghai, destStation=nanjing), Ticket(seatNo=1638437656, startStation=shanghai, destStation=nanjing), Ticket(seatNo=1361381257, startStation=shanghai, destStation=nanjing), Ticket(seatNo=1482512162, startStation=shanghai, destStation=nanjing), Ticket(seatNo=400526011, startStation=shanghai, destStation=nanjing), Ticket(seatNo=1749342441, startStation=shanghai, destStation=nanjing), Ticket(seatNo=2117918027, startStation=shanghai, destStation=nanjing), Ticket(seatNo=654927142, startStation=shanghai, destStation=nanjing), Ticket(seatNo=1977897455, startStation=shanghai, destStation=nanjing), Ticket(seatNo=641977830, startStation=shanghai, destStation=nanjing), Ticket(seatNo=1021188806, startStation=shanghai, destStation=nanjing), Ticket(seatNo=1445935016, startStation=shanghai, destStation=nanjing), Ticket(seatNo=830548221, startStation=shanghai, destStation=nanjing), Ticket(seatNo=1655441840, startStation=shanghai, destStation=nanjing), Ticket(seatNo=678340688, startStation=shanghai, destStation=nanjing), Ticket(seatNo=1682320147, startStation=shanghai, destStation=nanjing), Ticket(seatNo=1195341149, startStation=shanghai, destStation=nanjing), Ticket(seatNo=973914808, startStation=shanghai, destStation=nanjing), Ticket(seatNo=1217764195, startStation=shanghai, destStation=nanjing), Ticket(seatNo=837692558, startStation=shanghai, destStation=nanjing), Ticket(seatNo=1203709814, startStation=shanghai, destStation=nanjing), Ticket(seatNo=984361044, startStation=shanghai, destStation=nanjing), Ticket(seatNo=675974723, startStation=shanghai, destStation=nanjing), Ticket(seatNo=1490992938, startStation=shanghai, destStation=nanjing), Ticket(seatNo=1201160931, startStation=shanghai, destStation=nanjing), Ticket(seatNo=1435884154, startStation=shanghai, destStation=nanjing), Ticket(seatNo=1297551695, startStation=shanghai, destStation=nanjing), Ticket(seatNo=1664074534, startStation=shanghai, destStation=nanjing), Ticket(seatNo=1921728155, startStation=shanghai, destStation=nanjing), Ticket(seatNo=1137714160, startStation=shanghai, destStation=nanjing), Ticket(seatNo=1988971469, startStation=shanghai, destStation=nanjing), Ticket(seatNo=1018160513, startStation=shanghai, destStation=nanjing), Ticket(seatNo=1550917166, startStation=shanghai, destStation=nanjing), Ticket(seatNo=1894695695, startStation=shanghai, destStation=nanjing), Ticket(seatNo=784843623, startStation=shanghai, destStation=nanjing), Ticket(seatNo=1932732784, startStation=shanghai, destStation=nanjing), Ticket(seatNo=1565956437, startStation=shanghai, destStation=nanjing), Ticket(seatNo=249855326, startStation=shanghai, destStation=nanjing), Ticket(seatNo=77833908, startStation=shanghai, destStation=nanjing), Ticket(seatNo=64395763, startStation=shanghai, destStation=nanjing), Ticket(seatNo=781572303, startStation=shanghai, destStation=nanjing), Ticket(seatNo=1060217224, startStation=shanghai, destStation=nanjing), Ticket(seatNo=210817532, startStation=shanghai, destStation=nanjing), Ticket(seatNo=1587135411, startStation=shanghai, destStation=nanjing), Ticket(seatNo=862437816, startStation=shanghai, destStation=nanjing), Ticket(seatNo=348991760, startStation=shanghai, destStation=nanjing), Ticket(seatNo=1479280287, startStation=shanghai, destStation=nanjing), Ticket(seatNo=349038530, startStation=shanghai, destStation=nanjing), Ticket(seatNo=90480773, startStation=shanghai, destStation=nanjing), Ticket(seatNo=1465059263, startStation=shanghai, destStation=nanjing), Ticket(seatNo=1498460243, startStation=shanghai, destStation=nanjing), Ticket(seatNo=671507041, startStation=shanghai, destStation=nanjing), Ticket(seatNo=965174800, startStation=shanghai, destStation=nanjing), Ticket(seatNo=1841324996, startStation=shanghai, destStation=nanjing), Ticket(seatNo=1248601454, startStation=shanghai, destStation=nanjing), Ticket(seatNo=1901083814, startStation=shanghai, destStation=nanjing), Ticket(seatNo=2077341681, startStation=shanghai, destStation=nanjing), Ticket(seatNo=1207577891, startStation=shanghai, destStation=nanjing), Ticket(seatNo=1454446323, startStation=shanghai, destStation=nanjing), Ticket(seatNo=234766556, startStation=shanghai, destStation=nanjing), Ticket(seatNo=1726109987, startStation=shanghai, destStation=nanjing), Ticket(seatNo=317002893, startStation=shanghai, destStation=nanjing), Ticket(seatNo=1499460332, startStation=shanghai, destStation=nanjing), Ticket(seatNo=267587626, startStation=shanghai, destStation=nanjing), Ticket(seatNo=747527520, startStation=shanghai, destStation=nanjing), Ticket(seatNo=207584255, startStation=shanghai, destStation=nanjing), Ticket(seatNo=636497848, startStation=shanghai, destStation=nanjing), Ticket(seatNo=134621623, startStation=shanghai, destStation=nanjing), Ticket(seatNo=1143973252, startStation=shanghai, destStation=nanjing), Ticket(seatNo=1285506393, startStation=shanghai, destStation=nanjing), Ticket(seatNo=1318597280, startStation=shanghai, destStation=nanjing), Ticket(seatNo=2109276771, startStation=shanghai, destStation=nanjing), Ticket(seatNo=746347294, startStation=shanghai, destStation=nanjing), Ticket(seatNo=1636266694, startStation=shanghai, destStation=nanjing), Ticket(seatNo=538009141, startStation=shanghai, destStation=nanjing), Ticket(seatNo=1944586976, startStation=shanghai, destStation=nanjing), Ticket(seatNo=1320680614, startStation=shanghai, destStation=nanjing), Ticket(seatNo=142490066, startStation=shanghai, destStation=nanjing), Ticket(seatNo=252466715, startStation=shanghai, destStation=nanjing), Ticket(seatNo=1806446874, startStation=shanghai, destStation=nanjing), Ticket(seatNo=1743761737, startStation=shanghai, destStation=nanjing), Ticket(seatNo=610439616, startStation=shanghai, destStation=nanjing), Ticket(seatNo=76166607, startStation=shanghai, destStation=nanjing), Ticket(seatNo=1265135696, startStation=shanghai, destStation=nanjing), Ticket(seatNo=1177274309, startStation=shanghai, destStation=nanjing), Ticket(seatNo=746628462, startStation=shanghai, destStation=nanjing), Ticket(seatNo=573722729, startStation=shanghai, destStation=nanjing), Ticket(seatNo=940056408, startStation=shanghai, destStation=nanjing), Ticket(seatNo=202317050, startStation=shanghai, destStation=nanjing), Ticket(seatNo=221602851, startStation=shanghai, destStation=nanjing), Ticket(seatNo=1431476535, startStation=shanghai, destStation=nanjing), Ticket(seatNo=606888208, startStation=shanghai, destStation=nanjing), Ticket(seatNo=813377677, startStation=shanghai, destStation=nanjing), Ticket(seatNo=1592122745, startStation=shanghai, destStation=nanjing), Ticket(seatNo=2128153780, startStation=shanghai, destStation=nanjing), Ticket(seatNo=568784077, startStation=shanghai, destStation=nanjing), Ticket(seatNo=990332202, startStation=shanghai, destStation=nanjing), Ticket(seatNo=1969469614, startStation=shanghai, destStation=nanjing), Ticket(seatNo=1456285444, startStation=shanghai, destStation=nanjing), Ticket(seatNo=1785859166, startStation=shanghai, destStation=nanjing)]}),[vary:\""Origin,Access-Control-Request-Method,Access-Control-Request-Headers\"", x-content-type-options:\""nosniff\"", x-xss-protection:\""1; mode=block\"", cache-control:\""no-cache, no-store, max-age=0, must-revalidate\"", pragma:\""no-cache\"", expires:\""0\"", x-frame-options:\""DENY\"", content-type:\""application/json\"", date:\""Sun, 29 Jan 2023 09:22:18 GMT\"", x-envoy-upstream-service-time:\""7\"", server:\""envoy\"", transfer-encoding:\""chunked\""]\u003e]\n"",""stream"":""stdout"",""time"":""2025-06-06T09:22:18.826497652Z""}"
2025-06-06T09:22:18.795598678Z,1674984138795598678,33.33.33.82,ts-seat-service-5c95b49cff-tdsdz,server,b901ac8dcc4eb08f87906efa102e6209,e9826fef55cc759a,"{""log"":""17:22:18.795 INFO  s.s.SeatServiceImpl#154 TraceID: b901ac8dcc4eb08f87906efa102e6209 SpanID: e9826fef55cc759a [getLeftTicketOfInterval][TrainNumber start with other capital][trainNumber:Z1234]\n"",""stream"":""stdout"",""time"":""2025-06-06T09:22:18.795598678Z""}"
2025-06-06T09:22:18.795312124Z,1674984138795312124,33.33.33.82,ts-seat-service-5c95b49cff-tdsdz,server,b901ac8dcc4eb08f87906efa102e6209,e9826fef55cc759a,"{""log"":""17:22:18.794 INFO  s.s.SeatServiceImpl#137 TraceID: b901ac8dcc4eb08f87906efa102e6209 SpanID: e9826fef55cc759a [getLeftTicketOfInterval][Seat request][request:Seat(travelDate=2023-01-29, trainNumber=Z1234, startStation=shanghai, destStation=nanjing, seatType=2, totalNum=2147483647, stations=[shanghai, nanjing, shijiazhuang, taiyuan])]\n"",""stream"":""stdout"",""time"":""2025-06-06T09:22:18.795312124Z""}"
2025-06-06T09:22:18.794959919Z,1674984138794959919,33.33.33.82,ts-seat-service-5c95b49cff-tdsdz,server,b901ac8dcc4eb08f87906efa102e6209,e9826fef55cc759a,"{""log"":""17:22:18.794 INFO  s.c.SeatController#57 TraceID: b901ac8dcc4eb08f87906efa102e6209 SpanID: e9826fef55cc759a [getLeftTicketOfInterval][Get left ticket of interval][TravelDate: 2023-01-29,TrainNumber: Z1234,SeatType: 2]\n"",""stream"":""stdout"",""time"":""2025-06-06T09:22:18.794959919Z""}"
2025-06-06T09:22:18.921872803Z,1674984138921872803,33.33.33.80,ts-route-service-b6c59fb57-zv8dt,server,b901ac8dcc4eb08f87906efa102e6209,627f8d427ed27f87,"{""log"":""17:22:18.920 INFO  r.c.RouteController#47 TraceID: b901ac8dcc4eb08f87906efa102e6209 SpanID: 627f8d427ed27f87 [getRouteById][Query route by id][RouteId: 0b23bd3e-876a-4af3-b920-c50a90c90b04]\n"",""stream"":""stdout"",""time"":""2025-06-06T09:22:18.921872803Z""}"
2025-06-06T09:22:18.770618329Z,1674984138770618329,33.33.33.80,ts-route-service-b6c59fb57-zv8dt,server,b901ac8dcc4eb08f87906efa102e6209,d976c667c5ac71e8,"{""log"":""17:22:18.769 INFO  r.c.RouteController#47 TraceID: b901ac8dcc4eb08f87906efa102e6209 SpanID: d976c667c5ac71e8 [getRouteById][Query route by id][RouteId: 0b23bd3e-876a-4af3-b920-c50a90c90b04]\n"",""stream"":""stdout"",""time"":""2025-06-06T09:22:18.770618329Z""}"
2025-06-06T09:22:18.936816539Z,1674984138936816539,33.33.33.79,ts-price-service-76846864d9-g465z,server,b901ac8dcc4eb08f87906efa102e6209,4fe8bac456aff3ab,"{""log"":""17:22:18.936 INFO  p.s.PriceServiceImpl#71 TraceID: b901ac8dcc4eb08f87906efa102e6209 SpanID: 4fe8bac456aff3ab [findByRouteIdAndTrainType][Route: 0b23bd3e-876a-4af3-b920-c50a90c90b04 , Train Type: ZhiDa]\n"",""stream"":""stdout"",""time"":""2025-06-06T09:22:18.936816539Z""}"
2025-06-06T09:22:18.936477321Z,1674984138936477321,33.33.33.79,ts-price-service-76846864d9-g465z,server,b901ac8dcc4eb08f87906efa102e6209,4fe8bac456aff3ab,"{""log"":""17:22:18.935 INFO  p.c.PriceController#39 TraceID: b901ac8dcc4eb08f87906efa102e6209 SpanID: 4fe8bac456aff3ab [findByRouteIdAndTrainType][Query price][RouteId: 0b23bd3e-876a-4af3-b920-c50a90c90b04, TrainType: ZhiDa]\n"",""stream"":""stdout"",""time"":""2025-06-06T09:22:18.936477321Z""}"
2025-06-06T09:22:18.78507386Z,1674984138785073860,33.33.33.79,ts-price-service-76846864d9-g465z,server,b901ac8dcc4eb08f87906efa102e6209,17bbf808839e9150,"{""log"":""17:22:18.784 INFO  p.s.PriceServiceImpl#71 TraceID: b901ac8dcc4eb08f87906efa102e6209 SpanID: 17bbf808839e9150 [findByRouteIdAndTrainType][Route: 0b23bd3e-876a-4af3-b920-c50a90c90b04 , Train Type: ZhiDa]\n"",""stream"":""stdout"",""time"":""2025-06-06T09:22:18.78507386Z""}"
2025-06-06T09:23:03.801260031Z,1674984183801260031,33.33.33.76,ts-user-service-687d654649-lrcwv,server,0472f5c8fe4b980ed6c1b447ff4d7ec5,4f52127edf3db736,"{""log"":""17:23:03.800 INFO  u.c.UserController#48 TraceID: 0472f5c8fe4b980ed6c1b447ff4d7ec5 SpanID: 4f52127edf3db736 [getUserByUserId][Get user by user id][UserId: 4d2a46c7-71cb-4cf1-b5bb-b68406d9da6f]\n"",""stream"":""stdout"",""time"":""2025-06-06T09:23:03.801260031Z""}"
2025-06-06T09:22:18.784649586Z,1674984138784649586,33.33.33.79,ts-price-service-76846864d9-g465z,server,b901ac8dcc4eb08f87906efa102e6209,17bbf808839e9150,"{""log"":""17:22:18.783 INFO  p.c.PriceController#39 TraceID: b901ac8dcc4eb08f87906efa102e6209 SpanID: 17bbf808839e9150 [findByRouteIdAndTrainType][Query price][RouteId: 0b23bd3e-876a-4af3-b920-c50a90c90b04, TrainType: ZhiDa]\n"",""stream"":""stdout"",""time"":""2025-06-06T09:22:18.784649586Z""}"
2025-06-06T09:23:03.61657114Z,1674984183616571140,33.33.33.116,ts-travel-service-64469b5b48-25zj6,server,0472f5c8fe4b980ed6c1b447ff4d7ec5,ed5f868ec6240e67,"{""log"":""17:23:03.616 INFO  t.s.TravelServiceImpl#457 TraceID: 0472f5c8fe4b980ed6c1b447ff4d7ec5 SpanID: ed5f868ec6240e67 [getTickets][Calculate distance][calculate time：16  time: Sat May 04 07:16:00 CST 2013]\n"",""stream"":""stdout"",""time"":""2025-06-06T09:23:03.61657114Z""}"
2025-06-06T09:22:19.002727313Z,1674984139002727313,33.33.33.116,ts-preserve-other-service-66646bdb5b-fw7x9,server,b901ac8dcc4eb08f87906efa102e6209,c34362614fa3b072,"{""log"":""17:22:19.002 INFO  p.s.PreserveOtherServiceImpl#301 TraceID: b901ac8dcc4eb08f87906efa102e6209 SpanID: c34362614fa3b072 [getAccount][Cancel Order Service][Get Order By Id]\n"",""stream"":""stdout"",""time"":""2025-06-06T09:22:19.002727313Z""}"
2025-06-06T09:23:03.616422287Z,1674984183616422287,33.33.33.116,ts-travel-service-64469b5b48-25zj6,server,0472f5c8fe4b980ed6c1b447ff4d7ec5,ed5f868ec6240e67,"{""log"":""17:23:03.616 INFO  t.s.TravelServiceImpl#451 TraceID: 0472f5c8fe4b980ed6c1b447ff4d7ec5 SpanID: ed5f868ec6240e67 [getTickets][Calculate distance][calculate time：0  time: Sat May 04 07:00:00 CST 2013]\n"",""stream"":""stdout"",""time"":""2025-06-06T09:23:03.616422287Z""}"
2025-06-06T09:22:19.002543225Z,1674984139002543225,33.33.33.116,ts-preserve-other-service-66646bdb5b-fw7x9,server,b901ac8dcc4eb08f87906efa102e6209,c34362614fa3b072,"{""log"":""17:22:19.002 INFO  p.s.PreserveOtherServiceImpl#239 TraceID: b901ac8dcc4eb08f87906efa102e6209 SpanID: c34362614fa3b072 [preserve][Step 7][Add Consign][Do not need to consign]\n"",""stream"":""stdout"",""time"":""2025-06-06T09:22:19.002543225Z""}"
2025-06-06T09:23:03.616270682Z,1674984183616270682,33.33.33.116,ts-travel-service-64469b5b48-25zj6,server,0472f5c8fe4b980ed6c1b447ff4d7ec5,ed5f868ec6240e67,"{""log"":""17:23:03.615 INFO  t.s.TravelServiceImpl#558 TraceID: 0472f5c8fe4b980ed6c1b447ff4d7ec5 SpanID: ed5f868ec6240e67 [getRestTicketNumber][Get Rest tickets num][num is: Response(status=1, msg=Get Left Ticket of Internal Success, data=1073741503)]\n"",""stream"":""stdout"",""time"":""2025-06-06T09:23:03.616270682Z""}"
2025-06-06T09:22:19.002390745Z,1674984139002390745,33.33.33.116,ts-preserve-other-service-66646bdb5b-fw7x9,server,b901ac8dcc4eb08f87906efa102e6209,c34362614fa3b072,"{""log"":""17:22:19.002 INFO  p.s.PreserveOtherServiceImpl#214 TraceID: b901ac8dcc4eb08f87906efa102e6209 SpanID: c34362614fa3b072 [preserve][Step 6][Buy Food][Do not need to buy food]\n"",""stream"":""stdout"",""time"":""2025-06-06T09:22:19.002390745Z""}"
2025-06-06T09:22:19.002259583Z,1674984139002259583,33.33.33.116,ts-preserve-other-service-66646bdb5b-fw7x9,server,b901ac8dcc4eb08f87906efa102e6209,c34362614fa3b072,"{""log"":""17:22:19.001 INFO  p.s.PreserveOtherServiceImpl#188 TraceID: b901ac8dcc4eb08f87906efa102e6209 SpanID: c34362614fa3b072 [preserve][Step 5][Buy Assurance][Preserve Buy Assurance Success]\n"",""stream"":""stdout"",""time"":""2025-06-06T09:22:19.002259583Z""}"
2025-06-06T09:23:03.560513435Z,1674984183560513435,33.33.33.116,ts-travel-service-64469b5b48-25zj6,server,0472f5c8fe4b980ed6c1b447ff4d7ec5,ed5f868ec6240e67,"{""log"":""17:23:03.560 INFO  t.s.TravelServiceImpl#548 TraceID: 0472f5c8fe4b980ed6c1b447ff4d7ec5 SpanID: ed5f868ec6240e67 [getRestTicketNumber][Seat request][request: Seat(travelDate=2023-01-29, trainNumber=D1345, startStation=shanghai, destStation=suzhou, seatType=3, totalNum=2147483647, stations=[shanghai, suzhou])]\n"",""stream"":""stdout"",""time"":""2025-06-06T09:23:03.560513435Z""}"
2025-06-06T09:22:19.00175557Z,1674984139001755570,33.33.33.116,ts-preserve-other-service-66646bdb5b-fw7x9,server,b901ac8dcc4eb08f87906efa102e6209,c34362614fa3b072,"{""log"":""17:22:19.001 WARN  o.s.b.a.a.m.OnlyOnceLoggingDenyMeterFilter#53 TraceID: b901ac8dcc4eb08f87906efa102e6209 SpanID: c34362614fa3b072 Reached the maximum number of URI tags for 'http.client.requests'. Are you using 'uriVariables'?\n"",""stream"":""stdout"",""time"":""2025-06-06T09:22:19.00175557Z""}"
2025-06-06T09:23:03.560370746Z,1674984183560370746,33.33.33.116,ts-travel-service-64469b5b48-25zj6,server,0472f5c8fe4b980ed6c1b447ff4d7ec5,ed5f868ec6240e67,"{""log"":""17:23:03.559 INFO  t.s.TravelServiceImpl#558 TraceID: 0472f5c8fe4b980ed6c1b447ff4d7ec5 SpanID: ed5f868ec6240e67 [getRestTicketNumber][Get Rest tickets num][num is: Response(status=1, msg=Get Left Ticket of Internal Success, data=1073741503)]\n"",""stream"":""stdout"",""time"":""2025-06-06T09:23:03.560370746Z""}"
2025-06-06T09:22:18.97836973Z,1674984138978369730,33.33.33.116,ts-preserve-other-service-66646bdb5b-fw7x9,server,b901ac8dcc4eb08f87906efa102e6209,c34362614fa3b072,"{""log"":""17:22:18.978 INFO  p.s.PreserveOtherServiceImpl#318 TraceID: b901ac8dcc4eb08f87906efa102e6209 SpanID: c34362614fa3b072 [addAssuranceForOrder][Preserve Service][Add Assurance Type For Order]\n"",""stream"":""stdout"",""time"":""2025-06-06T09:22:18.97836973Z""}"
2025-06-06T09:23:03.431641271Z,1674984183431641271,33.33.33.116,ts-travel-service-64469b5b48-25zj6,server,0472f5c8fe4b980ed6c1b447ff4d7ec5,ed5f868ec6240e67,"{""log"":""17:23:03.431 INFO  t.s.TravelServiceImpl#548 TraceID: 0472f5c8fe4b980ed6c1b447ff4d7ec5 SpanID: ed5f868ec6240e67 [getRestTicketNumber][Seat request][request: Seat(travelDate=2023-01-29, trainNumber=D1345, startStation=shanghai, destStation=suzhou, seatType=2, totalNum=2147483647, stations=[shanghai, suzhou])]\n"",""stream"":""stdout"",""time"":""2025-06-06T09:23:03.431641271Z""}"
2025-06-06T09:22:18.97821777Z,1674984138978217770,33.33.33.116,ts-preserve-other-service-66646bdb5b-fw7x9,server,b901ac8dcc4eb08f87906efa102e6209,c34362614fa3b072,"{""log"":""17:22:18.977 INFO  p.s.PreserveOtherServiceImpl#179 TraceID: b901ac8dcc4eb08f87906efa102e6209 SpanID: c34362614fa3b072 [preserve][Step 4][Do Order][Do Order Complete]\n"",""stream"":""stdout"",""time"":""2025-06-06T09:22:18.97821777Z""}"
2025-06-06T09:22:18.962710817Z,1674984138962710817,33.33.33.116,ts-preserve-other-service-66646bdb5b-fw7x9,server,b901ac8dcc4eb08f87906efa102e6209,c34362614fa3b072,"{""log"":""17:22:18.962 INFO  p.s.PreserveOtherServiceImpl#393 TraceID: b901ac8dcc4eb08f87906efa102e6209 SpanID: c34362614fa3b072 [createOrder][Preserve Other Service][Get Contacts By Id]\n"",""stream"":""stdout"",""time"":""2025-06-06T09:22:18.962710817Z""}"
2025-06-06T09:23:03.386843811Z,1674984183386843811,33.33.33.116,ts-travel-service-64469b5b48-25zj6,server,0472f5c8fe4b980ed6c1b447ff4d7ec5,ed5f868ec6240e67,"{""log"":""17:23:03.386 INFO  t.s.TravelServiceImpl#392 TraceID: 0472f5c8fe4b980ed6c1b447ff4d7ec5 SpanID: ed5f868ec6240e67 [getTickets][before get basic][trip: Trip(id=465eec52-1bc7-4d8b-8c38-e8f210bb3a77, tripId=D1345, trainTypeName=DongCheOne, routeId=f3d4d4ef-693b-4456-8eed-59c0d717dd08, startStationName=shanghai, stationsName=suzhou, terminalStationName=taiyuan, startTime=2013-05-04 07:00:00, endTime=2013-05-04 19:59:52)]\n"",""stream"":""stdout"",""time"":""2025-06-06T09:23:03.386843811Z""}"
2025-06-06T09:22:18.962575827Z,1674984138962575827,33.33.33.116,ts-preserve-other-service-66646bdb5b-fw7x9,server,b901ac8dcc4eb08f87906efa102e6209,c34362614fa3b072,"{""log"":""17:22:18.962 INFO  p.s.PreserveOtherServiceImpl#171 TraceID: b901ac8dcc4eb08f87906efa102e6209 SpanID: c34362614fa3b072 [preserve][Step 4][Do Order][Order Price][Price is: 350.0]\n"",""stream"":""stdout"",""time"":""2025-06-06T09:22:18.962575827Z""}"
2025-06-06T09:23:03.386691253Z,1674984183386691253,33.33.33.116,ts-travel-service-64469b5b48-25zj6,server,0472f5c8fe4b980ed6c1b447ff4d7ec5,ed5f868ec6240e67,"{""log"":""17:23:03.386 INFO  t.s.TravelServiceImpl#487 TraceID: 0472f5c8fe4b980ed6c1b447ff4d7ec5 SpanID: ed5f868ec6240e67 [departrue date][y: 2023][m:0][d: 29]\n"",""stream"":""stdout"",""time"":""2025-06-06T09:23:03.386691253Z""}"
2025-06-06T09:22:18.942277012Z,1674984138942277012,33.33.33.116,ts-preserve-other-service-66646bdb5b-fw7x9,server,b901ac8dcc4eb08f87906efa102e6209,c34362614fa3b072,"{""log"":""17:22:18.941 INFO  p.s.PreserveOtherServiceImpl#145 TraceID: b901ac8dcc4eb08f87906efa102e6209 SpanID: c34362614fa3b072 [preserve][Step 4][Do Order][Travel Date][Date is: 2023-01-29]\n"",""stream"":""stdout"",""time"":""2025-06-06T09:22:18.942277012Z""}"
2025-06-06T09:23:03.386568837Z,1674984183386568837,33.33.33.116,ts-travel-service-64469b5b48-25zj6,server,0472f5c8fe4b980ed6c1b447ff4d7ec5,ed5f868ec6240e67,"{""log"":""17:23:03.386 INFO  t.s.TravelServiceImpl#486 TraceID: 0472f5c8fe4b980ed6c1b447ff4d7ec5 SpanID: ed5f868ec6240e67 [today date][y: 2023][m:0][d: 29]\n"",""stream"":""stdout"",""time"":""2025-06-06T09:23:03.386568837Z""}"
2025-06-06T09:22:18.890192115Z,1674984138890192115,33.33.33.116,ts-preserve-other-service-66646bdb5b-fw7x9,server,b901ac8dcc4eb08f87906efa102e6209,c34362614fa3b072,"{""log"":""17:22:18.889 INFO  p.s.PreserveOtherServiceImpl#101 TraceID: b901ac8dcc4eb08f87906efa102e6209 SpanID: c34362614fa3b072 [preserve][Step 3][Check tickets num][Tickets Enough]\n"",""stream"":""stdout"",""time"":""2025-06-06T09:22:18.890192115Z""}"
2025-06-06T09:23:03.385347172Z,1674984183385347172,33.33.33.116,ts-travel-service-64469b5b48-25zj6,server,0472f5c8fe4b980ed6c1b447ff4d7ec5,ed5f868ec6240e67,"{""log"":""17:23:03.384 INFO  t.c.TravelController#159 TraceID: 0472f5c8fe4b980ed6c1b447ff4d7ec5 SpanID: ed5f868ec6240e67 [getTripAllDetailInfo][Get trip detail][TripId: D1345]\n"",""stream"":""stdout"",""time"":""2025-06-06T09:23:03.385347172Z""}"
2025-06-06T09:22:18.740302746Z,1674984138740302746,33.33.33.116,ts-preserve-other-service-66646bdb5b-fw7x9,server,b901ac8dcc4eb08f87906efa102e6209,c34362614fa3b072,"{""log"":""17:22:18.740 INFO  p.s.PreserveOtherServiceImpl#363 TraceID: b901ac8dcc4eb08f87906efa102e6209 SpanID: c34362614fa3b072 [getTripAllDetailInformation][Preserve Other Service][Get Trip All Detail Information]\n"",""stream"":""stdout"",""time"":""2025-06-06T09:22:18.740302746Z""}"
2025-06-06T09:23:03.635691026Z,1674984183635691026,33.33.33.79,ts-train-service-86f5f97bc9-dkqmf,server,0472f5c8fe4b980ed6c1b447ff4d7ec5,f8d1ea1a65577e16,"{""log"":""17:23:03.634 INFO  t.c.TrainController#60 TraceID: 0472f5c8fe4b980ed6c1b447ff4d7ec5 SpanID: f8d1ea1a65577e16 [retrieveByName][Retrieve train][TrainTypeName: DongCheOne]\n"",""stream"":""stdout"",""time"":""2025-06-06T09:23:03.635691026Z""}"
2025-06-06T09:22:18.74013652Z,1674984138740136520,33.33.33.116,ts-preserve-other-service-66646bdb5b-fw7x9,server,b901ac8dcc4eb08f87906efa102e6209,c34362614fa3b072,"{""log"":""17:22:18.739 INFO  p.s.PreserveOtherServiceImpl#78 TraceID: b901ac8dcc4eb08f87906efa102e6209 SpanID: c34362614fa3b072 [preserve][Step 3][Check tickets num][TripId: Z1234]\n"",""stream"":""stdout"",""time"":""2025-06-06T09:22:18.74013652Z""}"
2025-06-06T09:23:03.403691752Z,1674984183403691752,33.33.33.79,ts-train-service-86f5f97bc9-dkqmf,server,0472f5c8fe4b980ed6c1b447ff4d7ec5,a1bef5c7f2ed73b0,"{""log"":""17:23:03.402 INFO  t.c.TrainController#60 TraceID: 0472f5c8fe4b980ed6c1b447ff4d7ec5 SpanID: a1bef5c7f2ed73b0 [retrieveByName][Retrieve train][TrainTypeName: DongCheOne]\n"",""stream"":""stdout"",""time"":""2025-06-06T09:23:03.403691752Z""}"
2025-06-06T09:22:18.739976523Z,1674984138739976523,33.33.33.116,ts-preserve-other-service-66646bdb5b-fw7x9,server,b901ac8dcc4eb08f87906efa102e6209,c34362614fa3b072,"{""log"":""17:22:18.739 INFO  p.s.PreserveOtherServiceImpl#68 TraceID: b901ac8dcc4eb08f87906efa102e6209 SpanID: c34362614fa3b072 [preserve][Step 2][Find contacts Complete][ContactsId: 415d1665-fbb2-4ec9-83f5-5ebe51dc1825]\n"",""stream"":""stdout"",""time"":""2025-06-06T09:22:18.739976523Z""}"
2025-06-06T09:23:03.63043662Z,1674984183630436620,33.33.33.76,ts-station-service-7f4f5f6f77-5qb6j,server,0472f5c8fe4b980ed6c1b447ff4d7ec5,3e8db7a63afdc1be,"{""log"":""17:23:03.629 INFO  f.m.c.StationController#63 TraceID: 0472f5c8fe4b980ed6c1b447ff4d7ec5 SpanID: 3e8db7a63afdc1be [queryForId][Query for station id][StationName: suzhou]\n"",""stream"":""stdout"",""time"":""2025-06-06T09:23:03.63043662Z""}"
2025-06-06T09:22:18.725046621Z,1674984138725046621,33.33.33.116,ts-preserve-other-service-66646bdb5b-fw7x9,server,b901ac8dcc4eb08f87906efa102e6209,c34362614fa3b072,"{""log"":""17:22:18.724 INFO  p.s.PreserveOtherServiceImpl#378 TraceID: b901ac8dcc4eb08f87906efa102e6209 SpanID: c34362614fa3b072 [getContactsById][Preserve Other Service][Get Contacts By Id is]\n"",""stream"":""stdout"",""time"":""2025-06-06T09:22:18.725046621Z""}"
2025-06-06T09:23:03.626622151Z,1674984183626622151,33.33.33.76,ts-station-service-7f4f5f6f77-5qb6j,server,0472f5c8fe4b980ed6c1b447ff4d7ec5,e1d5853ff607e2e0,"{""log"":""17:23:03.626 INFO  f.m.c.StationController#63 TraceID: 0472f5c8fe4b980ed6c1b447ff4d7ec5 SpanID: e1d5853ff607e2e0 [queryForId][Query for station id][StationName: shanghai]\n"",""stream"":""stdout"",""time"":""2025-06-06T09:23:03.626622151Z""}"
2025-06-06T09:22:18.724914824Z,1674984138724914824,33.33.33.116,ts-preserve-other-service-66646bdb5b-fw7x9,server,b901ac8dcc4eb08f87906efa102e6209,c34362614fa3b072,"{""log"":""17:22:18.724 INFO  p.s.PreserveOtherServiceImpl#58 TraceID: b901ac8dcc4eb08f87906efa102e6209 SpanID: c34362614fa3b072 [preserve][Step 1][Check Security Complete][AccountId: 4d2a46c7-71cb-4cf1-b5bb-b68406d9da6f]\n"",""stream"":""stdout"",""time"":""2025-06-06T09:22:18.724914824Z""}"
2025-06-06T09:23:03.398076181Z,1674984183398076181,33.33.33.76,ts-station-service-7f4f5f6f77-5qb6j,server,0472f5c8fe4b980ed6c1b447ff4d7ec5,21a6ab5a243856d4,"{""log"":""17:23:03.397 INFO  f.m.c.StationController#63 TraceID: 0472f5c8fe4b980ed6c1b447ff4d7ec5 SpanID: 21a6ab5a243856d4 [queryForId][Query for station id][StationName: suzhou]\n"",""stream"":""stdout"",""time"":""2025-06-06T09:23:03.398076181Z""}"
2025-06-06T09:22:18.693930383Z,1674984138693930383,33.33.33.116,ts-preserve-other-service-66646bdb5b-fw7x9,server,b901ac8dcc4eb08f87906efa102e6209,c34362614fa3b072,"{""log"":""17:22:18.693 INFO  p.s.PreserveOtherServiceImpl#348 TraceID: b901ac8dcc4eb08f87906efa102e6209 SpanID: c34362614fa3b072 [checkSecurity][Preserve Other Service][Check Account Security]\n"",""stream"":""stdout"",""time"":""2025-06-06T09:22:18.693930383Z""}"
2025-06-06T09:23:03.393276511Z,1674984183393276511,33.33.33.76,ts-station-service-7f4f5f6f77-5qb6j,server,0472f5c8fe4b980ed6c1b447ff4d7ec5,24376b4d5f9c0074,"{""log"":""17:23:03.392 INFO  f.m.c.StationController#63 TraceID: 0472f5c8fe4b980ed6c1b447ff4d7ec5 SpanID: 24376b4d5f9c0074 [queryForId][Query for station id][StationName: shanghai]\n"",""stream"":""stdout"",""time"":""2025-06-06T09:23:03.393276511Z""}"
2025-06-06T09:22:18.693791919Z,1674984138693791919,33.33.33.116,ts-preserve-other-service-66646bdb5b-fw7x9,server,b901ac8dcc4eb08f87906efa102e6209,c34362614fa3b072,"{""log"":""17:22:18.693 INFO  p.s.PreserveOtherServiceImpl#48 TraceID: b901ac8dcc4eb08f87906efa102e6209 SpanID: c34362614fa3b072 [preserve][Verify Login] Success\n"",""stream"":""stdout"",""time"":""2025-06-06T09:22:18.693791919Z""}"
2025-06-06T09:23:03.362273944Z,1674984183362273944,33.33.33.115,ts-security-service-cb9788d56-mrzv2,ts-security-service,0472f5c8fe4b980ed6c1b447ff4d7ec5,6aca520ece405483,"{""log"":""17:23:03.361 INFO  s.s.SecurityServiceImpl#119 TraceID: 0472f5c8fe4b980ed6c1b447ff4d7ec5 SpanID: 6aca520ece405483 [check][Max][Max In One Hour: 2147483647  Max Not Use: 2147483647]\n"",""stream"":""stdout"",""time"":""2025-06-06T09:23:03.362273944Z""}"
2025-06-06T09:22:18.693681744Z,1674984138693681744,33.33.33.116,ts-preserve-other-service-66646bdb5b-fw7x9,server,b901ac8dcc4eb08f87906efa102e6209,c34362614fa3b072,"{""log"":""17:22:18.693 INFO  p.c.PreserveOtherController#35 TraceID: b901ac8dcc4eb08f87906efa102e6209 SpanID: c34362614fa3b072 [preserve][Preserve Account order][from shanghai to nanjing at 2023-01-29]\n"",""stream"":""stdout"",""time"":""2025-06-06T09:22:18.693681744Z""}"
2025-06-06T09:23:03.359624161Z,1674984183359624161,33.33.33.115,ts-security-service-cb9788d56-mrzv2,ts-security-service,0472f5c8fe4b980ed6c1b447ff4d7ec5,6aca520ece405483,"{""log"":""17:23:03.359 INFO  s.s.SecurityServiceImpl#156 TraceID: 0472f5c8fe4b980ed6c1b447ff4d7ec5 SpanID: 6aca520ece405483 [getSecurityOrderOtherInfoFromOrder][Get Order Other Info For Security][Last One Hour: 177  Total Valid Order: 120]\n"",""stream"":""stdout"",""time"":""2025-06-06T09:23:03.359624161Z""}"
2025-06-06T09:22:18.702659103Z,1674984138702659103,33.33.33.76,ts-order-service-5b67c48447-mv5hb,server,b901ac8dcc4eb08f87906efa102e6209,e382172195d35bed,"{""log"":""17:22:18.702 INFO  o.c.OrderController#118 TraceID: b901ac8dcc4eb08f87906efa102e6209 SpanID: e382172195d35bed [checkSecurityAboutOrder][Security Info Get][AccountId:4d2a46c7-71cb-4cf1-b5bb-b68406d9da6f]\n"",""stream"":""stdout"",""time"":""2025-06-06T09:22:18.702659103Z""}"
2025-06-06T09:23:03.350538895Z,1674984183350538895,33.33.33.115,ts-security-service-cb9788d56-mrzv2,ts-security-service,0472f5c8fe4b980ed6c1b447ff4d7ec5,6aca520ece405483,"{""log"":""17:23:03.350 INFO  s.s.SecurityServiceImpl#141 TraceID: 0472f5c8fe4b980ed6c1b447ff4d7ec5 SpanID: 6aca520ece405483 [getSecurityOrderInfoFromOrder][Get Order Info For Security][Last One Hour: 323  Total Valid Order: 161]\n"",""stream"":""stdout"",""time"":""2025-06-06T09:23:03.350538895Z""}"
2025-06-06T09:22:18.976753557Z,1674984138976753557,33.33.33.155,ts-order-other-service-6cdbf9b4cc-h7mqk,server,b901ac8dcc4eb08f87906efa102e6209,2cbf9153f50dc0d3,"{""log"":""17:22:18.976 INFO  o.s.OrderOtherServiceImpl#100 TraceID: b901ac8dcc4eb08f87906efa102e6209 SpanID: 2cbf9153f50dc0d3 [create][Order Create Success][OrderId:df5addb8-ab74-488d-8ee0-6e61d23f6d12,Price: 350.0]\n"",""stream"":""stdout"",""time"":""2025-06-06T09:22:18.976753557Z""}"
2025-06-06T09:23:03.336774081Z,1674984183336774081,33.33.33.115,ts-security-service-cb9788d56-mrzv2,ts-security-service,0472f5c8fe4b980ed6c1b447ff4d7ec5,6aca520ece405483,"{""log"":""17:23:03.336 INFO  s.c.SecurityController#62 TraceID: 0472f5c8fe4b980ed6c1b447ff4d7ec5 SpanID: 6aca520ece405483 [check][Check Security][Check Account Id: 4d2a46c7-71cb-4cf1-b5bb-b68406d9da6f]\n"",""stream"":""stdout"",""time"":""2025-06-06T09:23:03.336774081Z""}"
2025-06-06T09:22:18.967651651Z,1674984138967651651,33.33.33.155,ts-order-other-service-6cdbf9b4cc-h7mqk,server,b901ac8dcc4eb08f87906efa102e6209,2cbf9153f50dc0d3,"{""log"":""17:22:18.967 INFO  o.s.OrderOtherServiceImpl#92 TraceID: b901ac8dcc4eb08f87906efa102e6209 SpanID: 2cbf9153f50dc0d3 [create][Create Order][Ready Create Order]\n"",""stream"":""stdout"",""time"":""2025-06-06T09:22:18.967651651Z""}"
2025-06-06T09:23:03.732907108Z,1674984183732907108,33.33.33.82,ts-seat-service-5c95b49cff-tdsdz,server,0472f5c8fe4b980ed6c1b447ff4d7ec5,3eeb8949d8867eff,"{""log"":""17:23:03.732 INFO  s.s.SeatServiceImpl#114 TraceID: 0472f5c8fe4b980ed6c1b447ff4d7ec5 SpanID: 3eeb8949d8867eff [distributeSeat][Assign new tickets][Use a new seat number][seat number:1486071588]\n"",""stream"":""stdout"",""time"":""2025-06-06T09:23:03.732907108Z""}"
2025-06-06T09:22:18.967531402Z,1674984138967531402,33.33.33.155,ts-order-other-service-6cdbf9b4cc-h7mqk,server,b901ac8dcc4eb08f87906efa102e6209,2cbf9153f50dc0d3,"{""log"":""17:22:18.967 INFO  o.c.OrderOtherController#49 TraceID: b901ac8dcc4eb08f87906efa102e6209 SpanID: 2cbf9153f50dc0d3 [create][Create Order][from shanghai to nanjing at 2023-01-29]\n"",""stream"":""stdout"",""time"":""2025-06-06T09:22:18.967531402Z""}"
2025-06-06T09:22:18.955880339Z,1674984138955880339,33.33.33.155,ts-order-other-service-6cdbf9b4cc-h7mqk,server,b901ac8dcc4eb08f87906efa102e6209,cc62bea22e3d7c7f,"{""log"":""17:22:18.955 INFO  o.s.OrderOtherServiceImpl#67 TraceID: b901ac8dcc4eb08f87906efa102e6209 SpanID: cc62bea22e3d7c7f [getSoldTickets][Left ticket info][info is: LeftTicketInfo{soldTickets=[Ticket(seatNo=388817927, startStation=shanghai, destStation=nanjing), Ticket(seatNo=512319188, startStation=shanghai, destStation=nanjing), Ticket(seatNo=650950163, startStation=shanghai, destStation=nanjing), Ticket(seatNo=681456978, startStation=shanghai, destStation=nanjing), Ticket(seatNo=1278422345, startStation=shanghai, destStation=nanjing), Ticket(seatNo=113640569, startStation=shanghai, destStation=nanjing), Ticket(seatNo=1706091788, startStation=shanghai, destStation=nanjing), Ticket(seatNo=719931591, startStation=shanghai, destStation=nanjing), Ticket(seatNo=324348558, startStation=shanghai, destStation=nanjing), Ticket(seatNo=437134557, startStation=shanghai, destStation=nanjing), Ticket(seatNo=1180305654, startStation=shanghai, destStation=nanjing), Ticket(seatNo=218664224, startStation=shanghai, destStation=nanjing), Ticket(seatNo=1531256885, startStation=shanghai, destStation=nanjing), Ticket(seatNo=282865016, startStation=shanghai, destStation=nanjing), Ticket(seatNo=290573193, startStation=shanghai, destStation=nanjing), Ticket(seatNo=2091646075, startStation=shanghai, destStation=nanjing), Ticket(seatNo=1529246592, startStation=shanghai, destStation=nanjing), Ticket(seatNo=518358183, startStation=shanghai, destStation=nanjing), Ticket(seatNo=1578574107, startStation=shanghai, destStation=nanjing), Ticket(seatNo=864103707, startStation=shanghai, destStation=nanjing), Ticket(seatNo=1101722819, startStation=shanghai, destStation=nanjing), Ticket(seatNo=1110043211, startStation=shanghai, destStation=nanjing), Ticket(seatNo=2115304579, startStation=shanghai, destStation=nanjing), Ticket(seatNo=517895253, startStation=shanghai, destStation=nanjing), Ticket(seatNo=112374996, startStation=shanghai, destStation=nanjing), Ticket(seatNo=1222554072, startStation=shanghai, destStation=nanjing), Ticket(seatNo=1445221655, startStation=shanghai, destStation=nanjing), Ticket(seatNo=55335899, startStation=shanghai, destStation=nanjing), Ticket(seatNo=1402723531, startStation=shanghai, destStation=nanjing), Ticket(seatNo=520072209, startStation=shanghai, destStation=nanjing), Ticket(seatNo=1063924165, startStation=shanghai, destStation=nanjing), Ticket(seatNo=828062078, startStation=shanghai, destStation=nanjing), Ticket(seatNo=364950093, startStation=shanghai, destStation=nanjing), Ticket(seatNo=1605189805, startStation=shanghai, destStation=nanjing), Ticket(seatNo=182083286, startStation=shanghai, destStation=nanjing), Ticket(seatNo=1956808479, startStation=shanghai, destStation=nanjing), Ticket(seatNo=1479771875, startStation=shanghai, destStation=nanjing), Ticket(seatNo=1340473816, startStation=shanghai, destStation=nanjing), Ticket(seatNo=2058528320, startStation=shanghai, destStation=nanjing), Ticket(seatNo=1862239339, startStation=shanghai, destStation=nanjing), Ticket(seatNo=756196424, startStation=shanghai, destStation=nanjing), Ticket(seatNo=1554210637, startStation=shanghai, destStation=nanjing), Ticket(seatNo=2131607583, startStation=shanghai, destStation=nanjing), Ticket(seatNo=1114945650, startStation=shanghai, destStation=nanjing), Ticket(seatNo=978840618, startStation=shanghai, destStation=nanjing), Ticket(seatNo=1696192204, startStation=shanghai, destStation=nanjing), Ticket(seatNo=159217444, startStation=shanghai, destStation=nanjing), Ticket(seatNo=1472397446, startStation=shanghai, destStation=nanjing), Ticket(seatNo=863762562, startStation=shanghai, destStation=nanjing), Ticket(seatNo=762240728, startStation=shanghai, destStation=nanjing), Ticket(seatNo=733090960, startStation=shanghai, destStation=nanjing), Ticket(seatNo=1385200790, startStation=shanghai, destStation=nanjing), Ticket(seatNo=1483334408, startStation=shanghai, destStation=nanjing), Ticket(seatNo=1230952670, startStation=shanghai, destStation=nanjing), Ticket(seatNo=1760486203, startStation=shanghai, destStation=nanjing), Ticket(seatNo=1631472666, startStation=shanghai, destStation=nanjing), Ticket(seatNo=882144838, startStation=shanghai, destStation=nanjing), Ticket(seatNo=210246843, startStation=shanghai, destStation=nanjing), Ticket(seatNo=427259238, startStation=shanghai, destStation=nanjing), Ticket(seatNo=1232572404, startStation=shanghai, destStation=nanjing), Ticket(seatNo=1304478712, startStation=shanghai, destStation=nanjing), Ticket(seatNo=2016232602, startStation=shanghai, destStation=nanjing), Ticket(seatNo=76670888, startStation=shanghai, destStation=nanjing), Ticket(seatNo=1754550335, startStation=shanghai, destStation=nanjing), Ticket(seatNo=1491838595, startStation=shanghai, destStation=nanjing), Ticket(seatNo=1330605393, startStation=shanghai, destStation=nanjing), Ticket(seatNo=226825480, startStation=shanghai, destStation=nanjing), Ticket(seatNo=1787175945, startStation=shanghai, destStation=nanjing), Ticket(seatNo=590443336, startStation=shanghai, destStation=nanjing), Ticket(seatNo=427944411, startStation=shanghai, destStation=nanjing), Ticket(seatNo=1638437656, startStation=shanghai, destStation=nanjing), Ticket(seatNo=1361381257, startStation=shanghai, destStation=nanjing), Ticket(seatNo=1482512162, startStation=shanghai, destStation=nanjing), Ticket(seatNo=400526011, startStation=shanghai, destStation=nanjing), Ticket(seatNo=1749342441, startStation=shanghai, destStation=nanjing), Ticket(seatNo=2117918027, startStation=shanghai, destStation=nanjing), Ticket(seatNo=654927142, startStation=shanghai, destStation=nanjing), Ticket(seatNo=1977897455, startStation=shanghai, destStation=nanjing), Ticket(seatNo=641977830, startStation=shanghai, destStation=nanjing), Ticket(seatNo=1021188806, startStation=shanghai, destStation=nanjing), Ticket(seatNo=1445935016, startStation=shanghai, destStation=nanjing), Ticket(seatNo=830548221, startStation=shanghai, destStation=nanjing), Ticket(seatNo=1655441840, startStation=shanghai, destStation=nanjing), Ticket(seatNo=678340688, startStation=shanghai, destStation=nanjing), Ticket(seatNo=1682320147, startStation=shanghai, destStation=nanjing), Ticket(seatNo=1195341149, startStation=shanghai, destStation=nanjing), Ticket(seatNo=973914808, startStation=shanghai, destStation=nanjing), Ticket(seatNo=1217764195, startStation=shanghai, destStation=nanjing), Ticket(seatNo=837692558, startStation=shanghai, destStation=nanjing), Ticket(seatNo=1203709814, startStation=shanghai, destStation=nanjing), Ticket(seatNo=984361044, startStation=shanghai, destStation=nanjing), Ticket(seatNo=675974723, startStation=shanghai, destStation=nanjing), Ticket(seatNo=1490992938, startStation=shanghai, destStation=nanjing), Ticket(seatNo=1201160931, startStation=shanghai, destStation=nanjing), Ticket(seatNo=1435884154, startStation=shanghai, destStation=nanjing), Ticket(seatNo=1297551695, startStation=shanghai, destStation=nanjing), Ticket(seatNo=1664074534, startStation=shanghai, destStation=nanjing), Ticket(seatNo=1921728155, startStation=shanghai, destStation=nanjing), Ticket(seatNo=1137714160, startStation=shanghai, destStation=nanjing), Ticket(seatNo=1988971469, startStation=shanghai, destStation=nanjing), Ticket(seatNo=1018160513, startStation=shanghai, destStation=nanjing), Ticket(seatNo=1550917166, startStation=shanghai, destStation=nanjing), Ticket(seatNo=1894695695, startStation=shanghai, destStation=nanjing), Ticket(seatNo=784843623, startStation=shanghai, destStation=nanjing), Ticket(seatNo=1932732784, startStation=shanghai, destStation=nanjing), Ticket(seatNo=1565956437, startStation=shanghai, destStation=nanjing), Ticket(seatNo=249855326, startStation=shanghai, destStation=nanjing), Ticket(seatNo=77833908, startStation=shanghai, destStation=nanjing), Ticket(seatNo=64395763, startStation=shanghai, destStation=nanjing), Ticket(seatNo=781572303, startStation=shanghai, destStation=nanjing), Ticket(seatNo=1060217224, startStation=shanghai, destStation=nanjing), Ticket(seatNo=210817532, startStation=shanghai, destStation=nanjing), Ticket(seatNo=1587135411, startStation=shanghai, destStation=nanjing), Ticket(seatNo=862437816, startStation=shanghai, destStation=nanjing), Ticket(seatNo=348991760, startStation=shanghai, destStation=nanjing), Ticket(seatNo=1479280287, startStation=shanghai, destStation=nanjing), Ticket(seatNo=349038530, startStation=shanghai, destStation=nanjing), Ticket(seatNo=90480773, startStation=shanghai, destStation=nanjing), Ticket(seatNo=1465059263, startStation=shanghai, destStation=nanjing), Ticket(seatNo=1498460243, startStation=shanghai, destStation=nanjing), Ticket(seatNo=671507041, startStation=shanghai, destStation=nanjing), Ticket(seatNo=965174800, startStation=shanghai, destStation=nanjing), Ticket(seatNo=1841324996, startStation=shanghai, destStation=nanjing), Ticket(seatNo=1248601454, startStation=shanghai, destStation=nanjing), Ticket(seatNo=1901083814, startStation=shanghai, destStation=nanjing), Ticket(seatNo=2077341681, startStation=shanghai, destStation=nanjing), Ticket(seatNo=1207577891, startStation=shanghai, destStation=nanjing), Ticket(seatNo=1454446323, startStation=shanghai, destStation=nanjing), Ticket(seatNo=234766556, startStation=shanghai, destStation=nanjing), Ticket(seatNo=1726109987, startStation=shanghai, destStation=nanjing), Ticket(seatNo=317002893, startStation=shanghai, destStation=nanjing), Ticket(seatNo=1499460332, startStation=shanghai, destStation=nanjing), Ticket(seatNo=267587626, startStation=shanghai, destStation=nanjing), Ticket(seatNo=747527520, startStation=shanghai, destStation=nanjing), Ticket(seatNo=207584255, startStation=shanghai, destStation=nanjing), Ticket(seatNo=636497848, startStation=shanghai, destStation=nanjing), Ticket(seatNo=134621623, startStation=shanghai, destStation=nanjing), Ticket(seatNo=1143973252, startStation=shanghai, destStation=nanjing), Ticket(seatNo=1285506393, startStation=shanghai, destStation=nanjing), Ticket(seatNo=1318597280, startStation=shanghai, destStation=nanjing), Ticket(seatNo=2109276771, startStation=shanghai, destStation=nanjing), Ticket(seatNo=746347294, startStation=shanghai, destStation=nanjing), Ticket(seatNo=1636266694, startStation=shanghai, destStation=nanjing), Ticket(seatNo=538009141, startStation=shanghai, destStation=nanjing), Ticket(seatNo=1944586976, startStation=shanghai, destStation=nanjing), Ticket(seatNo=1320680614, startStation=shanghai, destStation=nanjing), Ticket(seatNo=142490066, startStation=shanghai, destStation=nanjing), Ticket(seatNo=252466715, startStation=shanghai, destStation=nanjing), Ticket(seatNo=1806446874, startStation=shanghai, destStation=nanjing), Ticket(seatNo=1743761737, startStation=shanghai, destStation=nanjing), Ticket(seatNo=610439616, startStation=shanghai, destStation=nanjing), Ticket(seatNo=76166607, startStation=shanghai, destStation=nanjing), Ticket(seatNo=1265135696, startStation=shanghai, destStation=nanjing), Ticket(seatNo=1177274309, startStation=shanghai, destStation=nanjing), Ticket(seatNo=746628462, startStation=shanghai, destStation=nanjing), Ticket(seatNo=573722729, startStation=shanghai, destStation=nanjing), Ticket(seatNo=940056408, startStation=shanghai, destStation=nanjing), Ticket(seatNo=202317050, startStation=shanghai, destStation=nanjing), Ticket(seatNo=221602851, startStation=shanghai, destStation=nanjing), Ticket(seatNo=1431476535, startStation=shanghai, destStation=nanjing), Ticket(seatNo=606888208, startStation=shanghai, destStation=nanjing), Ticket(seatNo=813377677, startStation=shanghai, destStation=nanjing), Ticket(seatNo=1592122745, startStation=shanghai, destStation=nanjing), Ticket(seatNo=2128153780, startStation=shanghai, destStation=nanjing), Ticket(seatNo=568784077, startStation=shanghai, destStation=nanjing), Ticket(seatNo=990332202, startStation=shanghai, destStation=nanjing), Ticket(seatNo=1969469614, startStation=shanghai, destStation=nanjing), Ticket(seatNo=1456285444, startStation=shanghai, destStation=nanjing), Ticket(seatNo=1785859166, startStation=shanghai, destStation=nanjing)]}]\n"",""stream"":""stdout"",""time"":""2025-06-06T09:22:18.955880339Z""}"
2025-06-06T09:22:18.951700515Z,1674984138951700515,33.33.33.155,ts-order-other-service-6cdbf9b4cc-h7mqk,server,b901ac8dcc4eb08f87906efa102e6209,cc62bea22e3d7c7f,"{""log"":""17:22:18.951 INFO  o.c.OrderOtherController#42 TraceID: b901ac8dcc4eb08f87906efa102e6209 SpanID: cc62bea22e3d7c7f [getSoldTickets][Get Sold Ticket][Travel Date: 2023-01-29]\n"",""stream"":""stdout"",""time"":""2025-06-06T09:22:18.951700515Z""}"
2025-06-06T09:23:03.732545879Z,1674984183732545879,33.33.33.82,ts-seat-service-5c95b49cff-tdsdz,server,0472f5c8fe4b980ed6c1b447ff4d7ec5,3eeb8949d8867eff,"{""log"":""17:23:03.731 INFO  s.s.SeatServiceImpl#66 TraceID: 0472f5c8fe4b980ed6c1b447ff4d7ec5 SpanID: 3eeb8949d8867eff [distributeSeat][Left ticket info][info is : Response(status=1, msg=Success, data=LeftTicketInfo{soldTickets=[Ticket(seatNo=201009634, startStation=shanghai, destStation=suzhou), Ticket(seatNo=793856134, startStation=shanghai, destStation=suzhou), Ticket(seatNo=1460607244, startStation=shanghai, destStation=suzhou), Ticket(seatNo=1893506521, startStation=shanghai, destStation=suzhou), Ticket(seatNo=1380769004, startStation=shanghai, destStation=suzhou), Ticket(seatNo=603898922, startStation=shanghai, destStation=suzhou), Ticket(seatNo=2143932925, startStation=shanghai, destStation=suzhou), Ticket(seatNo=1561348498, startStation=shanghai, destStation=suzhou), Ticket(seatNo=886885033, startStation=shanghai, destStation=suzhou), Ticket(seatNo=422262624, startStation=shanghai, destStation=suzhou), Ticket(seatNo=361790838, startStation=shanghai, destStation=suzhou), Ticket(seatNo=266878641, startStation=shanghai, destStation=suzhou), Ticket(seatNo=1121266960, startStation=shanghai, destStation=suzhou), Ticket(seatNo=487102316, startStation=shanghai, destStation=suzhou), Ticket(seatNo=1374930393, startStation=shanghai, destStation=suzhou), Ticket(seatNo=1767519527, startStation=shanghai, destStation=suzhou), Ticket(seatNo=1803156456, startStation=shanghai, destStation=suzhou), Ticket(seatNo=313223057, startStation=shanghai, destStation=suzhou), Ticket(seatNo=1524529309, startStation=shanghai, destStation=suzhou), Ticket(seatNo=670312232, startStation=shanghai, destStation=suzhou), Ticket(seatNo=1946032193, startStation=shanghai, destStation=suzhou), Ticket(seatNo=828994518, startStation=shanghai, destStation=suzhou), Ticket(seatNo=1079442689, startStation=shanghai, destStation=suzhou), Ticket(seatNo=710165669, startStation=shanghai, destStation=suzhou), Ticket(seatNo=1012345336, startStation=shanghai, destStation=suzhou), Ticket(seatNo=44007696, startStation=shanghai, destStation=suzhou), Ticket(seatNo=2038743294, startStation=shanghai, destStation=suzhou), Ticket(seatNo=674075465, startStation=shanghai, destStation=suzhou), Ticket(seatNo=1337412878, startStation=shanghai, destStation=suzhou), Ticket(seatNo=1252360897, startStation=shanghai, destStation=suzhou), Ticket(seatNo=1084947215, startStation=shanghai, destStation=suzhou), Ticket(seatNo=349324291, startStation=shanghai, destStation=suzhou), Ticket(seatNo=612611721, startStation=shanghai, destStation=suzhou), Ticket(seatNo=1914907225, startStation=shanghai, destStation=suzhou), Ticket(seatNo=1033454023, startStation=shanghai, destStation=suzhou), Ticket(seatNo=146315145, startStation=shanghai, destStation=suzhou), Ticket(seatNo=507669879, startStation=shanghai, destStation=suzhou), Ticket(seatNo=1114532875, startStation=shanghai, destStation=suzhou), Ticket(seatNo=2047347471, startStation=shanghai, destStation=suzhou), Ticket(seatNo=2112226830, startStation=shanghai, destStation=suzhou), Ticket(seatNo=471687199, startStation=shanghai, destStation=suzhou), Ticket(seatNo=891385160, startStation=shanghai, destStation=suzhou), Ticket(seatNo=52112621, startStation=shanghai, destStation=suzhou), Ticket(seatNo=843566710, startStation=shanghai, destStation=suzhou), Ticket(seatNo=668440018, startStation=shanghai, destStation=suzhou), Ticket(seatNo=1886885132, startStation=shanghai, destStation=suzhou), Ticket(seatNo=1927170957, startStation=shanghai, destStation=suzhou), Ticket(seatNo=1085229400, startStation=shanghai, destStation=suzhou), Ticket(seatNo=707425904, startStation=shanghai, destStation=suzhou), Ticket(seatNo=464947381, startStation=shanghai, destStation=suzhou), Ticket(seatNo=862409196, startStation=shanghai, destStation=suzhou), Ticket(seatNo=1527980233, startStation=shanghai, destStation=suzhou), Ticket(seatNo=1194070081, startStation=shanghai, destStation=suzhou), Ticket(seatNo=698985417, startStation=shanghai, destStation=suzhou), Ticket(seatNo=1434255230, startStation=shanghai, destStation=suzhou), Ticket(seatNo=107342144, startStation=shanghai, destStation=suzhou), Ticket(seatNo=1346447524, startStation=shanghai, destStation=suzhou), Ticket(seatNo=1609976732, startStation=shanghai, destStation=suzhou), Ticket(seatNo=1625975337, startStation=shanghai, destStation=suzhou), Ticket(seatNo=730221217, startStation=shanghai, destStation=suzhou), Ticket(seatNo=1452994271, startStation=shanghai, destStation=suzhou), Ticket(seatNo=2082261134, startStation=shanghai, destStation=suzhou), Ticket(seatNo=1034161263, startStation=shanghai, destStation=suzhou), Ticket(seatNo=1433770610, startStation=shanghai, destStation=suzhou), Ticket(seatNo=1944406239, startStation=shanghai, destStation=suzhou), Ticket(seatNo=806364822, startStation=shanghai, destStation=suzhou), Ticket(seatNo=1474417815, startStation=shanghai, destStation=suzhou), Ticket(seatNo=344808965, startStation=shanghai, destStation=suzhou), Ticket(seatNo=1460046435, startStation=shanghai, destStation=suzhou), Ticket(seatNo=1833738100, startStation=shanghai, destStation=suzhou), Ticket(seatNo=54121485, startStation=shanghai, destStation=suzhou), Ticket(seatNo=478312199, startStation=shanghai, destStation=suzhou), Ticket(seatNo=141657437, startStation=shanghai, destStation=suzhou), Ticket(seatNo=1646294862, startStation=shanghai, destStation=suzhou), Ticket(seatNo=369778934, startStation=shanghai, destStation=suzhou), Ticket(seatNo=1311485713, startStation=shanghai, destStation=suzhou), Ticket(seatNo=1126367806, startStation=shanghai, destStation=suzhou), Ticket(seatNo=1554687036, startStation=shanghai, destStation=suzhou), Ticket(seatNo=566990115, startStation=shanghai, destStation=suzhou), Ticket(seatNo=1175494979, startStation=shanghai, destStation=suzhou), Ticket(seatNo=1541121627, startStation=shanghai, destStation=suzhou), Ticket(seatNo=1203609265, startStation=shanghai, destStation=suzhou), Ticket(seatNo=1921549183, startStation=shanghai, destStation=suzhou), Ticket(seatNo=1918183508, startStation=shanghai, destStation=suzhou), Ticket(seatNo=1598092512, startStation=shanghai, destStation=suzhou), Ticket(seatNo=1267647479, startStation=shanghai, destStation=suzhou), Ticket(seatNo=1640780669, startStation=shanghai, destStation=suzhou), Ticket(seatNo=407197519, startStation=shanghai, destStation=suzhou), Ticket(seatNo=1405122139, startStation=shanghai, destStation=suzhou), Ticket(seatNo=1008516158, startStation=shanghai, destStation=suzhou), Ticket(seatNo=773494342, startStation=shanghai, destStation=suzhou), Ticket(seatNo=1043628352, startStation=shanghai, destStation=suzhou), Ticket(seatNo=146007906, startStation=shanghai, destStation=suzhou), Ticket(seatNo=1530463700, startStation=shanghai, destStation=suzhou), Ticket(seatNo=1879301093, startStation=shanghai, destStation=suzhou), Ticket(seatNo=402964895, startStation=shanghai, destStation=suzhou), Ticket(seatNo=1796322721, startStation=shanghai, destStation=suzhou), Ticket(seatNo=1331075716, startStation=shanghai, destStation=suzhou), Ticket(seatNo=1240049243, startStation=shanghai, destStation=suzhou), Ticket(seatNo=590521180, startStation=shanghai, destStation=suzhou), Ticket(seatNo=1506651732, startStation=shanghai, destStation=suzhou), Ticket(seatNo=1873621396, startStation=shanghai, destStation=suzhou), Ticket(seatNo=2132514663, startStation=shanghai, destStation=suzhou), Ticket(seatNo=97126401, startStation=shanghai, destStation=suzhou), Ticket(seatNo=1143590204, startStation=shanghai, destStation=suzhou), Ticket(seatNo=1203471531, startStation=shanghai, destStation=suzhou), Ticket(seatNo=1081967951, startStation=shanghai, destStation=suzhou), Ticket(seatNo=1361949694, startStation=shanghai, destStation=suzhou), Ticket(seatNo=770819065, startStation=shanghai, destStation=suzhou), Ticket(seatNo=1734991119, startStation=shanghai, destStation=suzhou), Ticket(seatNo=1171302207, startStation=shanghai, destStation=suzhou), Ticket(seatNo=896926119, startStation=shanghai, destStation=suzhou), Ticket(seatNo=429977698, startStation=shanghai, destStation=suzhou), Ticket(seatNo=1700949544, startStation=shanghai, destStation=suzhou), Ticket(seatNo=1993109739, startStation=shanghai, destStation=suzhou), Ticket(seatNo=95888109, startStation=shanghai, destStation=suzhou), Ticket(seatNo=1754065861, startStation=shanghai, destStation=suzhou), Ticket(seatNo=154019644, startStation=shanghai, destStation=suzhou), Ticket(seatNo=524582401, startStation=shanghai, destStation=suzhou), Ticket(seatNo=1334753364, startStation=shanghai, destStation=suzhou), Ticket(seatNo=1986288796, startStation=shanghai, destStation=suzhou), Ticket(seatNo=554296196, startStation=shanghai, destStation=suzhou), Ticket(seatNo=633463036, startStation=shanghai, destStation=suzhou), Ticket(seatNo=436767015, startStation=shanghai, destStation=suzhou), Ticket(seatNo=1239327412, startStation=shanghai, destStation=suzhou), Ticket(seatNo=790314884, startStation=shanghai, destStation=suzhou), Ticket(seatNo=767880562, startStation=shanghai, destStation=suzhou), Ticket(seatNo=1882983382, startStation=shanghai, destStation=suzhou), Ticket(seatNo=1796077830, startStation=shanghai, destStation=suzhou), Ticket(seatNo=1256846996, startStation=shanghai, destStation=suzhou), Ticket(seatNo=388145690, startStation=shanghai, destStation=suzhou), Ticket(seatNo=1277071603, startStation=shanghai, destStation=suzhou), Ticket(seatNo=796991928, startStation=shanghai, destStation=suzhou), Ticket(seatNo=884504981, startStation=shanghai, destStation=suzhou), Ticket(seatNo=967371941, startStation=shanghai, destStation=suzhou), Ticket(seatNo=2003998246, startStation=shanghai, destStation=suzhou), Ticket(seatNo=255953355, startStation=shanghai, destStation=suzhou), Ticket(seatNo=939595525, startStation=shanghai, destStation=suzhou), Ticket(seatNo=1544334905, startStation=shanghai, destStation=suzhou), Ticket(seatNo=1102117997, startStation=shanghai, destStation=suzhou), Ticket(seatNo=1635610308, startStation=shanghai, destStation=suzhou), Ticket(seatNo=592648285, startStation=shanghai, destStation=suzhou), Ticket(seatNo=66104728, startStation=shanghai, destStation=suzhou), Ticket(seatNo=1613887154, startStation=shanghai, destStation=suzhou), Ticket(seatNo=1525464784, startStation=shanghai, destStation=suzhou), Ticket(seatNo=2133302187, startStation=shanghai, destStation=suzhou), Ticket(seatNo=6271054, startStation=shanghai, destStation=suzhou), Ticket(seatNo=2008071408, startStation=shanghai, destStation=suzhou), Ticket(seatNo=1652274605, startStation=shanghai, destStation=suzhou), Ticket(seatNo=277571395, startStation=shanghai, destStation=suzhou), Ticket(seatNo=1196333812, startStation=shanghai, destStation=suzhou), Ticket(seatNo=579526857, startStation=shanghai, destStation=suzhou), Ticket(seatNo=2105768386, startStation=shanghai, destStation=suzhou), Ticket(seatNo=373807162, startStation=shanghai, destStation=suzhou), Ticket(seatNo=653737940, startStation=shanghai, destStation=suzhou), Ticket(seatNo=1642434373, startStation=shanghai, destStation=suzhou), Ticket(seatNo=1488059796, startStation=shanghai, destStation=suzhou), Ticket(seatNo=1551628343, startStation=shanghai, destStation=suzhou), Ticket(seatNo=768843654, startStation=shanghai, destStation=suzhou), Ticket(seatNo=368572971, startStation=shanghai, destStation=suzhou), Ticket(seatNo=1880391439, startStation=shanghai, destStation=suzhou), Ticket(seatNo=820971079, startStation=shanghai, destStation=suzhou), Ticket(seatNo=1977222074, startStation=shanghai, destStation=suzhou), Ticket(seatNo=321239528, startStation=shanghai, destStation=suzhou), Ticket(seatNo=1431760116, startStation=shanghai, destStation=suzhou), Ticket(seatNo=1345938270, startStation=shanghai, destStation=suzhou), Ticket(seatNo=2007250301, startStation=shanghai, destStation=suzhou), Ticket(seatNo=57757292, startStation=shanghai, destStation=suzhou), Ticket(seatNo=2033777081, startStation=shanghai, destStation=suzhou), Ticket(seatNo=1685037576, startStation=shanghai, destStation=suzhou), Ticket(seatNo=1234414041, startStation=shanghai, destStation=suzhou), Ticket(seatNo=1188886554, startStation=shanghai, destStation=suzhou), Ticket(seatNo=1398540255, startStation=shanghai, destStation=suzhou), Ticket(seatNo=1505819981, startStation=shanghai, destStation=suzhou), Ticket(seatNo=610865531, startStation=shanghai, destStation=suzhou), Ticket(seatNo=885526982, startStation=shanghai, destStation=suzhou), Ticket(seatNo=1341903663, startStation=shanghai, destStation=suzhou), Ticket(seatNo=409751086, startStation=shanghai, destStation=suzhou), Ticket(seatNo=969849650, startStation=shanghai, destStation=suzhou), Ticket(seatNo=1181612285, startStation=shanghai, destStation=suzhou), Ticket(seatNo=580513787, startStation=shanghai, destStation=suzhou), Ticket(seatNo=1337517061, startStation=shanghai, destStation=suzhou), Ticket(seatNo=2106329292, startStation=shanghai, destStation=suzhou), Ticket(seatNo=1008735637, startStation=shanghai, destStation=suzhou), Ticket(seatNo=1983953833, startStation=shanghai, destStation=suzhou), Ticket(seatNo=629859133, startStation=shanghai, destStation=suzhou), Ticket(seatNo=1693615987, startStation=shanghai, destStation=suzhou), Ticket(seatNo=665929265, startStation=shanghai, destStation=suzhou), Ticket(seatNo=1625899717, startStation=shanghai, destStation=suzhou), Ticket(seatNo=691667494, startStation=shanghai, destStation=suzhou), Ticket(seatNo=716244515, startStation=shanghai, destStation=suzhou), Ticket(seatNo=146358183, startStation=shanghai, destStation=suzhou), Ticket(seatNo=494530580, startStation=shanghai, destStation=suzhou), Ticket(seatNo=1831095362, startStation=shanghai, destStation=suzhou), Ticket(seatNo=1775851249, startStation=shanghai, destStation=suzhou), Ticket(seatNo=1616593235, startStation=shanghai, destStation=suzhou), Ticket(seatNo=2070280767, startStation=shanghai, destStation=suzhou), Ticket(seatNo=1077203125, startStation=shanghai, destStation=suzhou), Ticket(seatNo=414945371, startStation=shanghai, destStation=suzhou), Ticket(seatNo=1399524661, startStation=shanghai, destStation=suzhou), Ticket(seatNo=1254215660, startStation=shanghai, destStation=suzhou), Ticket(seatNo=1008619349, startStation=shanghai, destStation=suzhou), Ticket(seatNo=748345910, startStation=shanghai, destStation=suzhou), Ticket(seatNo=1518146377, startStation=shanghai, destStation=suzhou), Ticket(seatNo=1775631158, startStation=shanghai, destStation=suzhou), Ticket(seatNo=209526615, startStation=shanghai, destStation=suzhou), Ticket(seatNo=329736953, startStation=shanghai, destStation=suzhou), Ticket(seatNo=1720990615, startStation=shanghai, destStation=suzhou), Ticket(seatNo=161055820, startStation=shanghai, destStation=suzhou), Ticket(seatNo=251113415, startStation=shanghai, destStation=suzhou), Ticket(seatNo=1198421777, startStation=shanghai, destStation=suzhou), Ticket(seatNo=1759358576, startStation=shanghai, destStation=suzhou), Ticket(seatNo=877350021, startStation=shanghai, destStation=suzhou), Ticket(seatNo=1312038844, startStation=shanghai, destStation=suzhou), Ticket(seatNo=2029826895, startStation=shanghai, destStation=suzhou), Ticket(seatNo=423504501, startStation=shanghai, destStation=suzhou), Ticket(seatNo=1556416438, startStation=shanghai, destStation=suzhou), Ticket(seatNo=1301822896, startStation=shanghai, destStation=suzhou), Ticket(seatNo=1795669000, startStation=shanghai, destStation=suzhou), Ticket(seatNo=2109021591, startStation=shanghai, destStation=suzhou), Ticket(seatNo=1896961319, startStation=shanghai, destStation=suzhou), Ticket(seatNo=1501860739, startStation=shanghai, destStation=suzhou), Ticket(seatNo=670484785, startStation=shanghai, destStation=suzhou), Ticket(seatNo=605778711, startStation=shanghai, destStation=suzhou), Ticket(seatNo=647991026, startStation=shanghai, destStation=suzhou), Ticket(seatNo=1312209848, startStation=shanghai, destStation=suzhou), Ticket(seatNo=795533255, startStation=shanghai, destStation=suzhou), Ticket(seatNo=1727000194, startStation=shanghai, destStation=suzhou), Ticket(seatNo=1514781946, startStation=shanghai, destStation=suzhou), Ticket(seatNo=1528089102, startStation=shanghai, destStation=suzhou), Ticket(seatNo=1843632525, startStation=shanghai, destStation=suzhou), Ticket(seatNo=1789842840, startStation=shanghai, destStation=suzhou), Ticket(seatNo=1584441848, st"",""stream"":""stdout"",""time"":""2025-06-06T09:23:03.732545879Z""}"
2025-06-06T09:23:03.682046176Z,1674984183682046176,33.33.33.82,ts-seat-service-5c95b49cff-tdsdz,server,0472f5c8fe4b980ed6c1b447ff4d7ec5,3eeb8949d8867eff,"{""log"":""17:23:03.681 INFO  s.s.SeatServiceImpl#54 TraceID: 0472f5c8fe4b980ed6c1b447ff4d7ec5 SpanID: 3eeb8949d8867eff [distributeSeat][TrainNumber start][G or D]\n"",""stream"":""stdout"",""time"":""2025-06-06T09:23:03.682046176Z""}"
2025-06-06T09:23:03.681626714Z,1674984183681626714,33.33.33.82,ts-seat-service-5c95b49cff-tdsdz,server,0472f5c8fe4b980ed6c1b447ff4d7ec5,3eeb8949d8867eff,"{""log"":""17:23:03.680 INFO  s.c.SeatController#41 TraceID: 0472f5c8fe4b980ed6c1b447ff4d7ec5 SpanID: 3eeb8949d8867eff [distributeSeat][Create seat][TravelDate: 2023-01-29,TrainNumber: D1345,SeatType: 2]\n"",""stream"":""stdout"",""time"":""2025-06-06T09:23:03.681626714Z""}"
2025-06-06T09:23:03.614813781Z,1674984183614813781,33.33.33.82,ts-seat-service-5c95b49cff-tdsdz,server,0472f5c8fe4b980ed6c1b447ff4d7ec5,de2f38f11065f33e,"{""log"":""17:23:03.614 INFO  s.s.SeatServiceImpl#217 TraceID: 0472f5c8fe4b980ed6c1b447ff4d7ec5 SpanID: de2f38f11065f33e [getDirectProportion][Configs is : Config(name=DirectTicketAllocationProportion, value=0.5, description=Allocation Proportion Of The Direct Ticket - From Start To End)]\n"",""stream"":""stdout"",""time"":""2025-06-06T09:23:03.614813781Z""}"
2025-06-06T09:22:18.856739063Z,1674984138856739063,33.33.33.155,ts-order-other-service-6cdbf9b4cc-h7mqk,server,b901ac8dcc4eb08f87906efa102e6209,2f5ada47d9e48df8,"{""log"":""17:22:18.856 INFO  o.s.OrderOtherServiceImpl#67 TraceID: b901ac8dcc4eb08f87906efa102e6209 SpanID: 2f5ada47d9e48df8 [getSoldTickets][Left ticket info][info is: LeftTicketInfo{soldTickets=[Ticket(seatNo=388817927, startStation=shanghai, destStation=nanjing), Ticket(seatNo=512319188, startStation=shanghai, destStation=nanjing), Ticket(seatNo=650950163, startStation=shanghai, destStation=nanjing), Ticket(seatNo=681456978, startStation=shanghai, destStation=nanjing), Ticket(seatNo=1278422345, startStation=shanghai, destStation=nanjing), Ticket(seatNo=113640569, startStation=shanghai, destStation=nanjing), Ticket(seatNo=1706091788, startStation=shanghai, destStation=nanjing), Ticket(seatNo=719931591, startStation=shanghai, destStation=nanjing), Ticket(seatNo=324348558, startStation=shanghai, destStation=nanjing), Ticket(seatNo=437134557, startStation=shanghai, destStation=nanjing), Ticket(seatNo=1180305654, startStation=shanghai, destStation=nanjing), Ticket(seatNo=218664224, startStation=shanghai, destStation=nanjing), Ticket(seatNo=1531256885, startStation=shanghai, destStation=nanjing), Ticket(seatNo=282865016, startStation=shanghai, destStation=nanjing), Ticket(seatNo=290573193, startStation=shanghai, destStation=nanjing), Ticket(seatNo=2091646075, startStation=shanghai, destStation=nanjing), Ticket(seatNo=1529246592, startStation=shanghai, destStation=nanjing), Ticket(seatNo=518358183, startStation=shanghai, destStation=nanjing), Ticket(seatNo=1578574107, startStation=shanghai, destStation=nanjing), Ticket(seatNo=864103707, startStation=shanghai, destStation=nanjing), Ticket(seatNo=1101722819, startStation=shanghai, destStation=nanjing), Ticket(seatNo=1110043211, startStation=shanghai, destStation=nanjing), Ticket(seatNo=2115304579, startStation=shanghai, destStation=nanjing), Ticket(seatNo=517895253, startStation=shanghai, destStation=nanjing), Ticket(seatNo=112374996, startStation=shanghai, destStation=nanjing), Ticket(seatNo=1222554072, startStation=shanghai, destStation=nanjing), Ticket(seatNo=1445221655, startStation=shanghai, destStation=nanjing), Ticket(seatNo=55335899, startStation=shanghai, destStation=nanjing), Ticket(seatNo=1402723531, startStation=shanghai, destStation=nanjing), Ticket(seatNo=520072209, startStation=shanghai, destStation=nanjing), Ticket(seatNo=1063924165, startStation=shanghai, destStation=nanjing), Ticket(seatNo=828062078, startStation=shanghai, destStation=nanjing), Ticket(seatNo=364950093, startStation=shanghai, destStation=nanjing), Ticket(seatNo=1605189805, startStation=shanghai, destStation=nanjing), Ticket(seatNo=182083286, startStation=shanghai, destStation=nanjing), Ticket(seatNo=1956808479, startStation=shanghai, destStation=nanjing), Ticket(seatNo=1479771875, startStation=shanghai, destStation=nanjing), Ticket(seatNo=1340473816, startStation=shanghai, destStation=nanjing), Ticket(seatNo=2058528320, startStation=shanghai, destStation=nanjing), Ticket(seatNo=1862239339, startStation=shanghai, destStation=nanjing), Ticket(seatNo=756196424, startStation=shanghai, destStation=nanjing), Ticket(seatNo=1554210637, startStation=shanghai, destStation=nanjing), Ticket(seatNo=2131607583, startStation=shanghai, destStation=nanjing), Ticket(seatNo=1114945650, startStation=shanghai, destStation=nanjing), Ticket(seatNo=978840618, startStation=shanghai, destStation=nanjing), Ticket(seatNo=1696192204, startStation=shanghai, destStation=nanjing), Ticket(seatNo=159217444, startStation=shanghai, destStation=nanjing), Ticket(seatNo=1472397446, startStation=shanghai, destStation=nanjing), Ticket(seatNo=863762562, startStation=shanghai, destStation=nanjing), Ticket(seatNo=762240728, startStation=shanghai, destStation=nanjing), Ticket(seatNo=733090960, startStation=shanghai, destStation=nanjing), Ticket(seatNo=1385200790, startStation=shanghai, destStation=nanjing), Ticket(seatNo=1483334408, startStation=shanghai, destStation=nanjing), Ticket(seatNo=1230952670, startStation=shanghai, destStation=nanjing), Ticket(seatNo=1760486203, startStation=shanghai, destStation=nanjing), Ticket(seatNo=1631472666, startStation=shanghai, destStation=nanjing), Ticket(seatNo=882144838, startStation=shanghai, destStation=nanjing), Ticket(seatNo=210246843, startStation=shanghai, destStation=nanjing), Ticket(seatNo=427259238, startStation=shanghai, destStation=nanjing), Ticket(seatNo=1232572404, startStation=shanghai, destStation=nanjing), Ticket(seatNo=1304478712, startStation=shanghai, destStation=nanjing), Ticket(seatNo=2016232602, startStation=shanghai, destStation=nanjing), Ticket(seatNo=76670888, startStation=shanghai, destStation=nanjing), Ticket(seatNo=1754550335, startStation=shanghai, destStation=nanjing), Ticket(seatNo=1491838595, startStation=shanghai, destStation=nanjing), Ticket(seatNo=1330605393, startStation=shanghai, destStation=nanjing), Ticket(seatNo=226825480, startStation=shanghai, destStation=nanjing), Ticket(seatNo=1787175945, startStation=shanghai, destStation=nanjing), Ticket(seatNo=590443336, startStation=shanghai, destStation=nanjing), Ticket(seatNo=427944411, startStation=shanghai, destStation=nanjing), Ticket(seatNo=1638437656, startStation=shanghai, destStation=nanjing), Ticket(seatNo=1361381257, startStation=shanghai, destStation=nanjing), Ticket(seatNo=1482512162, startStation=shanghai, destStation=nanjing), Ticket(seatNo=400526011, startStation=shanghai, destStation=nanjing), Ticket(seatNo=1749342441, startStation=shanghai, destStation=nanjing), Ticket(seatNo=2117918027, startStation=shanghai, destStation=nanjing), Ticket(seatNo=654927142, startStation=shanghai, destStation=nanjing), Ticket(seatNo=1977897455, startStation=shanghai, destStation=nanjing), Ticket(seatNo=641977830, startStation=shanghai, destStation=nanjing), Ticket(seatNo=1021188806, startStation=shanghai, destStation=nanjing), Ticket(seatNo=1445935016, startStation=shanghai, destStation=nanjing), Ticket(seatNo=830548221, startStation=shanghai, destStation=nanjing), Ticket(seatNo=1655441840, startStation=shanghai, destStation=nanjing), Ticket(seatNo=678340688, startStation=shanghai, destStation=nanjing), Ticket(seatNo=1682320147, startStation=shanghai, destStation=nanjing), Ticket(seatNo=1195341149, startStation=shanghai, destStation=nanjing), Ticket(seatNo=973914808, startStation=shanghai, destStation=nanjing), Ticket(seatNo=1217764195, startStation=shanghai, destStation=nanjing), Ticket(seatNo=837692558, startStation=shanghai, destStation=nanjing), Ticket(seatNo=1203709814, startStation=shanghai, destStation=nanjing), Ticket(seatNo=984361044, startStation=shanghai, destStation=nanjing), Ticket(seatNo=675974723, startStation=shanghai, destStation=nanjing), Ticket(seatNo=1490992938, startStation=shanghai, destStation=nanjing), Ticket(seatNo=1201160931, startStation=shanghai, destStation=nanjing), Ticket(seatNo=1435884154, startStation=shanghai, destStation=nanjing), Ticket(seatNo=1297551695, startStation=shanghai, destStation=nanjing), Ticket(seatNo=1664074534, startStation=shanghai, destStation=nanjing), Ticket(seatNo=1921728155, startStation=shanghai, destStation=nanjing), Ticket(seatNo=1137714160, startStation=shanghai, destStation=nanjing), Ticket(seatNo=1988971469, startStation=shanghai, destStation=nanjing), Ticket(seatNo=1018160513, startStation=shanghai, destStation=nanjing), Ticket(seatNo=1550917166, startStation=shanghai, destStation=nanjing), Ticket(seatNo=1894695695, startStation=shanghai, destStation=nanjing), Ticket(seatNo=784843623, startStation=shanghai, destStation=nanjing), Ticket(seatNo=1932732784, startStation=shanghai, destStation=nanjing), Ticket(seatNo=1565956437, startStation=shanghai, destStation=nanjing), Ticket(seatNo=249855326, startStation=shanghai, destStation=nanjing), Ticket(seatNo=77833908, startStation=shanghai, destStation=nanjing), Ticket(seatNo=64395763, startStation=shanghai, destStation=nanjing), Ticket(seatNo=781572303, startStation=shanghai, destStation=nanjing), Ticket(seatNo=1060217224, startStation=shanghai, destStation=nanjing), Ticket(seatNo=210817532, startStation=shanghai, destStation=nanjing), Ticket(seatNo=1587135411, startStation=shanghai, destStation=nanjing), Ticket(seatNo=862437816, startStation=shanghai, destStation=nanjing), Ticket(seatNo=348991760, startStation=shanghai, destStation=nanjing), Ticket(seatNo=1479280287, startStation=shanghai, destStation=nanjing), Ticket(seatNo=349038530, startStation=shanghai, destStation=nanjing), Ticket(seatNo=90480773, startStation=shanghai, destStation=nanjing), Ticket(seatNo=1465059263, startStation=shanghai, destStation=nanjing), Ticket(seatNo=1498460243, startStation=shanghai, destStation=nanjing), Ticket(seatNo=671507041, startStation=shanghai, destStation=nanjing), Ticket(seatNo=965174800, startStation=shanghai, destStation=nanjing), Ticket(seatNo=1841324996, startStation=shanghai, destStation=nanjing), Ticket(seatNo=1248601454, startStation=shanghai, destStation=nanjing), Ticket(seatNo=1901083814, startStation=shanghai, destStation=nanjing), Ticket(seatNo=2077341681, startStation=shanghai, destStation=nanjing), Ticket(seatNo=1207577891, startStation=shanghai, destStation=nanjing), Ticket(seatNo=1454446323, startStation=shanghai, destStation=nanjing), Ticket(seatNo=234766556, startStation=shanghai, destStation=nanjing), Ticket(seatNo=1726109987, startStation=shanghai, destStation=nanjing), Ticket(seatNo=317002893, startStation=shanghai, destStation=nanjing), Ticket(seatNo=1499460332, startStation=shanghai, destStation=nanjing), Ticket(seatNo=267587626, startStation=shanghai, destStation=nanjing), Ticket(seatNo=747527520, startStation=shanghai, destStation=nanjing), Ticket(seatNo=207584255, startStation=shanghai, destStation=nanjing), Ticket(seatNo=636497848, startStation=shanghai, destStation=nanjing), Ticket(seatNo=134621623, startStation=shanghai, destStation=nanjing), Ticket(seatNo=1143973252, startStation=shanghai, destStation=nanjing), Ticket(seatNo=1285506393, startStation=shanghai, destStation=nanjing), Ticket(seatNo=1318597280, startStation=shanghai, destStation=nanjing), Ticket(seatNo=2109276771, startStation=shanghai, destStation=nanjing), Ticket(seatNo=746347294, startStation=shanghai, destStation=nanjing), Ticket(seatNo=1636266694, startStation=shanghai, destStation=nanjing), Ticket(seatNo=538009141, startStation=shanghai, destStation=nanjing), Ticket(seatNo=1944586976, startStation=shanghai, destStation=nanjing), Ticket(seatNo=1320680614, startStation=shanghai, destStation=nanjing), Ticket(seatNo=142490066, startStation=shanghai, destStation=nanjing), Ticket(seatNo=252466715, startStation=shanghai, destStation=nanjing), Ticket(seatNo=1806446874, startStation=shanghai, destStation=nanjing), Ticket(seatNo=1743761737, startStation=shanghai, destStation=nanjing), Ticket(seatNo=610439616, startStation=shanghai, destStation=nanjing), Ticket(seatNo=76166607, startStation=shanghai, destStation=nanjing), Ticket(seatNo=1265135696, startStation=shanghai, destStation=nanjing), Ticket(seatNo=1177274309, startStation=shanghai, destStation=nanjing), Ticket(seatNo=746628462, startStation=shanghai, destStation=nanjing), Ticket(seatNo=573722729, startStation=shanghai, destStation=nanjing), Ticket(seatNo=940056408, startStation=shanghai, destStation=nanjing), Ticket(seatNo=202317050, startStation=shanghai, destStation=nanjing), Ticket(seatNo=221602851, startStation=shanghai, destStation=nanjing), Ticket(seatNo=1431476535, startStation=shanghai, destStation=nanjing), Ticket(seatNo=606888208, startStation=shanghai, destStation=nanjing), Ticket(seatNo=813377677, startStation=shanghai, destStation=nanjing), Ticket(seatNo=1592122745, startStation=shanghai, destStation=nanjing), Ticket(seatNo=2128153780, startStation=shanghai, destStation=nanjing), Ticket(seatNo=568784077, startStation=shanghai, destStation=nanjing), Ticket(seatNo=990332202, startStation=shanghai, destStation=nanjing), Ticket(seatNo=1969469614, startStation=shanghai, destStation=nanjing), Ticket(seatNo=1456285444, startStation=shanghai, destStation=nanjing), Ticket(seatNo=1785859166, startStation=shanghai, destStation=nanjing)]}]\n"",""stream"":""stdout"",""time"":""2025-06-06T09:22:18.856739063Z""}"
2025-06-06T09:22:18.852342041Z,1674984138852342041,33.33.33.155,ts-order-other-service-6cdbf9b4cc-h7mqk,server,b901ac8dcc4eb08f87906efa102e6209,2f5ada47d9e48df8,"{""log"":""17:22:18.851 INFO  o.c.OrderOtherController#42 TraceID: b901ac8dcc4eb08f87906efa102e6209 SpanID: 2f5ada47d9e48df8 [getSoldTickets][Get Sold Ticket][Travel Date: 2023-01-29]\n"",""stream"":""stdout"",""time"":""2025-06-06T09:22:18.852342041Z""}"
2025-06-06T09:23:03.609722504Z,1674984183609722504,33.33.33.82,ts-seat-service-5c95b49cff-tdsdz,server,0472f5c8fe4b980ed6c1b447ff4d7ec5,de2f38f11065f33e,"{""log"":""17:23:03.608 INFO  s.s.SeatServiceImpl#151 TraceID: 0472f5c8fe4b980ed6c1b447ff4d7ec5 SpanID: de2f38f11065f33e [getLeftTicketOfInterval][Get Order tickets result][result is \u003c200,Response(status=1, msg=Success, data=LeftTicketInfo{soldTickets=[Ticket(seatNo=201009634, startStation=shanghai, destStation=suzhou), Ticket(seatNo=793856134, startStation=shanghai, destStation=suzhou), Ticket(seatNo=1460607244, startStation=shanghai, destStation=suzhou), Ticket(seatNo=1893506521, startStation=shanghai, destStation=suzhou), Ticket(seatNo=1380769004, startStation=shanghai, destStation=suzhou), Ticket(seatNo=603898922, startStation=shanghai, destStation=suzhou), Ticket(seatNo=2143932925, startStation=shanghai, destStation=suzhou), Ticket(seatNo=1561348498, startStation=shanghai, destStation=suzhou), Ticket(seatNo=886885033, startStation=shanghai, destStation=suzhou), Ticket(seatNo=422262624, startStation=shanghai, destStation=suzhou), Ticket(seatNo=361790838, startStation=shanghai, destStation=suzhou), Ticket(seatNo=266878641, startStation=shanghai, destStation=suzhou), Ticket(seatNo=1121266960, startStation=shanghai, destStation=suzhou), Ticket(seatNo=487102316, startStation=shanghai, destStation=suzhou), Ticket(seatNo=1374930393, startStation=shanghai, destStation=suzhou), Ticket(seatNo=1767519527, startStation=shanghai, destStation=suzhou), Ticket(seatNo=1803156456, startStation=shanghai, destStation=suzhou), Ticket(seatNo=313223057, startStation=shanghai, destStation=suzhou), Ticket(seatNo=1524529309, startStation=shanghai, destStation=suzhou), Ticket(seatNo=670312232, startStation=shanghai, destStation=suzhou), Ticket(seatNo=1946032193, startStation=shanghai, destStation=suzhou), Ticket(seatNo=828994518, startStation=shanghai, destStation=suzhou), Ticket(seatNo=1079442689, startStation=shanghai, destStation=suzhou), Ticket(seatNo=710165669, startStation=shanghai, destStation=suzhou), Ticket(seatNo=1012345336, startStation=shanghai, destStation=suzhou), Ticket(seatNo=44007696, startStation=shanghai, destStation=suzhou), Ticket(seatNo=2038743294, startStation=shanghai, destStation=suzhou), Ticket(seatNo=674075465, startStation=shanghai, destStation=suzhou), Ticket(seatNo=1337412878, startStation=shanghai, destStation=suzhou), Ticket(seatNo=1252360897, startStation=shanghai, destStation=suzhou), Ticket(seatNo=1084947215, startStation=shanghai, destStation=suzhou), Ticket(seatNo=349324291, startStation=shanghai, destStation=suzhou), Ticket(seatNo=612611721, startStation=shanghai, destStation=suzhou), Ticket(seatNo=1914907225, startStation=shanghai, destStation=suzhou), Ticket(seatNo=1033454023, startStation=shanghai, destStation=suzhou), Ticket(seatNo=146315145, startStation=shanghai, destStation=suzhou), Ticket(seatNo=507669879, startStation=shanghai, destStation=suzhou), Ticket(seatNo=1114532875, startStation=shanghai, destStation=suzhou), Ticket(seatNo=2047347471, startStation=shanghai, destStation=suzhou), Ticket(seatNo=2112226830, startStation=shanghai, destStation=suzhou), Ticket(seatNo=471687199, startStation=shanghai, destStation=suzhou), Ticket(seatNo=891385160, startStation=shanghai, destStation=suzhou), Ticket(seatNo=52112621, startStation=shanghai, destStation=suzhou), Ticket(seatNo=843566710, startStation=shanghai, destStation=suzhou), Ticket(seatNo=668440018, startStation=shanghai, destStation=suzhou), Ticket(seatNo=1886885132, startStation=shanghai, destStation=suzhou), Ticket(seatNo=1927170957, startStation=shanghai, destStation=suzhou), Ticket(seatNo=1085229400, startStation=shanghai, destStation=suzhou), Ticket(seatNo=707425904, startStation=shanghai, destStation=suzhou), Ticket(seatNo=464947381, startStation=shanghai, destStation=suzhou), Ticket(seatNo=862409196, startStation=shanghai, destStation=suzhou), Ticket(seatNo=1527980233, startStation=shanghai, destStation=suzhou), Ticket(seatNo=1194070081, startStation=shanghai, destStation=suzhou), Ticket(seatNo=698985417, startStation=shanghai, destStation=suzhou), Ticket(seatNo=1434255230, startStation=shanghai, destStation=suzhou), Ticket(seatNo=107342144, startStation=shanghai, destStation=suzhou), Ticket(seatNo=1346447524, startStation=shanghai, destStation=suzhou), Ticket(seatNo=1609976732, startStation=shanghai, destStation=suzhou), Ticket(seatNo=1625975337, startStation=shanghai, destStation=suzhou), Ticket(seatNo=730221217, startStation=shanghai, destStation=suzhou), Ticket(seatNo=1452994271, startStation=shanghai, destStation=suzhou), Ticket(seatNo=2082261134, startStation=shanghai, destStation=suzhou), Ticket(seatNo=1034161263, startStation=shanghai, destStation=suzhou), Ticket(seatNo=1433770610, startStation=shanghai, destStation=suzhou), Ticket(seatNo=1944406239, startStation=shanghai, destStation=suzhou), Ticket(seatNo=806364822, startStation=shanghai, destStation=suzhou), Ticket(seatNo=1474417815, startStation=shanghai, destStation=suzhou), Ticket(seatNo=344808965, startStation=shanghai, destStation=suzhou), Ticket(seatNo=1460046435, startStation=shanghai, destStation=suzhou), Ticket(seatNo=1833738100, startStation=shanghai, destStation=suzhou), Ticket(seatNo=54121485, startStation=shanghai, destStation=suzhou), Ticket(seatNo=478312199, startStation=shanghai, destStation=suzhou), Ticket(seatNo=141657437, startStation=shanghai, destStation=suzhou), Ticket(seatNo=1646294862, startStation=shanghai, destStation=suzhou), Ticket(seatNo=369778934, startStation=shanghai, destStation=suzhou), Ticket(seatNo=1311485713, startStation=shanghai, destStation=suzhou), Ticket(seatNo=1126367806, startStation=shanghai, destStation=suzhou), Ticket(seatNo=1554687036, startStation=shanghai, destStation=suzhou), Ticket(seatNo=566990115, startStation=shanghai, destStation=suzhou), Ticket(seatNo=1175494979, startStation=shanghai, destStation=suzhou), Ticket(seatNo=1541121627, startStation=shanghai, destStation=suzhou), Ticket(seatNo=1203609265, startStation=shanghai, destStation=suzhou), Ticket(seatNo=1921549183, startStation=shanghai, destStation=suzhou), Ticket(seatNo=1918183508, startStation=shanghai, destStation=suzhou), Ticket(seatNo=1598092512, startStation=shanghai, destStation=suzhou), Ticket(seatNo=1267647479, startStation=shanghai, destStation=suzhou), Ticket(seatNo=1640780669, startStation=shanghai, destStation=suzhou), Ticket(seatNo=407197519, startStation=shanghai, destStation=suzhou), Ticket(seatNo=1405122139, startStation=shanghai, destStation=suzhou), Ticket(seatNo=1008516158, startStation=shanghai, destStation=suzhou), Ticket(seatNo=773494342, startStation=shanghai, destStation=suzhou), Ticket(seatNo=1043628352, startStation=shanghai, destStation=suzhou), Ticket(seatNo=146007906, startStation=shanghai, destStation=suzhou), Ticket(seatNo=1530463700, startStation=shanghai, destStation=suzhou), Ticket(seatNo=1879301093, startStation=shanghai, destStation=suzhou), Ticket(seatNo=402964895, startStation=shanghai, destStation=suzhou), Ticket(seatNo=1796322721, startStation=shanghai, destStation=suzhou), Ticket(seatNo=1331075716, startStation=shanghai, destStation=suzhou), Ticket(seatNo=1240049243, startStation=shanghai, destStation=suzhou), Ticket(seatNo=590521180, startStation=shanghai, destStation=suzhou), Ticket(seatNo=1506651732, startStation=shanghai, destStation=suzhou), Ticket(seatNo=1873621396, startStation=shanghai, destStation=suzhou), Ticket(seatNo=2132514663, startStation=shanghai, destStation=suzhou), Ticket(seatNo=97126401, startStation=shanghai, destStation=suzhou), Ticket(seatNo=1143590204, startStation=shanghai, destStation=suzhou), Ticket(seatNo=1203471531, startStation=shanghai, destStation=suzhou), Ticket(seatNo=1081967951, startStation=shanghai, destStation=suzhou), Ticket(seatNo=1361949694, startStation=shanghai, destStation=suzhou), Ticket(seatNo=770819065, startStation=shanghai, destStation=suzhou), Ticket(seatNo=1734991119, startStation=shanghai, destStation=suzhou), Ticket(seatNo=1171302207, startStation=shanghai, destStation=suzhou), Ticket(seatNo=896926119, startStation=shanghai, destStation=suzhou), Ticket(seatNo=429977698, startStation=shanghai, destStation=suzhou), Ticket(seatNo=1700949544, startStation=shanghai, destStation=suzhou), Ticket(seatNo=1993109739, startStation=shanghai, destStation=suzhou), Ticket(seatNo=95888109, startStation=shanghai, destStation=suzhou), Ticket(seatNo=1754065861, startStation=shanghai, destStation=suzhou), Ticket(seatNo=154019644, startStation=shanghai, destStation=suzhou), Ticket(seatNo=524582401, startStation=shanghai, destStation=suzhou), Ticket(seatNo=1334753364, startStation=shanghai, destStation=suzhou), Ticket(seatNo=1986288796, startStation=shanghai, destStation=suzhou), Ticket(seatNo=554296196, startStation=shanghai, destStation=suzhou), Ticket(seatNo=633463036, startStation=shanghai, destStation=suzhou), Ticket(seatNo=436767015, startStation=shanghai, destStation=suzhou), Ticket(seatNo=1239327412, startStation=shanghai, destStation=suzhou), Ticket(seatNo=790314884, startStation=shanghai, destStation=suzhou), Ticket(seatNo=767880562, startStation=shanghai, destStation=suzhou), Ticket(seatNo=1882983382, startStation=shanghai, destStation=suzhou), Ticket(seatNo=1796077830, startStation=shanghai, destStation=suzhou), Ticket(seatNo=1256846996, startStation=shanghai, destStation=suzhou), Ticket(seatNo=388145690, startStation=shanghai, destStation=suzhou), Ticket(seatNo=1277071603, startStation=shanghai, destStation=suzhou), Ticket(seatNo=796991928, startStation=shanghai, destStation=suzhou), Ticket(seatNo=884504981, startStation=shanghai, destStation=suzhou), Ticket(seatNo=967371941, startStation=shanghai, destStation=suzhou), Ticket(seatNo=2003998246, startStation=shanghai, destStation=suzhou), Ticket(seatNo=255953355, startStation=shanghai, destStation=suzhou), Ticket(seatNo=939595525, startStation=shanghai, destStation=suzhou), Ticket(seatNo=1544334905, startStation=shanghai, destStation=suzhou), Ticket(seatNo=1102117997, startStation=shanghai, destStation=suzhou), Ticket(seatNo=1635610308, startStation=shanghai, destStation=suzhou), Ticket(seatNo=592648285, startStation=shanghai, destStation=suzhou), Ticket(seatNo=66104728, startStation=shanghai, destStation=suzhou), Ticket(seatNo=1613887154, startStation=shanghai, destStation=suzhou), Ticket(seatNo=1525464784, startStation=shanghai, destStation=suzhou), Ticket(seatNo=2133302187, startStation=shanghai, destStation=suzhou), Ticket(seatNo=6271054, startStation=shanghai, destStation=suzhou), Ticket(seatNo=2008071408, startStation=shanghai, destStation=suzhou), Ticket(seatNo=1652274605, startStation=shanghai, destStation=suzhou), Ticket(seatNo=277571395, startStation=shanghai, destStation=suzhou), Ticket(seatNo=1196333812, startStation=shanghai, destStation=suzhou), Ticket(seatNo=579526857, startStation=shanghai, destStation=suzhou), Ticket(seatNo=2105768386, startStation=shanghai, destStation=suzhou), Ticket(seatNo=373807162, startStation=shanghai, destStation=suzhou), Ticket(seatNo=653737940, startStation=shanghai, destStation=suzhou), Ticket(seatNo=1642434373, startStation=shanghai, destStation=suzhou), Ticket(seatNo=1488059796, startStation=shanghai, destStation=suzhou), Ticket(seatNo=1551628343, startStation=shanghai, destStation=suzhou), Ticket(seatNo=768843654, startStation=shanghai, destStation=suzhou), Ticket(seatNo=368572971, startStation=shanghai, destStation=suzhou), Ticket(seatNo=1880391439, startStation=shanghai, destStation=suzhou), Ticket(seatNo=820971079, startStation=shanghai, destStation=suzhou), Ticket(seatNo=1977222074, startStation=shanghai, destStation=suzhou), Ticket(seatNo=321239528, startStation=shanghai, destStation=suzhou), Ticket(seatNo=1431760116, startStation=shanghai, destStation=suzhou), Ticket(seatNo=1345938270, startStation=shanghai, destStation=suzhou), Ticket(seatNo=2007250301, startStation=shanghai, destStation=suzhou), Ticket(seatNo=57757292, startStation=shanghai, destStation=suzhou), Ticket(seatNo=2033777081, startStation=shanghai, destStation=suzhou), Ticket(seatNo=1685037576, startStation=shanghai, destStation=suzhou), Ticket(seatNo=1234414041, startStation=shanghai, destStation=suzhou), Ticket(seatNo=1188886554, startStation=shanghai, destStation=suzhou), Ticket(seatNo=1398540255, startStation=shanghai, destStation=suzhou), Ticket(seatNo=1505819981, startStation=shanghai, destStation=suzhou), Ticket(seatNo=610865531, startStation=shanghai, destStation=suzhou), Ticket(seatNo=885526982, startStation=shanghai, destStation=suzhou), Ticket(seatNo=1341903663, startStation=shanghai, destStation=suzhou), Ticket(seatNo=409751086, startStation=shanghai, destStation=suzhou), Ticket(seatNo=969849650, startStation=shanghai, destStation=suzhou), Ticket(seatNo=1181612285, startStation=shanghai, destStation=suzhou), Ticket(seatNo=580513787, startStation=shanghai, destStation=suzhou), Ticket(seatNo=1337517061, startStation=shanghai, destStation=suzhou), Ticket(seatNo=2106329292, startStation=shanghai, destStation=suzhou), Ticket(seatNo=1008735637, startStation=shanghai, destStation=suzhou), Ticket(seatNo=1983953833, startStation=shanghai, destStation=suzhou), Ticket(seatNo=629859133, startStation=shanghai, destStation=suzhou), Ticket(seatNo=1693615987, startStation=shanghai, destStation=suzhou), Ticket(seatNo=665929265, startStation=shanghai, destStation=suzhou), Ticket(seatNo=1625899717, startStation=shanghai, destStation=suzhou), Ticket(seatNo=691667494, startStation=shanghai, destStation=suzhou), Ticket(seatNo=716244515, startStation=shanghai, destStation=suzhou), Ticket(seatNo=146358183, startStation=shanghai, destStation=suzhou), Ticket(seatNo=494530580, startStation=shanghai, destStation=suzhou), Ticket(seatNo=1831095362, startStation=shanghai, destStation=suzhou), Ticket(seatNo=1775851249, startStation=shanghai, destStation=suzhou), Ticket(seatNo=1616593235, startStation=shanghai, destStation=suzhou), Ticket(seatNo=2070280767, startStation=shanghai, destStation=suzhou), Ticket(seatNo=1077203125, startStation=shanghai, destStation=suzhou), Ticket(seatNo=414945371, startStation=shanghai, destStation=suzhou), Ticket(seatNo=1399524661, startStation=shanghai, destStation=suzhou), Ticket(seatNo=1254215660, startStation=shanghai, destStation=suzhou), Ticket(seatNo=1008619349, startStation=shanghai, destStation=suzhou), Ticket(seatNo=748345910, startStation=shanghai, destStation=suzhou), Ticket(seatNo=1518146377, startStation=shanghai, destStation=suzhou), Ticket(seatNo=1775631158, startStation=shanghai, destStation=suzhou), Ticket(seatNo=209526615, startStation=shanghai, destStation=suzhou), Ticket(seatNo=329736953, startStation=shanghai, destStation=suzhou), Ticket(seatNo=1720990615, startStation=shanghai, destStation=suzhou), Ticket(seatNo=161055820, startStation=shanghai, destStation=suzhou), Ticket(seatNo=251113415, startStation=shanghai, destStation=suzhou), Ticket(seatNo=1198421777, startStation=shanghai, destStation=suzhou), Ticket(seatNo=1759358576, startStation=shanghai, destStation=suzhou), Ticket(seatNo=877350021, startStation=shanghai, destStation=suzhou), Ticket(seatNo=1312038844, startStation=shanghai, destStation=suzhou), Ticket(seatNo=2029826895, startStation=shanghai, destStation=suzhou), Ticket(seatNo=423504501, startStation=shanghai, destStation=suzhou), Ticket(seatNo=1556416438, startStation=shanghai, destStation=suzhou), Ticket(seatNo=1301822896, startStation=shanghai, destStation=suzhou), Ticket(seatNo=1795669000, startStation=shanghai, destStation=suzhou), Ticket(seatNo=2109021591, startStation=shanghai, destStation=suzhou), Ticket(seatNo=1896961319, startStation=shanghai, destStation=suzhou), Ticket(seatNo=1501860739, startStation=shanghai, destStation=suzhou), Ticket(seatNo=670484785, startStation=shanghai, destStation=suzhou), Ticket(seatNo=605778711, startStation=shanghai, destStation=suzhou), Ticket(seatNo=647991026, startStation=shanghai, destStation=suzhou), Ticket(seatNo=1312209848, startStation=shanghai, destStation=suzhou), Ticket(seatNo=795533255, startStation=shanghai, destStation=suzhou), Ticket(seatNo=1727000194, startStation=shanghai, destStation=suzhou), Ticket(seatNo=1514781946, startStation=shanghai, destStation=suzhou), Ticket(seatNo=1528089102, startStation=shanghai, destStation=suzhou), Ticket(seatNo=1843632525, startStation=shanghai, destStation=suzhou), Ticket(seatNo=1789842840, startStation=shanghai, destStation=suzhou), Ticke"",""stream"":""stdout"",""time"":""2025-06-06T09:23:03.609722504Z""}"
2025-06-06T09:23:03.564163721Z,1674984183564163721,33.33.33.82,ts-seat-service-5c95b49cff-tdsdz,server,0472f5c8fe4b980ed6c1b447ff4d7ec5,de2f38f11065f33e,"{""log"":""17:23:03.563 INFO  s.s.SeatServiceImpl#139 TraceID: 0472f5c8fe4b980ed6c1b447ff4d7ec5 SpanID: de2f38f11065f33e [getLeftTicketOfInterval][TrainNumber start with G|D][trainNumber:D1345]\n"",""stream"":""stdout"",""time"":""2025-06-06T09:23:03.564163721Z""}"
2025-06-06T09:23:03.563854644Z,1674984183563854644,33.33.33.82,ts-seat-service-5c95b49cff-tdsdz,server,0472f5c8fe4b980ed6c1b447ff4d7ec5,de2f38f11065f33e,"{""log"":""17:23:03.563 INFO  s.s.SeatServiceImpl#137 TraceID: 0472f5c8fe4b980ed6c1b447ff4d7ec5 SpanID: de2f38f11065f33e [getLeftTicketOfInterval][Seat request][request:Seat(travelDate=2023-01-29, trainNumber=D1345, startStation=shanghai, destStation=suzhou, seatType=3, totalNum=2147483647, stations=[shanghai, suzhou])]\n"",""stream"":""stdout"",""time"":""2025-06-06T09:23:03.563854644Z""}"
2025-06-06T09:23:03.56352167Z,1674984183563521670,33.33.33.82,ts-seat-service-5c95b49cff-tdsdz,server,0472f5c8fe4b980ed6c1b447ff4d7ec5,de2f38f11065f33e,"{""log"":""17:23:03.562 INFO  s.c.SeatController#57 TraceID: 0472f5c8fe4b980ed6c1b447ff4d7ec5 SpanID: de2f38f11065f33e [getLeftTicketOfInterval][Get left ticket of interval][TravelDate: 2023-01-29,TrainNumber: D1345,SeatType: 3]\n"",""stream"":""stdout"",""time"":""2025-06-06T09:23:03.56352167Z""}"
2025-06-06T09:23:03.558673722Z,1674984183558673722,33.33.33.82,ts-seat-service-5c95b49cff-tdsdz,server,0472f5c8fe4b980ed6c1b447ff4d7ec5,d9efd00bdf6b7144,"{""log"":""17:23:03.557 INFO  s.s.SeatServiceImpl#217 TraceID: 0472f5c8fe4b980ed6c1b447ff4d7ec5 SpanID: d9efd00bdf6b7144 [getDirectProportion][Configs is : Config(name=DirectTicketAllocationProportion, value=0.5, description=Allocation Proportion Of The Direct Ticket - From Start To End)]\n"",""stream"":""stdout"",""time"":""2025-06-06T09:23:03.558673722Z""}"
2025-06-06T09:22:18.802912616Z,1674984138802912616,33.33.33.155,ts-order-other-service-6cdbf9b4cc-h7mqk,server,b901ac8dcc4eb08f87906efa102e6209,a01d44f3f2cf18eb,"{""log"":""17:22:18.802 INFO  o.s.OrderOtherServiceImpl#67 TraceID: b901ac8dcc4eb08f87906efa102e6209 SpanID: a01d44f3f2cf18eb [getSoldTickets][Left ticket info][info is: LeftTicketInfo{soldTickets=[Ticket(seatNo=388817927, startStation=shanghai, destStation=nanjing), Ticket(seatNo=512319188, startStation=shanghai, destStation=nanjing), Ticket(seatNo=650950163, startStation=shanghai, destStation=nanjing), Ticket(seatNo=681456978, startStation=shanghai, destStation=nanjing), Ticket(seatNo=1278422345, startStation=shanghai, destStation=nanjing), Ticket(seatNo=113640569, startStation=shanghai, destStation=nanjing), Ticket(seatNo=1706091788, startStation=shanghai, destStation=nanjing), Ticket(seatNo=719931591, startStation=shanghai, destStation=nanjing), Ticket(seatNo=324348558, startStation=shanghai, destStation=nanjing), Ticket(seatNo=437134557, startStation=shanghai, destStation=nanjing), Ticket(seatNo=1180305654, startStation=shanghai, destStation=nanjing), Ticket(seatNo=218664224, startStation=shanghai, destStation=nanjing), Ticket(seatNo=1531256885, startStation=shanghai, destStation=nanjing), Ticket(seatNo=282865016, startStation=shanghai, destStation=nanjing), Ticket(seatNo=290573193, startStation=shanghai, destStation=nanjing), Ticket(seatNo=2091646075, startStation=shanghai, destStation=nanjing), Ticket(seatNo=1529246592, startStation=shanghai, destStation=nanjing), Ticket(seatNo=518358183, startStation=shanghai, destStation=nanjing), Ticket(seatNo=1578574107, startStation=shanghai, destStation=nanjing), Ticket(seatNo=864103707, startStation=shanghai, destStation=nanjing), Ticket(seatNo=1101722819, startStation=shanghai, destStation=nanjing), Ticket(seatNo=1110043211, startStation=shanghai, destStation=nanjing), Ticket(seatNo=2115304579, startStation=shanghai, destStation=nanjing), Ticket(seatNo=517895253, startStation=shanghai, destStation=nanjing), Ticket(seatNo=112374996, startStation=shanghai, destStation=nanjing), Ticket(seatNo=1222554072, startStation=shanghai, destStation=nanjing), Ticket(seatNo=1445221655, startStation=shanghai, destStation=nanjing), Ticket(seatNo=55335899, startStation=shanghai, destStation=nanjing), Ticket(seatNo=1402723531, startStation=shanghai, destStation=nanjing), Ticket(seatNo=520072209, startStation=shanghai, destStation=nanjing), Ticket(seatNo=1063924165, startStation=shanghai, destStation=nanjing), Ticket(seatNo=828062078, startStation=shanghai, destStation=nanjing), Ticket(seatNo=364950093, startStation=shanghai, destStation=nanjing), Ticket(seatNo=1605189805, startStation=shanghai, destStation=nanjing), Ticket(seatNo=182083286, startStation=shanghai, destStation=nanjing), Ticket(seatNo=1956808479, startStation=shanghai, destStation=nanjing), Ticket(seatNo=1479771875, startStation=shanghai, destStation=nanjing), Ticket(seatNo=1340473816, startStation=shanghai, destStation=nanjing), Ticket(seatNo=2058528320, startStation=shanghai, destStation=nanjing), Ticket(seatNo=1862239339, startStation=shanghai, destStation=nanjing), Ticket(seatNo=756196424, startStation=shanghai, destStation=nanjing), Ticket(seatNo=1554210637, startStation=shanghai, destStation=nanjing), Ticket(seatNo=2131607583, startStation=shanghai, destStation=nanjing), Ticket(seatNo=1114945650, startStation=shanghai, destStation=nanjing), Ticket(seatNo=978840618, startStation=shanghai, destStation=nanjing), Ticket(seatNo=1696192204, startStation=shanghai, destStation=nanjing), Ticket(seatNo=159217444, startStation=shanghai, destStation=nanjing), Ticket(seatNo=1472397446, startStation=shanghai, destStation=nanjing), Ticket(seatNo=863762562, startStation=shanghai, destStation=nanjing), Ticket(seatNo=762240728, startStation=shanghai, destStation=nanjing), Ticket(seatNo=733090960, startStation=shanghai, destStation=nanjing), Ticket(seatNo=1385200790, startStation=shanghai, destStation=nanjing), Ticket(seatNo=1483334408, startStation=shanghai, destStation=nanjing), Ticket(seatNo=1230952670, startStation=shanghai, destStation=nanjing), Ticket(seatNo=1760486203, startStation=shanghai, destStation=nanjing), Ticket(seatNo=1631472666, startStation=shanghai, destStation=nanjing), Ticket(seatNo=882144838, startStation=shanghai, destStation=nanjing), Ticket(seatNo=210246843, startStation=shanghai, destStation=nanjing), Ticket(seatNo=427259238, startStation=shanghai, destStation=nanjing), Ticket(seatNo=1232572404, startStation=shanghai, destStation=nanjing), Ticket(seatNo=1304478712, startStation=shanghai, destStation=nanjing), Ticket(seatNo=2016232602, startStation=shanghai, destStation=nanjing), Ticket(seatNo=76670888, startStation=shanghai, destStation=nanjing), Ticket(seatNo=1754550335, startStation=shanghai, destStation=nanjing), Ticket(seatNo=1491838595, startStation=shanghai, destStation=nanjing), Ticket(seatNo=1330605393, startStation=shanghai, destStation=nanjing), Ticket(seatNo=226825480, startStation=shanghai, destStation=nanjing), Ticket(seatNo=1787175945, startStation=shanghai, destStation=nanjing), Ticket(seatNo=590443336, startStation=shanghai, destStation=nanjing), Ticket(seatNo=427944411, startStation=shanghai, destStation=nanjing), Ticket(seatNo=1638437656, startStation=shanghai, destStation=nanjing), Ticket(seatNo=1361381257, startStation=shanghai, destStation=nanjing), Ticket(seatNo=1482512162, startStation=shanghai, destStation=nanjing), Ticket(seatNo=400526011, startStation=shanghai, destStation=nanjing), Ticket(seatNo=1749342441, startStation=shanghai, destStation=nanjing), Ticket(seatNo=2117918027, startStation=shanghai, destStation=nanjing), Ticket(seatNo=654927142, startStation=shanghai, destStation=nanjing), Ticket(seatNo=1977897455, startStation=shanghai, destStation=nanjing), Ticket(seatNo=641977830, startStation=shanghai, destStation=nanjing), Ticket(seatNo=1021188806, startStation=shanghai, destStation=nanjing), Ticket(seatNo=1445935016, startStation=shanghai, destStation=nanjing), Ticket(seatNo=830548221, startStation=shanghai, destStation=nanjing), Ticket(seatNo=1655441840, startStation=shanghai, destStation=nanjing), Ticket(seatNo=678340688, startStation=shanghai, destStation=nanjing), Ticket(seatNo=1682320147, startStation=shanghai, destStation=nanjing), Ticket(seatNo=1195341149, startStation=shanghai, destStation=nanjing), Ticket(seatNo=973914808, startStation=shanghai, destStation=nanjing), Ticket(seatNo=1217764195, startStation=shanghai, destStation=nanjing), Ticket(seatNo=837692558, startStation=shanghai, destStation=nanjing), Ticket(seatNo=1203709814, startStation=shanghai, destStation=nanjing), Ticket(seatNo=984361044, startStation=shanghai, destStation=nanjing), Ticket(seatNo=675974723, startStation=shanghai, destStation=nanjing), Ticket(seatNo=1490992938, startStation=shanghai, destStation=nanjing), Ticket(seatNo=1201160931, startStation=shanghai, destStation=nanjing), Ticket(seatNo=1435884154, startStation=shanghai, destStation=nanjing), Ticket(seatNo=1297551695, startStation=shanghai, destStation=nanjing), Ticket(seatNo=1664074534, startStation=shanghai, destStation=nanjing), Ticket(seatNo=1921728155, startStation=shanghai, destStation=nanjing), Ticket(seatNo=1137714160, startStation=shanghai, destStation=nanjing), Ticket(seatNo=1988971469, startStation=shanghai, destStation=nanjing), Ticket(seatNo=1018160513, startStation=shanghai, destStation=nanjing), Ticket(seatNo=1550917166, startStation=shanghai, destStation=nanjing), Ticket(seatNo=1894695695, startStation=shanghai, destStation=nanjing), Ticket(seatNo=784843623, startStation=shanghai, destStation=nanjing), Ticket(seatNo=1932732784, startStation=shanghai, destStation=nanjing), Ticket(seatNo=1565956437, startStation=shanghai, destStation=nanjing), Ticket(seatNo=249855326, startStation=shanghai, destStation=nanjing), Ticket(seatNo=77833908, startStation=shanghai, destStation=nanjing), Ticket(seatNo=64395763, startStation=shanghai, destStation=nanjing), Ticket(seatNo=781572303, startStation=shanghai, destStation=nanjing), Ticket(seatNo=1060217224, startStation=shanghai, destStation=nanjing), Ticket(seatNo=210817532, startStation=shanghai, destStation=nanjing), Ticket(seatNo=1587135411, startStation=shanghai, destStation=nanjing), Ticket(seatNo=862437816, startStation=shanghai, destStation=nanjing), Ticket(seatNo=348991760, startStation=shanghai, destStation=nanjing), Ticket(seatNo=1479280287, startStation=shanghai, destStation=nanjing), Ticket(seatNo=349038530, startStation=shanghai, destStation=nanjing), Ticket(seatNo=90480773, startStation=shanghai, destStation=nanjing), Ticket(seatNo=1465059263, startStation=shanghai, destStation=nanjing), Ticket(seatNo=1498460243, startStation=shanghai, destStation=nanjing), Ticket(seatNo=671507041, startStation=shanghai, destStation=nanjing), Ticket(seatNo=965174800, startStation=shanghai, destStation=nanjing), Ticket(seatNo=1841324996, startStation=shanghai, destStation=nanjing), Ticket(seatNo=1248601454, startStation=shanghai, destStation=nanjing), Ticket(seatNo=1901083814, startStation=shanghai, destStation=nanjing), Ticket(seatNo=2077341681, startStation=shanghai, destStation=nanjing), Ticket(seatNo=1207577891, startStation=shanghai, destStation=nanjing), Ticket(seatNo=1454446323, startStation=shanghai, destStation=nanjing), Ticket(seatNo=234766556, startStation=shanghai, destStation=nanjing), Ticket(seatNo=1726109987, startStation=shanghai, destStation=nanjing), Ticket(seatNo=317002893, startStation=shanghai, destStation=nanjing), Ticket(seatNo=1499460332, startStation=shanghai, destStation=nanjing), Ticket(seatNo=267587626, startStation=shanghai, destStation=nanjing), Ticket(seatNo=747527520, startStation=shanghai, destStation=nanjing), Ticket(seatNo=207584255, startStation=shanghai, destStation=nanjing), Ticket(seatNo=636497848, startStation=shanghai, destStation=nanjing), Ticket(seatNo=134621623, startStation=shanghai, destStation=nanjing), Ticket(seatNo=1143973252, startStation=shanghai, destStation=nanjing), Ticket(seatNo=1285506393, startStation=shanghai, destStation=nanjing), Ticket(seatNo=1318597280, startStation=shanghai, destStation=nanjing), Ticket(seatNo=2109276771, startStation=shanghai, destStation=nanjing), Ticket(seatNo=746347294, startStation=shanghai, destStation=nanjing), Ticket(seatNo=1636266694, startStation=shanghai, destStation=nanjing), Ticket(seatNo=538009141, startStation=shanghai, destStation=nanjing), Ticket(seatNo=1944586976, startStation=shanghai, destStation=nanjing), Ticket(seatNo=1320680614, startStation=shanghai, destStation=nanjing), Ticket(seatNo=142490066, startStation=shanghai, destStation=nanjing), Ticket(seatNo=252466715, startStation=shanghai, destStation=nanjing), Ticket(seatNo=1806446874, startStation=shanghai, destStation=nanjing), Ticket(seatNo=1743761737, startStation=shanghai, destStation=nanjing), Ticket(seatNo=610439616, startStation=shanghai, destStation=nanjing), Ticket(seatNo=76166607, startStation=shanghai, destStation=nanjing), Ticket(seatNo=1265135696, startStation=shanghai, destStation=nanjing), Ticket(seatNo=1177274309, startStation=shanghai, destStation=nanjing), Ticket(seatNo=746628462, startStation=shanghai, destStation=nanjing), Ticket(seatNo=573722729, startStation=shanghai, destStation=nanjing), Ticket(seatNo=940056408, startStation=shanghai, destStation=nanjing), Ticket(seatNo=202317050, startStation=shanghai, destStation=nanjing), Ticket(seatNo=221602851, startStation=shanghai, destStation=nanjing), Ticket(seatNo=1431476535, startStation=shanghai, destStation=nanjing), Ticket(seatNo=606888208, startStation=shanghai, destStation=nanjing), Ticket(seatNo=813377677, startStation=shanghai, destStation=nanjing), Ticket(seatNo=1592122745, startStation=shanghai, destStation=nanjing), Ticket(seatNo=2128153780, startStation=shanghai, destStation=nanjing), Ticket(seatNo=568784077, startStation=shanghai, destStation=nanjing), Ticket(seatNo=990332202, startStation=shanghai, destStation=nanjing), Ticket(seatNo=1969469614, startStation=shanghai, destStation=nanjing), Ticket(seatNo=1456285444, startStation=shanghai, destStation=nanjing), Ticket(seatNo=1785859166, startStation=shanghai, destStation=nanjing)]}]\n"",""stream"":""stdout"",""time"":""2025-06-06T09:22:18.802912616Z""}"
2025-06-06T09:22:18.798538061Z,1674984138798538061,33.33.33.155,ts-order-other-service-6cdbf9b4cc-h7mqk,server,b901ac8dcc4eb08f87906efa102e6209,a01d44f3f2cf18eb,"{""log"":""17:22:18.798 INFO  o.c.OrderOtherController#42 TraceID: b901ac8dcc4eb08f87906efa102e6209 SpanID: a01d44f3f2cf18eb [getSoldTickets][Get Sold Ticket][Travel Date: 2023-01-29]\n"",""stream"":""stdout"",""time"":""2025-06-06T09:22:18.798538061Z""}"
2025-06-06T09:22:18.714482932Z,1674984138714482932,33.33.33.155,ts-order-other-service-6cdbf9b4cc-h7mqk,server,b901ac8dcc4eb08f87906efa102e6209,02016ff6fd09b704,"{""log"":""17:22:18.714 INFO  o.c.OrderOtherController#118 TraceID: b901ac8dcc4eb08f87906efa102e6209 SpanID: 02016ff6fd09b704 [checkSecurityAboutOrder][Security Info Get][CheckDate:Sun Jan 29 17:22:18 CST 2023 , AccountId:4d2a46c7-71cb-4cf1-b5bb-b68406d9da6f]\n"",""stream"":""stdout"",""time"":""2025-06-06T09:22:18.714482932Z""}"
2025-06-06T09:22:18.737829735Z,1674984138737829735,33.33.33.79,ts-contacts-service-866bd68c97-xcqfx,server,b901ac8dcc4eb08f87906efa102e6209,1ddbfb35508fe5f7,"{""log"":""17:22:18.737 INFO  c.s.ContactsServiceImpl#34 TraceID: b901ac8dcc4eb08f87906efa102e6209 SpanID: 1ddbfb35508fe5f7 [findContactsById][contactsRepository.findById][Find contacts]\n"",""stream"":""stdout"",""time"":""2025-06-06T09:22:18.737829735Z""}"
2025-06-06T09:22:18.731660031Z,1674984138731660031,33.33.33.79,ts-contacts-service-866bd68c97-xcqfx,server,b901ac8dcc4eb08f87906efa102e6209,1ddbfb35508fe5f7,"{""log"":""17:22:18.731 INFO  c.s.ContactsServiceImpl#31 TraceID: b901ac8dcc4eb08f87906efa102e6209 SpanID: 1ddbfb35508fe5f7 FIND CONTACTS BY ID: 415d1665-fbb2-4ec9-83f5-5ebe51dc1825\n"",""stream"":""stdout"",""time"":""2025-06-06T09:22:18.731660031Z""}"
2025-06-06T09:22:18.731302334Z,1674984138731302334,33.33.33.79,ts-contacts-service-866bd68c97-xcqfx,server,b901ac8dcc4eb08f87906efa102e6209,1ddbfb35508fe5f7,"{""log"":""17:22:18.730 INFO  c.c.ContactsController#84 TraceID: b901ac8dcc4eb08f87906efa102e6209 SpanID: 1ddbfb35508fe5f7 [ContactsService][VerifyLogin Success]\n"",""stream"":""stdout"",""time"":""2025-06-06T09:22:18.731302334Z""}"
2025-06-06T09:22:18.731002596Z,1674984138731002596,33.33.33.79,ts-contacts-service-866bd68c97-xcqfx,server,b901ac8dcc4eb08f87906efa102e6209,1ddbfb35508fe5f7,"{""log"":""17:22:18.730 INFO  c.c.ContactsController#83 TraceID: b901ac8dcc4eb08f87906efa102e6209 SpanID: 1ddbfb35508fe5f7 [ContactsService][Contacts Id Print][id: 415d1665-fbb2-4ec9-83f5-5ebe51dc1825]\n"",""stream"":""stdout"",""time"":""2025-06-06T09:22:18.731002596Z""}"
2025-06-06T09:22:18.882550111Z,1674984138882550111,33.33.33.115,ts-config-service-5fcd447d84-wxwjd,server,b901ac8dcc4eb08f87906efa102e6209,a7e8011e21b993b8,"{""log"":""17:22:18.882 INFO  c.s.ConfigServiceImpl#65 TraceID: b901ac8dcc4eb08f87906efa102e6209 SpanID: a7e8011e21b993b8 [query][Query config success][config name: DirectTicketAllocationProportion]\n"",""stream"":""stdout"",""time"":""2025-06-06T09:22:18.882550111Z""}"
2025-06-06T09:22:18.881664133Z,1674984138881664133,33.33.33.115,ts-config-service-5fcd447d84-wxwjd,server,b901ac8dcc4eb08f87906efa102e6209,a7e8011e21b993b8,"{""log"":""17:22:18.881 INFO  c.c.ConfigController#67 TraceID: b901ac8dcc4eb08f87906efa102e6209 SpanID: a7e8011e21b993b8 [retrieve][Retrieve config][configName: DirectTicketAllocationProportion]\n"",""stream"":""stdout"",""time"":""2025-06-06T09:22:18.881664133Z""}"
2025-06-06T09:22:18.829756305Z,1674984138829756305,33.33.33.115,ts-config-service-5fcd447d84-wxwjd,server,b901ac8dcc4eb08f87906efa102e6209,c64bd19ea6bf0b7e,"{""log"":""17:22:18.829 INFO  c.s.ConfigServiceImpl#65 TraceID: b901ac8dcc4eb08f87906efa102e6209 SpanID: c64bd19ea6bf0b7e [query][Query config success][config name: DirectTicketAllocationProportion]\n"",""stream"":""stdout"",""time"":""2025-06-06T09:22:18.829756305Z""}"
2025-06-06T09:22:18.828810745Z,1674984138828810745,33.33.33.115,ts-config-service-5fcd447d84-wxwjd,server,b901ac8dcc4eb08f87906efa102e6209,c64bd19ea6bf0b7e,"{""log"":""17:22:18.828 INFO  c.c.ConfigController#67 TraceID: b901ac8dcc4eb08f87906efa102e6209 SpanID: c64bd19ea6bf0b7e [retrieve][Retrieve config][configName: DirectTicketAllocationProportion]\n"",""stream"":""stdout"",""time"":""2025-06-06T09:22:18.828810745Z""}"
2025-06-06T09:22:18.940632896Z,1674984138940632896,33.33.33.76,ts-basic-service-5dc8d4f9fd-46997,server,b901ac8dcc4eb08f87906efa102e6209,1d76927162f1ac53,"{""log"":""17:22:18.940 INFO  f.m.s.BasicServiceImpl#119 TraceID: b901ac8dcc4eb08f87906efa102e6209 SpanID: 1d76927162f1ac53 [queryForTravel][all done][result: TravelResult(status=true, percent=1.0, trainType=TrainType(id=e24bb484-516a-4aad-b37f-517e7139e913, name=ZhiDa, economyClass=2147483647, confortClass=2147483647, averageSpeed=120), route=Route(id=0b23bd3e-876a-4af3-b920-c50a90c90b04, stations=[shanghai, nanjing, shijiazhuang, taiyuan], distances=[0, 350, 1000, 1300], startStation=shanghai, endStation=taiyuan), prices={confortClass=350.0, economyClass=122.49999999999999})]\n"",""stream"":""stdout"",""time"":""2025-06-06T09:22:18.940632896Z""}"
2025-06-06T09:22:18.940480625Z,1674984138940480625,33.33.33.76,ts-basic-service-5dc8d4f9fd-46997,server,b901ac8dcc4eb08f87906efa102e6209,1d76927162f1ac53,"{""log"":""17:22:18.940 INFO  f.m.s.BasicServiceImpl#100 TraceID: b901ac8dcc4eb08f87906efa102e6209 SpanID: 1d76927162f1ac53 [queryForTravel][calculate price]\n"",""stream"":""stdout"",""time"":""2025-06-06T09:22:18.940480625Z""}"
2025-06-06T09:22:18.94022693Z,1674984138940226930,33.33.33.76,ts-basic-service-5dc8d4f9fd-46997,server,b901ac8dcc4eb08f87906efa102e6209,1d76927162f1ac53,"{""log"":""17:22:18.939 INFO  f.m.s.BasicServiceImpl#454 TraceID: b901ac8dcc4eb08f87906efa102e6209 SpanID: 1d76927162f1ac53 [queryPriceConfigByRouteIdAndTrainType][Response Resutl to String][result: Response(status=1, msg=Success, data={id=b90a6ad7-ffad-4624-9655-48e9e185fa6c, trainType=ZhiDa, routeId=0b23bd3e-876a-4af3-b920-c50a90c90b04, basicPriceRate=0.35, firstClassPriceRate=1.0})]\n"",""stream"":""stdout"",""time"":""2025-06-06T09:22:18.94022693Z""}"
2025-06-06T09:22:18.933072138Z,1674984138933072138,33.33.33.76,ts-basic-service-5dc8d4f9fd-46997,server,b901ac8dcc4eb08f87906efa102e6209,1d76927162f1ac53,"{""log"":""17:22:18.932 INFO  f.m.s.BasicServiceImpl#444 TraceID: b901ac8dcc4eb08f87906efa102e6209 SpanID: 1d76927162f1ac53 [queryPriceConfigByRouteIdAndTrainType][Query For Price Config][RouteId: 0b23bd3e-876a-4af3-b920-c50a90c90b04 ,TrainType: ZhiDa]\n"",""stream"":""stdout"",""time"":""2025-06-06T09:22:18.933072138Z""}"
2025-06-06T09:22:18.932943759Z,1674984138932943759,33.33.33.76,ts-basic-service-5dc8d4f9fd-46997,server,b901ac8dcc4eb08f87906efa102e6209,1d76927162f1ac53,"{""log"":""17:22:18.932 INFO  f.m.s.BasicServiceImpl#90 TraceID: b901ac8dcc4eb08f87906efa102e6209 SpanID: 1d76927162f1ac53 [queryForTravel][query stations and distances][stations: [shanghai, nanjing, shijiazhuang, taiyuan] distances: [0, 350, 1000, 1300]]\n"",""stream"":""stdout"",""time"":""2025-06-06T09:22:18.932943759Z""}"
2025-06-06T09:22:18.932809389Z,1674984138932809389,33.33.33.76,ts-basic-service-5dc8d4f9fd-46997,server,b901ac8dcc4eb08f87906efa102e6209,1d76927162f1ac53,"{""log"":""17:22:18.932 INFO  f.m.s.BasicServiceImpl#89 TraceID: b901ac8dcc4eb08f87906efa102e6209 SpanID: 1d76927162f1ac53 [queryForTravel][query start index and end index][indexStart: 0 indexEnd: 1]\n"",""stream"":""stdout"",""time"":""2025-06-06T09:22:18.932809389Z""}"
2025-06-06T09:22:18.932298972Z,1674984138932298972,33.33.33.76,ts-basic-service-5dc8d4f9fd-46997,server,b901ac8dcc4eb08f87906efa102e6209,1d76927162f1ac53,"{""log"":""17:22:18.931 INFO  f.m.s.BasicServiceImpl#438 TraceID: b901ac8dcc4eb08f87906efa102e6209 SpanID: 1d76927162f1ac53 [getRouteByRouteId][Get Route By Id][Success]\n"",""stream"":""stdout"",""time"":""2025-06-06T09:22:18.932298972Z""}"
2025-06-06T09:22:18.917027186Z,1674984138917027186,33.33.33.76,ts-basic-service-5dc8d4f9fd-46997,server,b901ac8dcc4eb08f87906efa102e6209,1d76927162f1ac53,"{""log"":""17:22:18.916 INFO  f.m.s.BasicServiceImpl#425 TraceID: b901ac8dcc4eb08f87906efa102e6209 SpanID: 1d76927162f1ac53 [getRouteByRouteId][Get Route By Id][Route ID: 0b23bd3e-876a-4af3-b920-c50a90c90b04]\n"",""stream"":""stdout"",""time"":""2025-06-06T09:22:18.917027186Z""}"
2025-06-06T09:22:18.910306274Z,1674984138910306274,33.33.33.76,ts-basic-service-5dc8d4f9fd-46997,server,b901ac8dcc4eb08f87906efa102e6209,1d76927162f1ac53,"{""log"":""17:22:18.909 INFO  f.m.s.BasicServiceImpl#391 TraceID: b901ac8dcc4eb08f87906efa102e6209 SpanID: 1d76927162f1ac53 [queryTrainTypeByName][Query Train Type][Train Type name: ZhiDa]\n"",""stream"":""stdout"",""time"":""2025-06-06T09:22:18.910306274Z""}"
2025-06-06T09:22:18.905084088Z,1674984138905084088,33.33.33.76,ts-basic-service-5dc8d4f9fd-46997,server,b901ac8dcc4eb08f87906efa102e6209,1d76927162f1ac53,"{""log"":""17:22:18.904 INFO  f.m.s.BasicServiceImpl#360 TraceID: b901ac8dcc4eb08f87906efa102e6209 SpanID: 1d76927162f1ac53 [checkStationExists][Check Station Exists][stationName: nanjing]\n"",""stream"":""stdout"",""time"":""2025-06-06T09:22:18.905084088Z""}"
2025-06-06T09:22:18.896295242Z,1674984138896295242,33.33.33.76,ts-basic-service-5dc8d4f9fd-46997,server,b901ac8dcc4eb08f87906efa102e6209,1d76927162f1ac53,"{""log"":""17:22:18.896 INFO  f.m.s.BasicServiceImpl#360 TraceID: b901ac8dcc4eb08f87906efa102e6209 SpanID: 1d76927162f1ac53 [checkStationExists][Check Station Exists][stationName: shanghai]\n"",""stream"":""stdout"",""time"":""2025-06-06T09:22:18.896295242Z""}"
2025-06-06T09:22:18.896220878Z,1674984138896220878,33.33.33.76,ts-basic-service-5dc8d4f9fd-46997,server,b901ac8dcc4eb08f87906efa102e6209,1d76927162f1ac53,"{""log"":""17:22:18.895 INFO  f.m.c.BasicController#38 TraceID: b901ac8dcc4eb08f87906efa102e6209 SpanID: 1d76927162f1ac53 [queryForTravel][Query for travel][Travel: Travel(trip=Trip(id=8a533bf9-bd12-4608-a8eb-606890982448, tripId=Z1234, trainTypeName=ZhiDa, routeId=0b23bd3e-876a-4af3-b920-c50a90c90b04, startStationName=shanghai, stationsName=nanjing, terminalStationName=beijing, startTime=2013-05-04 09:51:52, endTime=2013-05-04 15:51:52), startPlace=shanghai, endPlace=nanjing, departureTime=2023-01-29 17:22:18)]\n"",""stream"":""stdout"",""time"":""2025-06-06T09:22:18.896220878Z""}"
2025-06-06T09:22:18.789311049Z,1674984138789311049,33.33.33.76,ts-basic-service-5dc8d4f9fd-46997,server,b901ac8dcc4eb08f87906efa102e6209,2890c38847e82f8c,"{""log"":""17:22:18.789 INFO  f.m.s.BasicServiceImpl#119 TraceID: b901ac8dcc4eb08f87906efa102e6209 SpanID: 2890c38847e82f8c [queryForTravel][all done][result: TravelResult(status=true, percent=1.0, trainType=TrainType(id=e24bb484-516a-4aad-b37f-517e7139e913, name=ZhiDa, economyClass=2147483647, confortClass=2147483647, averageSpeed=120), route=Route(id=0b23bd3e-876a-4af3-b920-c50a90c90b04, stations=[shanghai, nanjing, shijiazhuang, taiyuan], distances=[0, 350, 1000, 1300], startStation=shanghai, endStation=taiyuan), prices={confortClass=350.0, economyClass=122.49999999999999})]\n"",""stream"":""stdout"",""time"":""2025-06-06T09:22:18.789311049Z""}"
2025-06-06T09:22:18.789139905Z,1674984138789139905,33.33.33.76,ts-basic-service-5dc8d4f9fd-46997,server,b901ac8dcc4eb08f87906efa102e6209,2890c38847e82f8c,"{""log"":""17:22:18.788 INFO  f.m.s.BasicServiceImpl#100 TraceID: b901ac8dcc4eb08f87906efa102e6209 SpanID: 2890c38847e82f8c [queryForTravel][calculate price]\n"",""stream"":""stdout"",""time"":""2025-06-06T09:22:18.789139905Z""}"
2025-06-06T09:22:18.788849423Z,1674984138788849423,33.33.33.76,ts-basic-service-5dc8d4f9fd-46997,server,b901ac8dcc4eb08f87906efa102e6209,2890c38847e82f8c,"{""log"":""17:22:18.788 INFO  f.m.s.BasicServiceImpl#454 TraceID: b901ac8dcc4eb08f87906efa102e6209 SpanID: 2890c38847e82f8c [queryPriceConfigByRouteIdAndTrainType][Response Resutl to String][result: Response(status=1, msg=Success, data={id=b90a6ad7-ffad-4624-9655-48e9e185fa6c, trainType=ZhiDa, routeId=0b23bd3e-876a-4af3-b920-c50a90c90b04, basicPriceRate=0.35, firstClassPriceRate=1.0})]\n"",""stream"":""stdout"",""time"":""2025-06-06T09:22:18.788849423Z""}"
2025-06-06T09:22:18.781133771Z,1674984138781133771,33.33.33.76,ts-basic-service-5dc8d4f9fd-46997,server,b901ac8dcc4eb08f87906efa102e6209,2890c38847e82f8c,"{""log"":""17:22:18.780 INFO  f.m.s.BasicServiceImpl#444 TraceID: b901ac8dcc4eb08f87906efa102e6209 SpanID: 2890c38847e82f8c [queryPriceConfigByRouteIdAndTrainType][Query For Price Config][RouteId: 0b23bd3e-876a-4af3-b920-c50a90c90b04 ,TrainType: ZhiDa]\n"",""stream"":""stdout"",""time"":""2025-06-06T09:22:18.781133771Z""}"
2025-06-06T09:22:18.78098232Z,1674984138780982320,33.33.33.76,ts-basic-service-5dc8d4f9fd-46997,server,b901ac8dcc4eb08f87906efa102e6209,2890c38847e82f8c,"{""log"":""17:22:18.780 INFO  f.m.s.BasicServiceImpl#90 TraceID: b901ac8dcc4eb08f87906efa102e6209 SpanID: 2890c38847e82f8c [queryForTravel][query stations and distances][stations: [shanghai, nanjing, shijiazhuang, taiyuan] distances: [0, 350, 1000, 1300]]\n"",""stream"":""stdout"",""time"":""2025-06-06T09:22:18.78098232Z""}"
2025-06-06T09:22:18.780828347Z,1674984138780828347,33.33.33.76,ts-basic-service-5dc8d4f9fd-46997,server,b901ac8dcc4eb08f87906efa102e6209,2890c38847e82f8c,"{""log"":""17:22:18.780 INFO  f.m.s.BasicServiceImpl#89 TraceID: b901ac8dcc4eb08f87906efa102e6209 SpanID: 2890c38847e82f8c [queryForTravel][query start index and end index][indexStart: 0 indexEnd: 1]\n"",""stream"":""stdout"",""time"":""2025-06-06T09:22:18.780828347Z""}"
2025-06-06T09:22:18.780395425Z,1674984138780395425,33.33.33.76,ts-basic-service-5dc8d4f9fd-46997,server,b901ac8dcc4eb08f87906efa102e6209,2890c38847e82f8c,"{""log"":""17:22:18.780 INFO  f.m.s.BasicServiceImpl#438 TraceID: b901ac8dcc4eb08f87906efa102e6209 SpanID: 2890c38847e82f8c [getRouteByRouteId][Get Route By Id][Success]\n"",""stream"":""stdout"",""time"":""2025-06-06T09:22:18.780395425Z""}"
2025-06-06T09:23:03.55287958Z,1674984183552879580,33.33.33.82,ts-seat-service-5c95b49cff-tdsdz,server,0472f5c8fe4b980ed6c1b447ff4d7ec5,d9efd00bdf6b7144,"{""log"":""17:23:03.550 INFO  s.s.SeatServiceImpl#151 TraceID: 0472f5c8fe4b980ed6c1b447ff4d7ec5 SpanID: d9efd00bdf6b7144 [getLeftTicketOfInterval][Get Order tickets result][result is \u003c200,Response(status=1, msg=Success, data=LeftTicketInfo{soldTickets=[Ticket(seatNo=201009634, startStation=shanghai, destStation=suzhou), Ticket(seatNo=793856134, startStation=shanghai, destStation=suzhou), Ticket(seatNo=1460607244, startStation=shanghai, destStation=suzhou), Ticket(seatNo=1893506521, startStation=shanghai, destStation=suzhou), Ticket(seatNo=1380769004, startStation=shanghai, destStation=suzhou), Ticket(seatNo=603898922, startStation=shanghai, destStation=suzhou), Ticket(seatNo=2143932925, startStation=shanghai, destStation=suzhou), Ticket(seatNo=1561348498, startStation=shanghai, destStation=suzhou), Ticket(seatNo=886885033, startStation=shanghai, destStation=suzhou), Ticket(seatNo=422262624, startStation=shanghai, destStation=suzhou), Ticket(seatNo=361790838, startStation=shanghai, destStation=suzhou), Ticket(seatNo=266878641, startStation=shanghai, destStation=suzhou), Ticket(seatNo=1121266960, startStation=shanghai, destStation=suzhou), Ticket(seatNo=487102316, startStation=shanghai, destStation=suzhou), Ticket(seatNo=1374930393, startStation=shanghai, destStation=suzhou), Ticket(seatNo=1767519527, startStation=shanghai, destStation=suzhou), Ticket(seatNo=1803156456, startStation=shanghai, destStation=suzhou), Ticket(seatNo=313223057, startStation=shanghai, destStation=suzhou), Ticket(seatNo=1524529309, startStation=shanghai, destStation=suzhou), Ticket(seatNo=670312232, startStation=shanghai, destStation=suzhou), Ticket(seatNo=1946032193, startStation=shanghai, destStation=suzhou), Ticket(seatNo=828994518, startStation=shanghai, destStation=suzhou), Ticket(seatNo=1079442689, startStation=shanghai, destStation=suzhou), Ticket(seatNo=710165669, startStation=shanghai, destStation=suzhou), Ticket(seatNo=1012345336, startStation=shanghai, destStation=suzhou), Ticket(seatNo=44007696, startStation=shanghai, destStation=suzhou), Ticket(seatNo=2038743294, startStation=shanghai, destStation=suzhou), Ticket(seatNo=674075465, startStation=shanghai, destStation=suzhou), Ticket(seatNo=1337412878, startStation=shanghai, destStation=suzhou), Ticket(seatNo=1252360897, startStation=shanghai, destStation=suzhou), Ticket(seatNo=1084947215, startStation=shanghai, destStation=suzhou), Ticket(seatNo=349324291, startStation=shanghai, destStation=suzhou), Ticket(seatNo=612611721, startStation=shanghai, destStation=suzhou), Ticket(seatNo=1914907225, startStation=shanghai, destStation=suzhou), Ticket(seatNo=1033454023, startStation=shanghai, destStation=suzhou), Ticket(seatNo=146315145, startStation=shanghai, destStation=suzhou), Ticket(seatNo=507669879, startStation=shanghai, destStation=suzhou), Ticket(seatNo=1114532875, startStation=shanghai, destStation=suzhou), Ticket(seatNo=2047347471, startStation=shanghai, destStation=suzhou), Ticket(seatNo=2112226830, startStation=shanghai, destStation=suzhou), Ticket(seatNo=471687199, startStation=shanghai, destStation=suzhou), Ticket(seatNo=891385160, startStation=shanghai, destStation=suzhou), Ticket(seatNo=52112621, startStation=shanghai, destStation=suzhou), Ticket(seatNo=843566710, startStation=shanghai, destStation=suzhou), Ticket(seatNo=668440018, startStation=shanghai, destStation=suzhou), Ticket(seatNo=1886885132, startStation=shanghai, destStation=suzhou), Ticket(seatNo=1927170957, startStation=shanghai, destStation=suzhou), Ticket(seatNo=1085229400, startStation=shanghai, destStation=suzhou), Ticket(seatNo=707425904, startStation=shanghai, destStation=suzhou), Ticket(seatNo=464947381, startStation=shanghai, destStation=suzhou), Ticket(seatNo=862409196, startStation=shanghai, destStation=suzhou), Ticket(seatNo=1527980233, startStation=shanghai, destStation=suzhou), Ticket(seatNo=1194070081, startStation=shanghai, destStation=suzhou), Ticket(seatNo=698985417, startStation=shanghai, destStation=suzhou), Ticket(seatNo=1434255230, startStation=shanghai, destStation=suzhou), Ticket(seatNo=107342144, startStation=shanghai, destStation=suzhou), Ticket(seatNo=1346447524, startStation=shanghai, destStation=suzhou), Ticket(seatNo=1609976732, startStation=shanghai, destStation=suzhou), Ticket(seatNo=1625975337, startStation=shanghai, destStation=suzhou), Ticket(seatNo=730221217, startStation=shanghai, destStation=suzhou), Ticket(seatNo=1452994271, startStation=shanghai, destStation=suzhou), Ticket(seatNo=2082261134, startStation=shanghai, destStation=suzhou), Ticket(seatNo=1034161263, startStation=shanghai, destStation=suzhou), Ticket(seatNo=1433770610, startStation=shanghai, destStation=suzhou), Ticket(seatNo=1944406239, startStation=shanghai, destStation=suzhou), Ticket(seatNo=806364822, startStation=shanghai, destStation=suzhou), Ticket(seatNo=1474417815, startStation=shanghai, destStation=suzhou), Ticket(seatNo=344808965, startStation=shanghai, destStation=suzhou), Ticket(seatNo=1460046435, startStation=shanghai, destStation=suzhou), Ticket(seatNo=1833738100, startStation=shanghai, destStation=suzhou), Ticket(seatNo=54121485, startStation=shanghai, destStation=suzhou), Ticket(seatNo=478312199, startStation=shanghai, destStation=suzhou), Ticket(seatNo=141657437, startStation=shanghai, destStation=suzhou), Ticket(seatNo=1646294862, startStation=shanghai, destStation=suzhou), Ticket(seatNo=369778934, startStation=shanghai, destStation=suzhou), Ticket(seatNo=1311485713, startStation=shanghai, destStation=suzhou), Ticket(seatNo=1126367806, startStation=shanghai, destStation=suzhou), Ticket(seatNo=1554687036, startStation=shanghai, destStation=suzhou), Ticket(seatNo=566990115, startStation=shanghai, destStation=suzhou), Ticket(seatNo=1175494979, startStation=shanghai, destStation=suzhou), Ticket(seatNo=1541121627, startStation=shanghai, destStation=suzhou), Ticket(seatNo=1203609265, startStation=shanghai, destStation=suzhou), Ticket(seatNo=1921549183, startStation=shanghai, destStation=suzhou), Ticket(seatNo=1918183508, startStation=shanghai, destStation=suzhou), Ticket(seatNo=1598092512, startStation=shanghai, destStation=suzhou), Ticket(seatNo=1267647479, startStation=shanghai, destStation=suzhou), Ticket(seatNo=1640780669, startStation=shanghai, destStation=suzhou), Ticket(seatNo=407197519, startStation=shanghai, destStation=suzhou), Ticket(seatNo=1405122139, startStation=shanghai, destStation=suzhou), Ticket(seatNo=1008516158, startStation=shanghai, destStation=suzhou), Ticket(seatNo=773494342, startStation=shanghai, destStation=suzhou), Ticket(seatNo=1043628352, startStation=shanghai, destStation=suzhou), Ticket(seatNo=146007906, startStation=shanghai, destStation=suzhou), Ticket(seatNo=1530463700, startStation=shanghai, destStation=suzhou), Ticket(seatNo=1879301093, startStation=shanghai, destStation=suzhou), Ticket(seatNo=402964895, startStation=shanghai, destStation=suzhou), Ticket(seatNo=1796322721, startStation=shanghai, destStation=suzhou), Ticket(seatNo=1331075716, startStation=shanghai, destStation=suzhou), Ticket(seatNo=1240049243, startStation=shanghai, destStation=suzhou), Ticket(seatNo=590521180, startStation=shanghai, destStation=suzhou), Ticket(seatNo=1506651732, startStation=shanghai, destStation=suzhou), Ticket(seatNo=1873621396, startStation=shanghai, destStation=suzhou), Ticket(seatNo=2132514663, startStation=shanghai, destStation=suzhou), Ticket(seatNo=97126401, startStation=shanghai, destStation=suzhou), Ticket(seatNo=1143590204, startStation=shanghai, destStation=suzhou), Ticket(seatNo=1203471531, startStation=shanghai, destStation=suzhou), Ticket(seatNo=1081967951, startStation=shanghai, destStation=suzhou), Ticket(seatNo=1361949694, startStation=shanghai, destStation=suzhou), Ticket(seatNo=770819065, startStation=shanghai, destStation=suzhou), Ticket(seatNo=1734991119, startStation=shanghai, destStation=suzhou), Ticket(seatNo=1171302207, startStation=shanghai, destStation=suzhou), Ticket(seatNo=896926119, startStation=shanghai, destStation=suzhou), Ticket(seatNo=429977698, startStation=shanghai, destStation=suzhou), Ticket(seatNo=1700949544, startStation=shanghai, destStation=suzhou), Ticket(seatNo=1993109739, startStation=shanghai, destStation=suzhou), Ticket(seatNo=95888109, startStation=shanghai, destStation=suzhou), Ticket(seatNo=1754065861, startStation=shanghai, destStation=suzhou), Ticket(seatNo=154019644, startStation=shanghai, destStation=suzhou), Ticket(seatNo=524582401, startStation=shanghai, destStation=suzhou), Ticket(seatNo=1334753364, startStation=shanghai, destStation=suzhou), Ticket(seatNo=1986288796, startStation=shanghai, destStation=suzhou), Ticket(seatNo=554296196, startStation=shanghai, destStation=suzhou), Ticket(seatNo=633463036, startStation=shanghai, destStation=suzhou), Ticket(seatNo=436767015, startStation=shanghai, destStation=suzhou), Ticket(seatNo=1239327412, startStation=shanghai, destStation=suzhou), Ticket(seatNo=790314884, startStation=shanghai, destStation=suzhou), Ticket(seatNo=767880562, startStation=shanghai, destStation=suzhou), Ticket(seatNo=1882983382, startStation=shanghai, destStation=suzhou), Ticket(seatNo=1796077830, startStation=shanghai, destStation=suzhou), Ticket(seatNo=1256846996, startStation=shanghai, destStation=suzhou), Ticket(seatNo=388145690, startStation=shanghai, destStation=suzhou), Ticket(seatNo=1277071603, startStation=shanghai, destStation=suzhou), Ticket(seatNo=796991928, startStation=shanghai, destStation=suzhou), Ticket(seatNo=884504981, startStation=shanghai, destStation=suzhou), Ticket(seatNo=967371941, startStation=shanghai, destStation=suzhou), Ticket(seatNo=2003998246, startStation=shanghai, destStation=suzhou), Ticket(seatNo=255953355, startStation=shanghai, destStation=suzhou), Ticket(seatNo=939595525, startStation=shanghai, destStation=suzhou), Ticket(seatNo=1544334905, startStation=shanghai, destStation=suzhou), Ticket(seatNo=1102117997, startStation=shanghai, destStation=suzhou), Ticket(seatNo=1635610308, startStation=shanghai, destStation=suzhou), Ticket(seatNo=592648285, startStation=shanghai, destStation=suzhou), Ticket(seatNo=66104728, startStation=shanghai, destStation=suzhou), Ticket(seatNo=1613887154, startStation=shanghai, destStation=suzhou), Ticket(seatNo=1525464784, startStation=shanghai, destStation=suzhou), Ticket(seatNo=2133302187, startStation=shanghai, destStation=suzhou), Ticket(seatNo=6271054, startStation=shanghai, destStation=suzhou), Ticket(seatNo=2008071408, startStation=shanghai, destStation=suzhou), Ticket(seatNo=1652274605, startStation=shanghai, destStation=suzhou), Ticket(seatNo=277571395, startStation=shanghai, destStation=suzhou), Ticket(seatNo=1196333812, startStation=shanghai, destStation=suzhou), Ticket(seatNo=579526857, startStation=shanghai, destStation=suzhou), Ticket(seatNo=2105768386, startStation=shanghai, destStation=suzhou), Ticket(seatNo=373807162, startStation=shanghai, destStation=suzhou), Ticket(seatNo=653737940, startStation=shanghai, destStation=suzhou), Ticket(seatNo=1642434373, startStation=shanghai, destStation=suzhou), Ticket(seatNo=1488059796, startStation=shanghai, destStation=suzhou), Ticket(seatNo=1551628343, startStation=shanghai, destStation=suzhou), Ticket(seatNo=768843654, startStation=shanghai, destStation=suzhou), Ticket(seatNo=368572971, startStation=shanghai, destStation=suzhou), Ticket(seatNo=1880391439, startStation=shanghai, destStation=suzhou), Ticket(seatNo=820971079, startStation=shanghai, destStation=suzhou), Ticket(seatNo=1977222074, startStation=shanghai, destStation=suzhou), Ticket(seatNo=321239528, startStation=shanghai, destStation=suzhou), Ticket(seatNo=1431760116, startStation=shanghai, destStation=suzhou), Ticket(seatNo=1345938270, startStation=shanghai, destStation=suzhou), Ticket(seatNo=2007250301, startStation=shanghai, destStation=suzhou), Ticket(seatNo=57757292, startStation=shanghai, destStation=suzhou), Ticket(seatNo=2033777081, startStation=shanghai, destStation=suzhou), Ticket(seatNo=1685037576, startStation=shanghai, destStation=suzhou), Ticket(seatNo=1234414041, startStation=shanghai, destStation=suzhou), Ticket(seatNo=1188886554, startStation=shanghai, destStation=suzhou), Ticket(seatNo=1398540255, startStation=shanghai, destStation=suzhou), Ticket(seatNo=1505819981, startStation=shanghai, destStation=suzhou), Ticket(seatNo=610865531, startStation=shanghai, destStation=suzhou), Ticket(seatNo=885526982, startStation=shanghai, destStation=suzhou), Ticket(seatNo=1341903663, startStation=shanghai, destStation=suzhou), Ticket(seatNo=409751086, startStation=shanghai, destStation=suzhou), Ticket(seatNo=969849650, startStation=shanghai, destStation=suzhou), Ticket(seatNo=1181612285, startStation=shanghai, destStation=suzhou), Ticket(seatNo=580513787, startStation=shanghai, destStation=suzhou), Ticket(seatNo=1337517061, startStation=shanghai, destStation=suzhou), Ticket(seatNo=2106329292, startStation=shanghai, destStation=suzhou), Ticket(seatNo=1008735637, startStation=shanghai, destStation=suzhou), Ticket(seatNo=1983953833, startStation=shanghai, destStation=suzhou), Ticket(seatNo=629859133, startStation=shanghai, destStation=suzhou), Ticket(seatNo=1693615987, startStation=shanghai, destStation=suzhou), Ticket(seatNo=665929265, startStation=shanghai, destStation=suzhou), Ticket(seatNo=1625899717, startStation=shanghai, destStation=suzhou), Ticket(seatNo=691667494, startStation=shanghai, destStation=suzhou), Ticket(seatNo=716244515, startStation=shanghai, destStation=suzhou), Ticket(seatNo=146358183, startStation=shanghai, destStation=suzhou), Ticket(seatNo=494530580, startStation=shanghai, destStation=suzhou), Ticket(seatNo=1831095362, startStation=shanghai, destStation=suzhou), Ticket(seatNo=1775851249, startStation=shanghai, destStation=suzhou), Ticket(seatNo=1616593235, startStation=shanghai, destStation=suzhou), Ticket(seatNo=2070280767, startStation=shanghai, destStation=suzhou), Ticket(seatNo=1077203125, startStation=shanghai, destStation=suzhou), Ticket(seatNo=414945371, startStation=shanghai, destStation=suzhou), Ticket(seatNo=1399524661, startStation=shanghai, destStation=suzhou), Ticket(seatNo=1254215660, startStation=shanghai, destStation=suzhou), Ticket(seatNo=1008619349, startStation=shanghai, destStation=suzhou), Ticket(seatNo=748345910, startStation=shanghai, destStation=suzhou), Ticket(seatNo=1518146377, startStation=shanghai, destStation=suzhou), Ticket(seatNo=1775631158, startStation=shanghai, destStation=suzhou), Ticket(seatNo=209526615, startStation=shanghai, destStation=suzhou), Ticket(seatNo=329736953, startStation=shanghai, destStation=suzhou), Ticket(seatNo=1720990615, startStation=shanghai, destStation=suzhou), Ticket(seatNo=161055820, startStation=shanghai, destStation=suzhou), Ticket(seatNo=251113415, startStation=shanghai, destStation=suzhou), Ticket(seatNo=1198421777, startStation=shanghai, destStation=suzhou), Ticket(seatNo=1759358576, startStation=shanghai, destStation=suzhou), Ticket(seatNo=877350021, startStation=shanghai, destStation=suzhou), Ticket(seatNo=1312038844, startStation=shanghai, destStation=suzhou), Ticket(seatNo=2029826895, startStation=shanghai, destStation=suzhou), Ticket(seatNo=423504501, startStation=shanghai, destStation=suzhou), Ticket(seatNo=1556416438, startStation=shanghai, destStation=suzhou), Ticket(seatNo=1301822896, startStation=shanghai, destStation=suzhou), Ticket(seatNo=1795669000, startStation=shanghai, destStation=suzhou), Ticket(seatNo=2109021591, startStation=shanghai, destStation=suzhou), Ticket(seatNo=1896961319, startStation=shanghai, destStation=suzhou), Ticket(seatNo=1501860739, startStation=shanghai, destStation=suzhou), Ticket(seatNo=670484785, startStation=shanghai, destStation=suzhou), Ticket(seatNo=605778711, startStation=shanghai, destStation=suzhou), Ticket(seatNo=647991026, startStation=shanghai, destStation=suzhou), Ticket(seatNo=1312209848, startStation=shanghai, destStation=suzhou), Ticket(seatNo=795533255, startStation=shanghai, destStation=suzhou), Ticket(seatNo=1727000194, startStation=shanghai, destStation=suzhou), Ticket(seatNo=1514781946, startStation=shanghai, destStation=suzhou), Ticket(seatNo=1528089102, startStation=shanghai, destStation=suzhou), Ticket(seatNo=1843632525, startStation=shanghai, destStation=suzhou), Ticket(seatNo=1789842840, startStation=shanghai, destStation=suzhou), Ticke"",""stream"":""stdout"",""time"":""2025-06-06T09:23:03.55287958Z""}"
2025-06-06T09:22:18.76621276Z,1674984138766212760,33.33.33.76,ts-basic-service-5dc8d4f9fd-46997,server,b901ac8dcc4eb08f87906efa102e6209,2890c38847e82f8c,"{""log"":""17:22:18.765 INFO  f.m.s.BasicServiceImpl#425 TraceID: b901ac8dcc4eb08f87906efa102e6209 SpanID: 2890c38847e82f8c [getRouteByRouteId][Get Route By Id][Route ID: 0b23bd3e-876a-4af3-b920-c50a90c90b04]\n"",""stream"":""stdout"",""time"":""2025-06-06T09:22:18.76621276Z""}"
2025-06-06T09:23:03.435645821Z,1674984183435645821,33.33.33.82,ts-seat-service-5c95b49cff-tdsdz,server,0472f5c8fe4b980ed6c1b447ff4d7ec5,d9efd00bdf6b7144,"{""log"":""17:23:03.435 INFO  s.s.SeatServiceImpl#139 TraceID: 0472f5c8fe4b980ed6c1b447ff4d7ec5 SpanID: d9efd00bdf6b7144 [getLeftTicketOfInterval][TrainNumber start with G|D][trainNumber:D1345]\n"",""stream"":""stdout"",""time"":""2025-06-06T09:23:03.435645821Z""}"
2025-06-06T09:22:18.759168052Z,1674984138759168052,33.33.33.76,ts-basic-service-5dc8d4f9fd-46997,server,b901ac8dcc4eb08f87906efa102e6209,2890c38847e82f8c,"{""log"":""17:22:18.758 INFO  f.m.s.BasicServiceImpl#391 TraceID: b901ac8dcc4eb08f87906efa102e6209 SpanID: 2890c38847e82f8c [queryTrainTypeByName][Query Train Type][Train Type name: ZhiDa]\n"",""stream"":""stdout"",""time"":""2025-06-06T09:22:18.759168052Z""}"
2025-06-06T09:22:18.755484903Z,1674984138755484903,33.33.33.76,ts-basic-service-5dc8d4f9fd-46997,server,b901ac8dcc4eb08f87906efa102e6209,2890c38847e82f8c,"{""log"":""17:22:18.755 INFO  f.m.s.BasicServiceImpl#360 TraceID: b901ac8dcc4eb08f87906efa102e6209 SpanID: 2890c38847e82f8c [checkStationExists][Check Station Exists][stationName: nanjing]\n"",""stream"":""stdout"",""time"":""2025-06-06T09:22:18.755484903Z""}"
2025-06-06T09:23:03.43532541Z,1674984183435325410,33.33.33.82,ts-seat-service-5c95b49cff-tdsdz,server,0472f5c8fe4b980ed6c1b447ff4d7ec5,d9efd00bdf6b7144,"{""log"":""17:23:03.434 INFO  s.s.SeatServiceImpl#137 TraceID: 0472f5c8fe4b980ed6c1b447ff4d7ec5 SpanID: d9efd00bdf6b7144 [getLeftTicketOfInterval][Seat request][request:Seat(travelDate=2023-01-29, trainNumber=D1345, startStation=shanghai, destStation=suzhou, seatType=2, totalNum=2147483647, stations=[shanghai, suzhou])]\n"",""stream"":""stdout"",""time"":""2025-06-06T09:23:03.43532541Z""}"
2025-06-06T09:22:18.750379086Z,1674984138750379086,33.33.33.76,ts-basic-service-5dc8d4f9fd-46997,server,b901ac8dcc4eb08f87906efa102e6209,2890c38847e82f8c,"{""log"":""17:22:18.750 INFO  f.m.s.BasicServiceImpl#360 TraceID: b901ac8dcc4eb08f87906efa102e6209 SpanID: 2890c38847e82f8c [checkStationExists][Check Station Exists][stationName: shanghai]\n"",""stream"":""stdout"",""time"":""2025-06-06T09:22:18.750379086Z""}"
2025-06-06T09:23:03.43498041Z,1674984183434980410,33.33.33.82,ts-seat-service-5c95b49cff-tdsdz,server,0472f5c8fe4b980ed6c1b447ff4d7ec5,d9efd00bdf6b7144,"{""log"":""17:23:03.434 INFO  s.c.SeatController#57 TraceID: 0472f5c8fe4b980ed6c1b447ff4d7ec5 SpanID: d9efd00bdf6b7144 [getLeftTicketOfInterval][Get left ticket of interval][TravelDate: 2023-01-29,TrainNumber: D1345,SeatType: 2]\n"",""stream"":""stdout"",""time"":""2025-06-06T09:23:03.43498041Z""}"
2025-06-06T09:23:03.654176977Z,1674984183654176977,33.33.33.80,ts-route-service-b6c59fb57-zv8dt,server,0472f5c8fe4b980ed6c1b447ff4d7ec5,252008644c6e42ca,"{""log"":""17:23:03.651 INFO  r.c.RouteController#47 TraceID: 0472f5c8fe4b980ed6c1b447ff4d7ec5 SpanID: 252008644c6e42ca [getRouteById][Query route by id][RouteId: f3d4d4ef-693b-4456-8eed-59c0d717dd08]\n"",""stream"":""stdout"",""time"":""2025-06-06T09:23:03.654176977Z""}"
2025-06-06T09:22:18.750223199Z,1674984138750223199,33.33.33.76,ts-basic-service-5dc8d4f9fd-46997,server,b901ac8dcc4eb08f87906efa102e6209,2890c38847e82f8c,"{""log"":""17:22:18.749 INFO  f.m.c.BasicController#38 TraceID: b901ac8dcc4eb08f87906efa102e6209 SpanID: 2890c38847e82f8c [queryForTravel][Query for travel][Travel: Travel(trip=Trip(id=8a533bf9-bd12-4608-a8eb-606890982448, tripId=Z1234, trainTypeName=ZhiDa, routeId=0b23bd3e-876a-4af3-b920-c50a90c90b04, startStationName=shanghai, stationsName=nanjing, terminalStationName=beijing, startTime=2013-05-04 09:51:52, endTime=2013-05-04 15:51:52), startPlace=shanghai, endPlace=nanjing, departureTime=2023-01-29)]\n"",""stream"":""stdout"",""time"":""2025-06-06T09:22:18.750223199Z""}"
2025-06-06T09:23:03.412441677Z,1674984183412441677,33.33.33.80,ts-route-service-b6c59fb57-zv8dt,server,0472f5c8fe4b980ed6c1b447ff4d7ec5,44faad29914db3ea,"{""log"":""17:23:03.411 INFO  r.c.RouteController#47 TraceID: 0472f5c8fe4b980ed6c1b447ff4d7ec5 SpanID: 44faad29914db3ea [getRouteById][Query route by id][RouteId: f3d4d4ef-693b-4456-8eed-59c0d717dd08]\n"",""stream"":""stdout"",""time"":""2025-06-06T09:23:03.412441677Z""}"
2025-06-06T09:22:18.998696931Z,1674984138998696931,33.33.33.74,ts-assurance-service-69876c9868-ssxsf,server,b901ac8dcc4eb08f87906efa102e6209,dcc21e38e0af74c7,"{""log"":""17:22:18.998 INFO  a.s.AssuranceServiceImpl#65 TraceID: b901ac8dcc4eb08f87906efa102e6209 SpanID: dcc21e38e0af74c7 [create][AddAssurance][Success]\n"",""stream"":""stdout"",""time"":""2025-06-06T09:22:18.998696931Z""}"
2025-06-06T09:23:03.670603371Z,1674984183670603371,33.33.33.79,ts-price-service-76846864d9-g465z,server,0472f5c8fe4b980ed6c1b447ff4d7ec5,35df1cb9e72febc5,"{""log"":""17:23:03.670 INFO  p.s.PriceServiceImpl#71 TraceID: 0472f5c8fe4b980ed6c1b447ff4d7ec5 SpanID: 35df1cb9e72febc5 [findByRouteIdAndTrainType][Route: f3d4d4ef-693b-4456-8eed-59c0d717dd08 , Train Type: DongCheOne]\n"",""stream"":""stdout"",""time"":""2025-06-06T09:23:03.670603371Z""}"
2025-06-06T09:22:18.987586635Z,1674984138987586635,33.33.33.74,ts-assurance-service-69876c9868-ssxsf,server,b901ac8dcc4eb08f87906efa102e6209,dcc21e38e0af74c7,"{""log"":""17:22:18.986 INFO  a.c.AssuranceController#75 TraceID: b901ac8dcc4eb08f87906efa102e6209 SpanID: dcc21e38e0af74c7 [createNewAssurance][Create new assurance][typeIndex: 1, orderId: df5addb8-ab74-488d-8ee0-6e61d23f6d12]\n"",""stream"":""stdout"",""time"":""2025-06-06T09:22:18.987586635Z""}"
2025-06-06T09:23:03.670232272Z,1674984183670232272,33.33.33.79,ts-price-service-76846864d9-g465z,server,0472f5c8fe4b980ed6c1b447ff4d7ec5,35df1cb9e72febc5,"{""log"":""17:23:03.669 INFO  p.c.PriceController#39 TraceID: 0472f5c8fe4b980ed6c1b447ff4d7ec5 SpanID: 35df1cb9e72febc5 [findByRouteIdAndTrainType][Query price][RouteId: f3d4d4ef-693b-4456-8eed-59c0d717dd08, TrainType: DongCheOne]\n"",""stream"":""stdout"",""time"":""2025-06-06T09:23:03.670232272Z""}"
2025-06-06T09:23:03.425930008Z,1674984183425930008,33.33.33.79,ts-price-service-76846864d9-g465z,server,0472f5c8fe4b980ed6c1b447ff4d7ec5,7c0dbe478dcea915,"{""log"":""17:23:03.425 INFO  p.s.PriceServiceImpl#71 TraceID: 0472f5c8fe4b980ed6c1b447ff4d7ec5 SpanID: 7c0dbe478dcea915 [findByRouteIdAndTrainType][Route: f3d4d4ef-693b-4456-8eed-59c0d717dd08 , Train Type: DongCheOne]\n"",""stream"":""stdout"",""time"":""2025-06-06T09:23:03.425930008Z""}"
2025-06-06T09:23:03.425486795Z,1674984183425486795,33.33.33.79,ts-price-service-76846864d9-g465z,server,0472f5c8fe4b980ed6c1b447ff4d7ec5,7c0dbe478dcea915,"{""log"":""17:23:03.424 INFO  p.c.PriceController#39 TraceID: 0472f5c8fe4b980ed6c1b447ff4d7ec5 SpanID: 7c0dbe478dcea915 [findByRouteIdAndTrainType][Query price][RouteId: f3d4d4ef-693b-4456-8eed-59c0d717dd08, TrainType: DongCheOne]\n"",""stream"":""stdout"",""time"":""2025-06-06T09:23:03.425486795Z""}"
2025-06-06T09:23:03.796202216Z,1674984183796202216,33.33.33.115,ts-preserve-service-b5ccf8557-j4txs,server,0472f5c8fe4b980ed6c1b447ff4d7ec5,1aa52abf32aff477,"{""log"":""17:23:03.796 INFO  p.s.PreserveServiceImpl#302 TraceID: 0472f5c8fe4b980ed6c1b447ff4d7ec5 SpanID: 1aa52abf32aff477 [getAccount][Cancel Order Service][Get Order By Id]\n"",""stream"":""stdout"",""time"":""2025-06-06T09:23:03.796202216Z""}"
2025-06-06T09:23:03.796086505Z,1674984183796086505,33.33.33.115,ts-preserve-service-b5ccf8557-j4txs,server,0472f5c8fe4b980ed6c1b447ff4d7ec5,1aa52abf32aff477,"{""log"":""17:23:03.795 INFO  p.s.PreserveServiceImpl#240 TraceID: 0472f5c8fe4b980ed6c1b447ff4d7ec5 SpanID: 1aa52abf32aff477 [preserve][Step 7][Add Consign][Do not need to consign]\n"",""stream"":""stdout"",""time"":""2025-06-06T09:23:03.796086505Z""}"
2025-06-06T09:23:03.795973352Z,1674984183795973352,33.33.33.115,ts-preserve-service-b5ccf8557-j4txs,server,0472f5c8fe4b980ed6c1b447ff4d7ec5,1aa52abf32aff477,"{""log"":""17:23:03.795 INFO  p.s.PreserveServiceImpl#208 TraceID: 0472f5c8fe4b980ed6c1b447ff4d7ec5 SpanID: 1aa52abf32aff477 [preserve][Step 6][Buy Food][Buy Food Success]\n"",""stream"":""stdout"",""time"":""2025-06-06T09:23:03.795973352Z""}"
2025-06-06T09:23:03.781720034Z,1674984183781720034,33.33.33.115,ts-preserve-service-b5ccf8557-j4txs,server,0472f5c8fe4b980ed6c1b447ff4d7ec5,1aa52abf32aff477,"{""log"":""17:23:03.781 INFO  p.s.PreserveServiceImpl#407 TraceID: 0472f5c8fe4b980ed6c1b447ff4d7ec5 SpanID: 1aa52abf32aff477 [createFoodOrder][Preserve Service][Add Preserve food Order]\n"",""stream"":""stdout"",""time"":""2025-06-06T09:23:03.781720034Z""}"
2025-06-06T09:23:03.781624006Z,1674984183781624006,33.33.33.115,ts-preserve-service-b5ccf8557-j4txs,server,0472f5c8fe4b980ed6c1b447ff4d7ec5,1aa52abf32aff477,"{""log"":""17:23:03.781 INFO  p.s.PreserveServiceImpl#185 TraceID: 0472f5c8fe4b980ed6c1b447ff4d7ec5 SpanID: 1aa52abf32aff477 [preserve][Step 5][Buy Assurance][Preserve Buy Assurance Success]\n"",""stream"":""stdout"",""time"":""2025-06-06T09:23:03.781624006Z""}"
2025-06-06T09:23:03.7521493Z,1674984183752149300,33.33.33.115,ts-preserve-service-b5ccf8557-j4txs,server,0472f5c8fe4b980ed6c1b447ff4d7ec5,1aa52abf32aff477,"{""log"":""17:23:03.751 INFO  p.s.PreserveServiceImpl#317 TraceID: 0472f5c8fe4b980ed6c1b447ff4d7ec5 SpanID: 1aa52abf32aff477 [addAssuranceForOrder][Preserve Service][Add Assurance Type For Order]\n"",""stream"":""stdout"",""time"":""2025-06-06T09:23:03.7521493Z""}"
2025-06-06T09:23:03.752045069Z,1674984183752045069,33.33.33.115,ts-preserve-service-b5ccf8557-j4txs,server,0472f5c8fe4b980ed6c1b447ff4d7ec5,1aa52abf32aff477,"{""log"":""17:23:03.751 INFO  p.s.PreserveServiceImpl#175 TraceID: 0472f5c8fe4b980ed6c1b447ff4d7ec5 SpanID: 1aa52abf32aff477 [preserve][Step 4][Do Order][Do Order Complete]\n"",""stream"":""stdout"",""time"":""2025-06-06T09:23:03.752045069Z""}"
2025-06-06T09:23:03.735249906Z,1674984183735249906,33.33.33.115,ts-preserve-service-b5ccf8557-j4txs,server,0472f5c8fe4b980ed6c1b447ff4d7ec5,1aa52abf32aff477,"{""log"":""17:23:03.735 INFO  p.s.PreserveServiceImpl#392 TraceID: 0472f5c8fe4b980ed6c1b447ff4d7ec5 SpanID: 1aa52abf32aff477 [createOrder][Preserve Service][create order]\n"",""stream"":""stdout"",""time"":""2025-06-06T09:23:03.735249906Z""}"
2025-06-06T09:23:03.735092804Z,1674984183735092804,33.33.33.115,ts-preserve-service-b5ccf8557-j4txs,server,0472f5c8fe4b980ed6c1b447ff4d7ec5,1aa52abf32aff477,"{""log"":""17:23:03.734 INFO  p.s.PreserveServiceImpl#168 TraceID: 0472f5c8fe4b980ed6c1b447ff4d7ec5 SpanID: 1aa52abf32aff477 [preserve][Step 4][Do Order][Order Price][Price is: 50.0]\n"",""stream"":""stdout"",""time"":""2025-06-06T09:23:03.735092804Z""}"
2025-06-06T09:23:03.675658333Z,1674984183675658333,33.33.33.115,ts-preserve-service-b5ccf8557-j4txs,server,0472f5c8fe4b980ed6c1b447ff4d7ec5,1aa52abf32aff477,"{""log"":""17:23:03.675 INFO  p.s.PreserveServiceImpl#142 TraceID: 0472f5c8fe4b980ed6c1b447ff4d7ec5 SpanID: 1aa52abf32aff477 [preserve][Step 4][Do Order][Travel Date][Date is: 2023-01-29]\n"",""stream"":""stdout"",""time"":""2025-06-06T09:23:03.675658333Z""}"
2025-06-06T09:23:03.619549369Z,1674984183619549369,33.33.33.115,ts-preserve-service-b5ccf8557-j4txs,server,0472f5c8fe4b980ed6c1b447ff4d7ec5,1aa52abf32aff477,"{""log"":""17:23:03.619 INFO  p.s.PreserveServiceImpl#100 TraceID: 0472f5c8fe4b980ed6c1b447ff4d7ec5 SpanID: 1aa52abf32aff477 [preserve][Step 3][Check tickets num][Tickets Enough]\n"",""stream"":""stdout"",""time"":""2025-06-06T09:23:03.619549369Z""}"
2025-06-06T09:23:03.380881663Z,1674984183380881663,33.33.33.115,ts-preserve-service-b5ccf8557-j4txs,server,0472f5c8fe4b980ed6c1b447ff4d7ec5,1aa52abf32aff477,"{""log"":""17:23:03.380 INFO  p.s.PreserveServiceImpl#361 TraceID: 0472f5c8fe4b980ed6c1b447ff4d7ec5 SpanID: 1aa52abf32aff477 [getTripAllDetailInformation][Preserve Other Service][Get Trip All Detail Information]\n"",""stream"":""stdout"",""time"":""2025-06-06T09:23:03.380881663Z""}"
2025-06-06T09:23:03.380752407Z,1674984183380752407,33.33.33.115,ts-preserve-service-b5ccf8557-j4txs,server,0472f5c8fe4b980ed6c1b447ff4d7ec5,1aa52abf32aff477,"{""log"":""17:23:03.380 INFO  p.s.PreserveServiceImpl#77 TraceID: 0472f5c8fe4b980ed6c1b447ff4d7ec5 SpanID: 1aa52abf32aff477 [preserve][Step 3][Check tickets num][TripId: D1345]\n"",""stream"":""stdout"",""time"":""2025-06-06T09:23:03.380752407Z""}"
2025-06-06T09:23:03.380644535Z,1674984183380644535,33.33.33.115,ts-preserve-service-b5ccf8557-j4txs,server,0472f5c8fe4b980ed6c1b447ff4d7ec5,1aa52abf32aff477,"{""log"":""17:23:03.380 INFO  p.s.PreserveServiceImpl#67 TraceID: 0472f5c8fe4b980ed6c1b447ff4d7ec5 SpanID: 1aa52abf32aff477 [preserve][Step 2][Find contacts Complete][ContactsId: 415d1665-fbb2-4ec9-83f5-5ebe51dc1825]\n"",""stream"":""stdout"",""time"":""2025-06-06T09:23:03.380644535Z""}"
2025-06-06T09:23:03.36454911Z,1674984183364549110,33.33.33.115,ts-preserve-service-b5ccf8557-j4txs,server,0472f5c8fe4b980ed6c1b447ff4d7ec5,1aa52abf32aff477,"{""log"":""17:23:03.364 INFO  p.s.PreserveServiceImpl#377 TraceID: 0472f5c8fe4b980ed6c1b447ff4d7ec5 SpanID: 1aa52abf32aff477 [getContactsById][Preserve Other Service][Get Contacts By Id is]\n"",""stream"":""stdout"",""time"":""2025-06-06T09:23:03.36454911Z""}"
2025-06-06T09:23:03.364529255Z,1674984183364529255,33.33.33.115,ts-preserve-service-b5ccf8557-j4txs,server,0472f5c8fe4b980ed6c1b447ff4d7ec5,1aa52abf32aff477,"{""log"":""17:23:03.363 INFO  p.s.PreserveServiceImpl#57 TraceID: 0472f5c8fe4b980ed6c1b447ff4d7ec5 SpanID: 1aa52abf32aff477 [preserve][Step 1][Check Security Complete][AccountId: 4d2a46c7-71cb-4cf1-b5bb-b68406d9da6f]\n"",""stream"":""stdout"",""time"":""2025-06-06T09:23:03.364529255Z""}"
2025-06-06T09:23:03.331264053Z,1674984183331264053,33.33.33.115,ts-preserve-service-b5ccf8557-j4txs,server,0472f5c8fe4b980ed6c1b447ff4d7ec5,1aa52abf32aff477,"{""log"":""17:23:03.331 INFO  p.s.PreserveServiceImpl#346 TraceID: 0472f5c8fe4b980ed6c1b447ff4d7ec5 SpanID: 1aa52abf32aff477 [checkSecurity][Preserve Other Service][Check Account Security]\n"",""stream"":""stdout"",""time"":""2025-06-06T09:23:03.331264053Z""}"
2025-06-06T09:23:03.331136091Z,1674984183331136091,33.33.33.115,ts-preserve-service-b5ccf8557-j4txs,server,0472f5c8fe4b980ed6c1b447ff4d7ec5,1aa52abf32aff477,"{""log"":""17:23:03.330 INFO  p.c.PreserveController#35 TraceID: 0472f5c8fe4b980ed6c1b447ff4d7ec5 SpanID: 1aa52abf32aff477 [preserve][Preserve Account order][from shanghai to suzhou at 2023-01-29]\n"",""stream"":""stdout"",""time"":""2025-06-06T09:23:03.331136091Z""}"
2025-06-06T09:23:03.750911066Z,1674984183750911066,33.33.33.76,ts-order-service-5b67c48447-mv5hb,server,0472f5c8fe4b980ed6c1b447ff4d7ec5,1728fb004856adfa,"{""log"":""17:23:03.750 INFO  o.s.OrderServiceImpl#96 TraceID: 0472f5c8fe4b980ed6c1b447ff4d7ec5 SpanID: 1728fb004856adfa [create][Order Create Success][Order Price][OrderId:9a3763ba-2342-4fd8-8280-f272b8c2d06b , Price: 50.0]\n"",""stream"":""stdout"",""time"":""2025-06-06T09:23:03.750911066Z""}"
2025-06-06T09:23:03.739502957Z,1674984183739502957,33.33.33.76,ts-order-service-5b67c48447-mv5hb,server,0472f5c8fe4b980ed6c1b447ff4d7ec5,1728fb004856adfa,"{""log"":""17:23:03.739 INFO  o.s.OrderServiceImpl#88 TraceID: 0472f5c8fe4b980ed6c1b447ff4d7ec5 SpanID: 1728fb004856adfa [create][Create Order][Ready to Create Order]\n"",""stream"":""stdout"",""time"":""2025-06-06T09:23:03.739502957Z""}"
2025-06-06T09:23:03.739411532Z,1674984183739411532,33.33.33.76,ts-order-service-5b67c48447-mv5hb,server,0472f5c8fe4b980ed6c1b447ff4d7ec5,1728fb004856adfa,"{""log"":""17:23:03.739 INFO  o.c.OrderController#46 TraceID: 0472f5c8fe4b980ed6c1b447ff4d7ec5 SpanID: 1728fb004856adfa [createNewOrder][Create Order][from shanghai to suzhou at 2023-01-29]\n"",""stream"":""stdout"",""time"":""2025-06-06T09:23:03.739411532Z""}"
2025-06-06T09:23:03.691807848Z,1674984183691807848,33.33.33.76,ts-order-service-5b67c48447-mv5hb,server,0472f5c8fe4b980ed6c1b447ff4d7ec5,19e4153e3d463067,"{""log"":""17:23:03.691 INFO  o.s.OrderServiceImpl#65 TraceID: 0472f5c8fe4b980ed6c1b447ff4d7ec5 SpanID: 19e4153e3d463067 [getSoldTickets][Left ticket info][info is: LeftTicketInfo{soldTickets=[Ticket(seatNo=201009634, startStation=shanghai, destStation=suzhou), Ticket(seatNo=793856134, startStation=shanghai, destStation=suzhou), Ticket(seatNo=1460607244, startStation=shanghai, destStation=suzhou), Ticket(seatNo=1893506521, startStation=shanghai, destStation=suzhou), Ticket(seatNo=1380769004, startStation=shanghai, destStation=suzhou), Ticket(seatNo=603898922, startStation=shanghai, destStation=suzhou), Ticket(seatNo=2143932925, startStation=shanghai, destStation=suzhou), Ticket(seatNo=1561348498, startStation=shanghai, destStation=suzhou), Ticket(seatNo=886885033, startStation=shanghai, destStation=suzhou), Ticket(seatNo=422262624, startStation=shanghai, destStation=suzhou), Ticket(seatNo=361790838, startStation=shanghai, destStation=suzhou), Ticket(seatNo=266878641, startStation=shanghai, destStation=suzhou), Ticket(seatNo=1121266960, startStation=shanghai, destStation=suzhou), Ticket(seatNo=487102316, startStation=shanghai, destStation=suzhou), Ticket(seatNo=1374930393, startStation=shanghai, destStation=suzhou), Ticket(seatNo=1767519527, startStation=shanghai, destStation=suzhou), Ticket(seatNo=1803156456, startStation=shanghai, destStation=suzhou), Ticket(seatNo=313223057, startStation=shanghai, destStation=suzhou), Ticket(seatNo=1524529309, startStation=shanghai, destStation=suzhou), Ticket(seatNo=670312232, startStation=shanghai, destStation=suzhou), Ticket(seatNo=1946032193, startStation=shanghai, destStation=suzhou), Ticket(seatNo=828994518, startStation=shanghai, destStation=suzhou), Ticket(seatNo=1079442689, startStation=shanghai, destStation=suzhou), Ticket(seatNo=710165669, startStation=shanghai, destStation=suzhou), Ticket(seatNo=1012345336, startStation=shanghai, destStation=suzhou), Ticket(seatNo=44007696, startStation=shanghai, destStation=suzhou), Ticket(seatNo=2038743294, startStation=shanghai, destStation=suzhou), Ticket(seatNo=674075465, startStation=shanghai, destStation=suzhou), Ticket(seatNo=1337412878, startStation=shanghai, destStation=suzhou), Ticket(seatNo=1252360897, startStation=shanghai, destStation=suzhou), Ticket(seatNo=1084947215, startStation=shanghai, destStation=suzhou), Ticket(seatNo=349324291, startStation=shanghai, destStation=suzhou), Ticket(seatNo=612611721, startStation=shanghai, destStation=suzhou), Ticket(seatNo=1914907225, startStation=shanghai, destStation=suzhou), Ticket(seatNo=1033454023, startStation=shanghai, destStation=suzhou), Ticket(seatNo=146315145, startStation=shanghai, destStation=suzhou), Ticket(seatNo=507669879, startStation=shanghai, destStation=suzhou), Ticket(seatNo=1114532875, startStation=shanghai, destStation=suzhou), Ticket(seatNo=2047347471, startStation=shanghai, destStation=suzhou), Ticket(seatNo=2112226830, startStation=shanghai, destStation=suzhou), Ticket(seatNo=471687199, startStation=shanghai, destStation=suzhou), Ticket(seatNo=891385160, startStation=shanghai, destStation=suzhou), Ticket(seatNo=52112621, startStation=shanghai, destStation=suzhou), Ticket(seatNo=843566710, startStation=shanghai, destStation=suzhou), Ticket(seatNo=668440018, startStation=shanghai, destStation=suzhou), Ticket(seatNo=1886885132, startStation=shanghai, destStation=suzhou), Ticket(seatNo=1927170957, startStation=shanghai, destStation=suzhou), Ticket(seatNo=1085229400, startStation=shanghai, destStation=suzhou), Ticket(seatNo=707425904, startStation=shanghai, destStation=suzhou), Ticket(seatNo=464947381, startStation=shanghai, destStation=suzhou), Ticket(seatNo=862409196, startStation=shanghai, destStation=suzhou), Ticket(seatNo=1527980233, startStation=shanghai, destStation=suzhou), Ticket(seatNo=1194070081, startStation=shanghai, destStation=suzhou), Ticket(seatNo=698985417, startStation=shanghai, destStation=suzhou), Ticket(seatNo=1434255230, startStation=shanghai, destStation=suzhou), Ticket(seatNo=107342144, startStation=shanghai, destStation=suzhou), Ticket(seatNo=1346447524, startStation=shanghai, destStation=suzhou), Ticket(seatNo=1609976732, startStation=shanghai, destStation=suzhou), Ticket(seatNo=1625975337, startStation=shanghai, destStation=suzhou), Ticket(seatNo=730221217, startStation=shanghai, destStation=suzhou), Ticket(seatNo=1452994271, startStation=shanghai, destStation=suzhou), Ticket(seatNo=2082261134, startStation=shanghai, destStation=suzhou), Ticket(seatNo=1034161263, startStation=shanghai, destStation=suzhou), Ticket(seatNo=1433770610, startStation=shanghai, destStation=suzhou), Ticket(seatNo=1944406239, startStation=shanghai, destStation=suzhou), Ticket(seatNo=806364822, startStation=shanghai, destStation=suzhou), Ticket(seatNo=1474417815, startStation=shanghai, destStation=suzhou), Ticket(seatNo=344808965, startStation=shanghai, destStation=suzhou), Ticket(seatNo=1460046435, startStation=shanghai, destStation=suzhou), Ticket(seatNo=1833738100, startStation=shanghai, destStation=suzhou), Ticket(seatNo=54121485, startStation=shanghai, destStation=suzhou), Ticket(seatNo=478312199, startStation=shanghai, destStation=suzhou), Ticket(seatNo=141657437, startStation=shanghai, destStation=suzhou), Ticket(seatNo=1646294862, startStation=shanghai, destStation=suzhou), Ticket(seatNo=369778934, startStation=shanghai, destStation=suzhou), Ticket(seatNo=1311485713, startStation=shanghai, destStation=suzhou), Ticket(seatNo=1126367806, startStation=shanghai, destStation=suzhou), Ticket(seatNo=1554687036, startStation=shanghai, destStation=suzhou), Ticket(seatNo=566990115, startStation=shanghai, destStation=suzhou), Ticket(seatNo=1175494979, startStation=shanghai, destStation=suzhou), Ticket(seatNo=1541121627, startStation=shanghai, destStation=suzhou), Ticket(seatNo=1203609265, startStation=shanghai, destStation=suzhou), Ticket(seatNo=1921549183, startStation=shanghai, destStation=suzhou), Ticket(seatNo=1918183508, startStation=shanghai, destStation=suzhou), Ticket(seatNo=1598092512, startStation=shanghai, destStation=suzhou), Ticket(seatNo=1267647479, startStation=shanghai, destStation=suzhou), Ticket(seatNo=1640780669, startStation=shanghai, destStation=suzhou), Ticket(seatNo=407197519, startStation=shanghai, destStation=suzhou), Ticket(seatNo=1405122139, startStation=shanghai, destStation=suzhou), Ticket(seatNo=1008516158, startStation=shanghai, destStation=suzhou), Ticket(seatNo=773494342, startStation=shanghai, destStation=suzhou), Ticket(seatNo=1043628352, startStation=shanghai, destStation=suzhou), Ticket(seatNo=146007906, startStation=shanghai, destStation=suzhou), Ticket(seatNo=1530463700, startStation=shanghai, destStation=suzhou), Ticket(seatNo=1879301093, startStation=shanghai, destStation=suzhou), Ticket(seatNo=402964895, startStation=shanghai, destStation=suzhou), Ticket(seatNo=1796322721, startStation=shanghai, destStation=suzhou), Ticket(seatNo=1331075716, startStation=shanghai, destStation=suzhou), Ticket(seatNo=1240049243, startStation=shanghai, destStation=suzhou), Ticket(seatNo=590521180, startStation=shanghai, destStation=suzhou), Ticket(seatNo=1506651732, startStation=shanghai, destStation=suzhou), Ticket(seatNo=1873621396, startStation=shanghai, destStation=suzhou), Ticket(seatNo=2132514663, startStation=shanghai, destStation=suzhou), Ticket(seatNo=97126401, startStation=shanghai, destStation=suzhou), Ticket(seatNo=1143590204, startStation=shanghai, destStation=suzhou), Ticket(seatNo=1203471531, startStation=shanghai, destStation=suzhou), Ticket(seatNo=1081967951, startStation=shanghai, destStation=suzhou), Ticket(seatNo=1361949694, startStation=shanghai, destStation=suzhou), Ticket(seatNo=770819065, startStation=shanghai, destStation=suzhou), Ticket(seatNo=1734991119, startStation=shanghai, destStation=suzhou), Ticket(seatNo=1171302207, startStation=shanghai, destStation=suzhou), Ticket(seatNo=896926119, startStation=shanghai, destStation=suzhou), Ticket(seatNo=429977698, startStation=shanghai, destStation=suzhou), Ticket(seatNo=1700949544, startStation=shanghai, destStation=suzhou), Ticket(seatNo=1993109739, startStation=shanghai, destStation=suzhou), Ticket(seatNo=95888109, startStation=shanghai, destStation=suzhou), Ticket(seatNo=1754065861, startStation=shanghai, destStation=suzhou), Ticket(seatNo=154019644, startStation=shanghai, destStation=suzhou), Ticket(seatNo=524582401, startStation=shanghai, destStation=suzhou), Ticket(seatNo=1334753364, startStation=shanghai, destStation=suzhou), Ticket(seatNo=1986288796, startStation=shanghai, destStation=suzhou), Ticket(seatNo=554296196, startStation=shanghai, destStation=suzhou), Ticket(seatNo=633463036, startStation=shanghai, destStation=suzhou), Ticket(seatNo=436767015, startStation=shanghai, destStation=suzhou), Ticket(seatNo=1239327412, startStation=shanghai, destStation=suzhou), Ticket(seatNo=790314884, startStation=shanghai, destStation=suzhou), Ticket(seatNo=767880562, startStation=shanghai, destStation=suzhou), Ticket(seatNo=1882983382, startStation=shanghai, destStation=suzhou), Ticket(seatNo=1796077830, startStation=shanghai, destStation=suzhou), Ticket(seatNo=1256846996, startStation=shanghai, destStation=suzhou), Ticket(seatNo=388145690, startStation=shanghai, destStation=suzhou), Ticket(seatNo=1277071603, startStation=shanghai, destStation=suzhou), Ticket(seatNo=796991928, startStation=shanghai, destStation=suzhou), Ticket(seatNo=884504981, startStation=shanghai, destStation=suzhou), Ticket(seatNo=967371941, startStation=shanghai, destStation=suzhou), Ticket(seatNo=2003998246, startStation=shanghai, destStation=suzhou), Ticket(seatNo=255953355, startStation=shanghai, destStation=suzhou), Ticket(seatNo=939595525, startStation=shanghai, destStation=suzhou), Ticket(seatNo=1544334905, startStation=shanghai, destStation=suzhou), Ticket(seatNo=1102117997, startStation=shanghai, destStation=suzhou), Ticket(seatNo=1635610308, startStation=shanghai, destStation=suzhou), Ticket(seatNo=592648285, startStation=shanghai, destStation=suzhou), Ticket(seatNo=66104728, startStation=shanghai, destStation=suzhou), Ticket(seatNo=1613887154, startStation=shanghai, destStation=suzhou), Ticket(seatNo=1525464784, startStation=shanghai, destStation=suzhou), Ticket(seatNo=2133302187, startStation=shanghai, destStation=suzhou), Ticket(seatNo=6271054, startStation=shanghai, destStation=suzhou), Ticket(seatNo=2008071408, startStation=shanghai, destStation=suzhou), Ticket(seatNo=1652274605, startStation=shanghai, destStation=suzhou), Ticket(seatNo=277571395, startStation=shanghai, destStation=suzhou), Ticket(seatNo=1196333812, startStation=shanghai, destStation=suzhou), Ticket(seatNo=579526857, startStation=shanghai, destStation=suzhou), Ticket(seatNo=2105768386, startStation=shanghai, destStation=suzhou), Ticket(seatNo=373807162, startStation=shanghai, destStation=suzhou), Ticket(seatNo=653737940, startStation=shanghai, destStation=suzhou), Ticket(seatNo=1642434373, startStation=shanghai, destStation=suzhou), Ticket(seatNo=1488059796, startStation=shanghai, destStation=suzhou), Ticket(seatNo=1551628343, startStation=shanghai, destStation=suzhou), Ticket(seatNo=768843654, startStation=shanghai, destStation=suzhou), Ticket(seatNo=368572971, startStation=shanghai, destStation=suzhou), Ticket(seatNo=1880391439, startStation=shanghai, destStation=suzhou), Ticket(seatNo=820971079, startStation=shanghai, destStation=suzhou), Ticket(seatNo=1977222074, startStation=shanghai, destStation=suzhou), Ticket(seatNo=321239528, startStation=shanghai, destStation=suzhou), Ticket(seatNo=1431760116, startStation=shanghai, destStation=suzhou), Ticket(seatNo=1345938270, startStation=shanghai, destStation=suzhou), Ticket(seatNo=2007250301, startStation=shanghai, destStation=suzhou), Ticket(seatNo=57757292, startStation=shanghai, destStation=suzhou), Ticket(seatNo=2033777081, startStation=shanghai, destStation=suzhou), Ticket(seatNo=1685037576, startStation=shanghai, destStation=suzhou), Ticket(seatNo=1234414041, startStation=shanghai, destStation=suzhou), Ticket(seatNo=1188886554, startStation=shanghai, destStation=suzhou), Ticket(seatNo=1398540255, startStation=shanghai, destStation=suzhou), Ticket(seatNo=1505819981, startStation=shanghai, destStation=suzhou), Ticket(seatNo=610865531, startStation=shanghai, destStation=suzhou), Ticket(seatNo=885526982, startStation=shanghai, destStation=suzhou), Ticket(seatNo=1341903663, startStation=shanghai, destStation=suzhou), Ticket(seatNo=409751086, startStation=shanghai, destStation=suzhou), Ticket(seatNo=969849650, startStation=shanghai, destStation=suzhou), Ticket(seatNo=1181612285, startStation=shanghai, destStation=suzhou), Ticket(seatNo=580513787, startStation=shanghai, destStation=suzhou), Ticket(seatNo=1337517061, startStation=shanghai, destStation=suzhou), Ticket(seatNo=2106329292, startStation=shanghai, destStation=suzhou), Ticket(seatNo=1008735637, startStation=shanghai, destStation=suzhou), Ticket(seatNo=1983953833, startStation=shanghai, destStation=suzhou), Ticket(seatNo=629859133, startStation=shanghai, destStation=suzhou), Ticket(seatNo=1693615987, startStation=shanghai, destStation=suzhou), Ticket(seatNo=665929265, startStation=shanghai, destStation=suzhou), Ticket(seatNo=1625899717, startStation=shanghai, destStation=suzhou), Ticket(seatNo=691667494, startStation=shanghai, destStation=suzhou), Ticket(seatNo=716244515, startStation=shanghai, destStation=suzhou), Ticket(seatNo=146358183, startStation=shanghai, destStation=suzhou), Ticket(seatNo=494530580, startStation=shanghai, destStation=suzhou), Ticket(seatNo=1831095362, startStation=shanghai, destStation=suzhou), Ticket(seatNo=1775851249, startStation=shanghai, destStation=suzhou), Ticket(seatNo=1616593235, startStation=shanghai, destStation=suzhou), Ticket(seatNo=2070280767, startStation=shanghai, destStation=suzhou), Ticket(seatNo=1077203125, startStation=shanghai, destStation=suzhou), Ticket(seatNo=414945371, startStation=shanghai, destStation=suzhou), Ticket(seatNo=1399524661, startStation=shanghai, destStation=suzhou), Ticket(seatNo=1254215660, startStation=shanghai, destStation=suzhou), Ticket(seatNo=1008619349, startStation=shanghai, destStation=suzhou), Ticket(seatNo=748345910, startStation=shanghai, destStation=suzhou), Ticket(seatNo=1518146377, startStation=shanghai, destStation=suzhou), Ticket(seatNo=1775631158, startStation=shanghai, destStation=suzhou), Ticket(seatNo=209526615, startStation=shanghai, destStation=suzhou), Ticket(seatNo=329736953, startStation=shanghai, destStation=suzhou), Ticket(seatNo=1720990615, startStation=shanghai, destStation=suzhou), Ticket(seatNo=161055820, startStation=shanghai, destStation=suzhou), Ticket(seatNo=251113415, startStation=shanghai, destStation=suzhou), Ticket(seatNo=1198421777, startStation=shanghai, destStation=suzhou), Ticket(seatNo=1759358576, startStation=shanghai, destStation=suzhou), Ticket(seatNo=877350021, startStation=shanghai, destStation=suzhou), Ticket(seatNo=1312038844, startStation=shanghai, destStation=suzhou), Ticket(seatNo=2029826895, startStation=shanghai, destStation=suzhou), Ticket(seatNo=423504501, startStation=shanghai, destStation=suzhou), Ticket(seatNo=1556416438, startStation=shanghai, destStation=suzhou), Ticket(seatNo=1301822896, startStation=shanghai, destStation=suzhou), Ticket(seatNo=1795669000, startStation=shanghai, destStation=suzhou), Ticket(seatNo=2109021591, startStation=shanghai, destStation=suzhou), Ticket(seatNo=1896961319, startStation=shanghai, destStation=suzhou), Ticket(seatNo=1501860739, startStation=shanghai, destStation=suzhou), Ticket(seatNo=670484785, startStation=shanghai, destStation=suzhou), Ticket(seatNo=605778711, startStation=shanghai, destStation=suzhou), Ticket(seatNo=647991026, startStation=shanghai, destStation=suzhou), Ticket(seatNo=1312209848, startStation=shanghai, destStation=suzhou), Ticket(seatNo=795533255, startStation=shanghai, destStation=suzhou), Ticket(seatNo=1727000194, startStation=shanghai, destStation=suzhou), Ticket(seatNo=1514781946, startStation=shanghai, destStation=suzhou), Ticket(seatNo=1528089102, startStation=shanghai, destStation=suzhou), Ticket(seatNo=1843632525, startStation=shanghai, destStation=suzhou), Ticket(seatNo=1789842840, startStation=shanghai, destStation=suzhou), Ticket(seatNo=1584441848, startStation=shanghai, destStation=suzh"",""stream"":""stdout"",""time"":""2025-06-06T09:23:03.691807848Z""}"
2025-06-06T09:23:03.684785998Z,1674984183684785998,33.33.33.76,ts-order-service-5b67c48447-mv5hb,server,0472f5c8fe4b980ed6c1b447ff4d7ec5,19e4153e3d463067,"{""log"":""17:23:03.684 INFO  o.c.OrderController#39 TraceID: 0472f5c8fe4b980ed6c1b447ff4d7ec5 SpanID: 19e4153e3d463067 [getSoldTickets][Get Sold Ticket][Travel Date: 2023-01-29]\n"",""stream"":""stdout"",""time"":""2025-06-06T09:23:03.684785998Z""}"
2025-06-06T09:23:03.57350998Z,1674984183573509980,33.33.33.76,ts-order-service-5b67c48447-mv5hb,server,0472f5c8fe4b980ed6c1b447ff4d7ec5,658142a7f4110a41,"{""log"":""17:23:03.572 INFO  o.s.OrderServiceImpl#65 TraceID: 0472f5c8fe4b980ed6c1b447ff4d7ec5 SpanID: 658142a7f4110a41 [getSoldTickets][Left ticket info][info is: LeftTicketInfo{soldTickets=[Ticket(seatNo=201009634, startStation=shanghai, destStation=suzhou), Ticket(seatNo=793856134, startStation=shanghai, destStation=suzhou), Ticket(seatNo=1460607244, startStation=shanghai, destStation=suzhou), Ticket(seatNo=1893506521, startStation=shanghai, destStation=suzhou), Ticket(seatNo=1380769004, startStation=shanghai, destStation=suzhou), Ticket(seatNo=603898922, startStation=shanghai, destStation=suzhou), Ticket(seatNo=2143932925, startStation=shanghai, destStation=suzhou), Ticket(seatNo=1561348498, startStation=shanghai, destStation=suzhou), Ticket(seatNo=886885033, startStation=shanghai, destStation=suzhou), Ticket(seatNo=422262624, startStation=shanghai, destStation=suzhou), Ticket(seatNo=361790838, startStation=shanghai, destStation=suzhou), Ticket(seatNo=266878641, startStation=shanghai, destStation=suzhou), Ticket(seatNo=1121266960, startStation=shanghai, destStation=suzhou), Ticket(seatNo=487102316, startStation=shanghai, destStation=suzhou), Ticket(seatNo=1374930393, startStation=shanghai, destStation=suzhou), Ticket(seatNo=1767519527, startStation=shanghai, destStation=suzhou), Ticket(seatNo=1803156456, startStation=shanghai, destStation=suzhou), Ticket(seatNo=313223057, startStation=shanghai, destStation=suzhou), Ticket(seatNo=1524529309, startStation=shanghai, destStation=suzhou), Ticket(seatNo=670312232, startStation=shanghai, destStation=suzhou), Ticket(seatNo=1946032193, startStation=shanghai, destStation=suzhou), Ticket(seatNo=828994518, startStation=shanghai, destStation=suzhou), Ticket(seatNo=1079442689, startStation=shanghai, destStation=suzhou), Ticket(seatNo=710165669, startStation=shanghai, destStation=suzhou), Ticket(seatNo=1012345336, startStation=shanghai, destStation=suzhou), Ticket(seatNo=44007696, startStation=shanghai, destStation=suzhou), Ticket(seatNo=2038743294, startStation=shanghai, destStation=suzhou), Ticket(seatNo=674075465, startStation=shanghai, destStation=suzhou), Ticket(seatNo=1337412878, startStation=shanghai, destStation=suzhou), Ticket(seatNo=1252360897, startStation=shanghai, destStation=suzhou), Ticket(seatNo=1084947215, startStation=shanghai, destStation=suzhou), Ticket(seatNo=349324291, startStation=shanghai, destStation=suzhou), Ticket(seatNo=612611721, startStation=shanghai, destStation=suzhou), Ticket(seatNo=1914907225, startStation=shanghai, destStation=suzhou), Ticket(seatNo=1033454023, startStation=shanghai, destStation=suzhou), Ticket(seatNo=146315145, startStation=shanghai, destStation=suzhou), Ticket(seatNo=507669879, startStation=shanghai, destStation=suzhou), Ticket(seatNo=1114532875, startStation=shanghai, destStation=suzhou), Ticket(seatNo=2047347471, startStation=shanghai, destStation=suzhou), Ticket(seatNo=2112226830, startStation=shanghai, destStation=suzhou), Ticket(seatNo=471687199, startStation=shanghai, destStation=suzhou), Ticket(seatNo=891385160, startStation=shanghai, destStation=suzhou), Ticket(seatNo=52112621, startStation=shanghai, destStation=suzhou), Ticket(seatNo=843566710, startStation=shanghai, destStation=suzhou), Ticket(seatNo=668440018, startStation=shanghai, destStation=suzhou), Ticket(seatNo=1886885132, startStation=shanghai, destStation=suzhou), Ticket(seatNo=1927170957, startStation=shanghai, destStation=suzhou), Ticket(seatNo=1085229400, startStation=shanghai, destStation=suzhou), Ticket(seatNo=707425904, startStation=shanghai, destStation=suzhou), Ticket(seatNo=464947381, startStation=shanghai, destStation=suzhou), Ticket(seatNo=862409196, startStation=shanghai, destStation=suzhou), Ticket(seatNo=1527980233, startStation=shanghai, destStation=suzhou), Ticket(seatNo=1194070081, startStation=shanghai, destStation=suzhou), Ticket(seatNo=698985417, startStation=shanghai, destStation=suzhou), Ticket(seatNo=1434255230, startStation=shanghai, destStation=suzhou), Ticket(seatNo=107342144, startStation=shanghai, destStation=suzhou), Ticket(seatNo=1346447524, startStation=shanghai, destStation=suzhou), Ticket(seatNo=1609976732, startStation=shanghai, destStation=suzhou), Ticket(seatNo=1625975337, startStation=shanghai, destStation=suzhou), Ticket(seatNo=730221217, startStation=shanghai, destStation=suzhou), Ticket(seatNo=1452994271, startStation=shanghai, destStation=suzhou), Ticket(seatNo=2082261134, startStation=shanghai, destStation=suzhou), Ticket(seatNo=1034161263, startStation=shanghai, destStation=suzhou), Ticket(seatNo=1433770610, startStation=shanghai, destStation=suzhou), Ticket(seatNo=1944406239, startStation=shanghai, destStation=suzhou), Ticket(seatNo=806364822, startStation=shanghai, destStation=suzhou), Ticket(seatNo=1474417815, startStation=shanghai, destStation=suzhou), Ticket(seatNo=344808965, startStation=shanghai, destStation=suzhou), Ticket(seatNo=1460046435, startStation=shanghai, destStation=suzhou), Ticket(seatNo=1833738100, startStation=shanghai, destStation=suzhou), Ticket(seatNo=54121485, startStation=shanghai, destStation=suzhou), Ticket(seatNo=478312199, startStation=shanghai, destStation=suzhou), Ticket(seatNo=141657437, startStation=shanghai, destStation=suzhou), Ticket(seatNo=1646294862, startStation=shanghai, destStation=suzhou), Ticket(seatNo=369778934, startStation=shanghai, destStation=suzhou), Ticket(seatNo=1311485713, startStation=shanghai, destStation=suzhou), Ticket(seatNo=1126367806, startStation=shanghai, destStation=suzhou), Ticket(seatNo=1554687036, startStation=shanghai, destStation=suzhou), Ticket(seatNo=566990115, startStation=shanghai, destStation=suzhou), Ticket(seatNo=1175494979, startStation=shanghai, destStation=suzhou), Ticket(seatNo=1541121627, startStation=shanghai, destStation=suzhou), Ticket(seatNo=1203609265, startStation=shanghai, destStation=suzhou), Ticket(seatNo=1921549183, startStation=shanghai, destStation=suzhou), Ticket(seatNo=1918183508, startStation=shanghai, destStation=suzhou), Ticket(seatNo=1598092512, startStation=shanghai, destStation=suzhou), Ticket(seatNo=1267647479, startStation=shanghai, destStation=suzhou), Ticket(seatNo=1640780669, startStation=shanghai, destStation=suzhou), Ticket(seatNo=407197519, startStation=shanghai, destStation=suzhou), Ticket(seatNo=1405122139, startStation=shanghai, destStation=suzhou), Ticket(seatNo=1008516158, startStation=shanghai, destStation=suzhou), Ticket(seatNo=773494342, startStation=shanghai, destStation=suzhou), Ticket(seatNo=1043628352, startStation=shanghai, destStation=suzhou), Ticket(seatNo=146007906, startStation=shanghai, destStation=suzhou), Ticket(seatNo=1530463700, startStation=shanghai, destStation=suzhou), Ticket(seatNo=1879301093, startStation=shanghai, destStation=suzhou), Ticket(seatNo=402964895, startStation=shanghai, destStation=suzhou), Ticket(seatNo=1796322721, startStation=shanghai, destStation=suzhou), Ticket(seatNo=1331075716, startStation=shanghai, destStation=suzhou), Ticket(seatNo=1240049243, startStation=shanghai, destStation=suzhou), Ticket(seatNo=590521180, startStation=shanghai, destStation=suzhou), Ticket(seatNo=1506651732, startStation=shanghai, destStation=suzhou), Ticket(seatNo=1873621396, startStation=shanghai, destStation=suzhou), Ticket(seatNo=2132514663, startStation=shanghai, destStation=suzhou), Ticket(seatNo=97126401, startStation=shanghai, destStation=suzhou), Ticket(seatNo=1143590204, startStation=shanghai, destStation=suzhou), Ticket(seatNo=1203471531, startStation=shanghai, destStation=suzhou), Ticket(seatNo=1081967951, startStation=shanghai, destStation=suzhou), Ticket(seatNo=1361949694, startStation=shanghai, destStation=suzhou), Ticket(seatNo=770819065, startStation=shanghai, destStation=suzhou), Ticket(seatNo=1734991119, startStation=shanghai, destStation=suzhou), Ticket(seatNo=1171302207, startStation=shanghai, destStation=suzhou), Ticket(seatNo=896926119, startStation=shanghai, destStation=suzhou), Ticket(seatNo=429977698, startStation=shanghai, destStation=suzhou), Ticket(seatNo=1700949544, startStation=shanghai, destStation=suzhou), Ticket(seatNo=1993109739, startStation=shanghai, destStation=suzhou), Ticket(seatNo=95888109, startStation=shanghai, destStation=suzhou), Ticket(seatNo=1754065861, startStation=shanghai, destStation=suzhou), Ticket(seatNo=154019644, startStation=shanghai, destStation=suzhou), Ticket(seatNo=524582401, startStation=shanghai, destStation=suzhou), Ticket(seatNo=1334753364, startStation=shanghai, destStation=suzhou), Ticket(seatNo=1986288796, startStation=shanghai, destStation=suzhou), Ticket(seatNo=554296196, startStation=shanghai, destStation=suzhou), Ticket(seatNo=633463036, startStation=shanghai, destStation=suzhou), Ticket(seatNo=436767015, startStation=shanghai, destStation=suzhou), Ticket(seatNo=1239327412, startStation=shanghai, destStation=suzhou), Ticket(seatNo=790314884, startStation=shanghai, destStation=suzhou), Ticket(seatNo=767880562, startStation=shanghai, destStation=suzhou), Ticket(seatNo=1882983382, startStation=shanghai, destStation=suzhou), Ticket(seatNo=1796077830, startStation=shanghai, destStation=suzhou), Ticket(seatNo=1256846996, startStation=shanghai, destStation=suzhou), Ticket(seatNo=388145690, startStation=shanghai, destStation=suzhou), Ticket(seatNo=1277071603, startStation=shanghai, destStation=suzhou), Ticket(seatNo=796991928, startStation=shanghai, destStation=suzhou), Ticket(seatNo=884504981, startStation=shanghai, destStation=suzhou), Ticket(seatNo=967371941, startStation=shanghai, destStation=suzhou), Ticket(seatNo=2003998246, startStation=shanghai, destStation=suzhou), Ticket(seatNo=255953355, startStation=shanghai, destStation=suzhou), Ticket(seatNo=939595525, startStation=shanghai, destStation=suzhou), Ticket(seatNo=1544334905, startStation=shanghai, destStation=suzhou), Ticket(seatNo=1102117997, startStation=shanghai, destStation=suzhou), Ticket(seatNo=1635610308, startStation=shanghai, destStation=suzhou), Ticket(seatNo=592648285, startStation=shanghai, destStation=suzhou), Ticket(seatNo=66104728, startStation=shanghai, destStation=suzhou), Ticket(seatNo=1613887154, startStation=shanghai, destStation=suzhou), Ticket(seatNo=1525464784, startStation=shanghai, destStation=suzhou), Ticket(seatNo=2133302187, startStation=shanghai, destStation=suzhou), Ticket(seatNo=6271054, startStation=shanghai, destStation=suzhou), Ticket(seatNo=2008071408, startStation=shanghai, destStation=suzhou), Ticket(seatNo=1652274605, startStation=shanghai, destStation=suzhou), Ticket(seatNo=277571395, startStation=shanghai, destStation=suzhou), Ticket(seatNo=1196333812, startStation=shanghai, destStation=suzhou), Ticket(seatNo=579526857, startStation=shanghai, destStation=suzhou), Ticket(seatNo=2105768386, startStation=shanghai, destStation=suzhou), Ticket(seatNo=373807162, startStation=shanghai, destStation=suzhou), Ticket(seatNo=653737940, startStation=shanghai, destStation=suzhou), Ticket(seatNo=1642434373, startStation=shanghai, destStation=suzhou), Ticket(seatNo=1488059796, startStation=shanghai, destStation=suzhou), Ticket(seatNo=1551628343, startStation=shanghai, destStation=suzhou), Ticket(seatNo=768843654, startStation=shanghai, destStation=suzhou), Ticket(seatNo=368572971, startStation=shanghai, destStation=suzhou), Ticket(seatNo=1880391439, startStation=shanghai, destStation=suzhou), Ticket(seatNo=820971079, startStation=shanghai, destStation=suzhou), Ticket(seatNo=1977222074, startStation=shanghai, destStation=suzhou), Ticket(seatNo=321239528, startStation=shanghai, destStation=suzhou), Ticket(seatNo=1431760116, startStation=shanghai, destStation=suzhou), Ticket(seatNo=1345938270, startStation=shanghai, destStation=suzhou), Ticket(seatNo=2007250301, startStation=shanghai, destStation=suzhou), Ticket(seatNo=57757292, startStation=shanghai, destStation=suzhou), Ticket(seatNo=2033777081, startStation=shanghai, destStation=suzhou), Ticket(seatNo=1685037576, startStation=shanghai, destStation=suzhou), Ticket(seatNo=1234414041, startStation=shanghai, destStation=suzhou), Ticket(seatNo=1188886554, startStation=shanghai, destStation=suzhou), Ticket(seatNo=1398540255, startStation=shanghai, destStation=suzhou), Ticket(seatNo=1505819981, startStation=shanghai, destStation=suzhou), Ticket(seatNo=610865531, startStation=shanghai, destStation=suzhou), Ticket(seatNo=885526982, startStation=shanghai, destStation=suzhou), Ticket(seatNo=1341903663, startStation=shanghai, destStation=suzhou), Ticket(seatNo=409751086, startStation=shanghai, destStation=suzhou), Ticket(seatNo=969849650, startStation=shanghai, destStation=suzhou), Ticket(seatNo=1181612285, startStation=shanghai, destStation=suzhou), Ticket(seatNo=580513787, startStation=shanghai, destStation=suzhou), Ticket(seatNo=1337517061, startStation=shanghai, destStation=suzhou), Ticket(seatNo=2106329292, startStation=shanghai, destStation=suzhou), Ticket(seatNo=1008735637, startStation=shanghai, destStation=suzhou), Ticket(seatNo=1983953833, startStation=shanghai, destStation=suzhou), Ticket(seatNo=629859133, startStation=shanghai, destStation=suzhou), Ticket(seatNo=1693615987, startStation=shanghai, destStation=suzhou), Ticket(seatNo=665929265, startStation=shanghai, destStation=suzhou), Ticket(seatNo=1625899717, startStation=shanghai, destStation=suzhou), Ticket(seatNo=691667494, startStation=shanghai, destStation=suzhou), Ticket(seatNo=716244515, startStation=shanghai, destStation=suzhou), Ticket(seatNo=146358183, startStation=shanghai, destStation=suzhou), Ticket(seatNo=494530580, startStation=shanghai, destStation=suzhou), Ticket(seatNo=1831095362, startStation=shanghai, destStation=suzhou), Ticket(seatNo=1775851249, startStation=shanghai, destStation=suzhou), Ticket(seatNo=1616593235, startStation=shanghai, destStation=suzhou), Ticket(seatNo=2070280767, startStation=shanghai, destStation=suzhou), Ticket(seatNo=1077203125, startStation=shanghai, destStation=suzhou), Ticket(seatNo=414945371, startStation=shanghai, destStation=suzhou), Ticket(seatNo=1399524661, startStation=shanghai, destStation=suzhou), Ticket(seatNo=1254215660, startStation=shanghai, destStation=suzhou), Ticket(seatNo=1008619349, startStation=shanghai, destStation=suzhou), Ticket(seatNo=748345910, startStation=shanghai, destStation=suzhou), Ticket(seatNo=1518146377, startStation=shanghai, destStation=suzhou), Ticket(seatNo=1775631158, startStation=shanghai, destStation=suzhou), Ticket(seatNo=209526615, startStation=shanghai, destStation=suzhou), Ticket(seatNo=329736953, startStation=shanghai, destStation=suzhou), Ticket(seatNo=1720990615, startStation=shanghai, destStation=suzhou), Ticket(seatNo=161055820, startStation=shanghai, destStation=suzhou), Ticket(seatNo=251113415, startStation=shanghai, destStation=suzhou), Ticket(seatNo=1198421777, startStation=shanghai, destStation=suzhou), Ticket(seatNo=1759358576, startStation=shanghai, destStation=suzhou), Ticket(seatNo=877350021, startStation=shanghai, destStation=suzhou), Ticket(seatNo=1312038844, startStation=shanghai, destStation=suzhou), Ticket(seatNo=2029826895, startStation=shanghai, destStation=suzhou), Ticket(seatNo=423504501, startStation=shanghai, destStation=suzhou), Ticket(seatNo=1556416438, startStation=shanghai, destStation=suzhou), Ticket(seatNo=1301822896, startStation=shanghai, destStation=suzhou), Ticket(seatNo=1795669000, startStation=shanghai, destStation=suzhou), Ticket(seatNo=2109021591, startStation=shanghai, destStation=suzhou), Ticket(seatNo=1896961319, startStation=shanghai, destStation=suzhou), Ticket(seatNo=1501860739, startStation=shanghai, destStation=suzhou), Ticket(seatNo=670484785, startStation=shanghai, destStation=suzhou), Ticket(seatNo=605778711, startStation=shanghai, destStation=suzhou), Ticket(seatNo=647991026, startStation=shanghai, destStation=suzhou), Ticket(seatNo=1312209848, startStation=shanghai, destStation=suzhou), Ticket(seatNo=795533255, startStation=shanghai, destStation=suzhou), Ticket(seatNo=1727000194, startStation=shanghai, destStation=suzhou), Ticket(seatNo=1514781946, startStation=shanghai, destStation=suzhou), Ticket(seatNo=1528089102, startStation=shanghai, destStation=suzhou), Ticket(seatNo=1843632525, startStation=shanghai, destStation=suzhou), Ticket(seatNo=1789842840, startStation=shanghai, destStation=suzhou), Ticket(seatNo=1584441848, startStation=shanghai, destStation=suzh"",""stream"":""stdout"",""time"":""2025-06-06T09:23:03.57350998Z""}"
2025-06-06T09:23:03.566528009Z,1674984183566528009,33.33.33.76,ts-order-service-5b67c48447-mv5hb,server,0472f5c8fe4b980ed6c1b447ff4d7ec5,658142a7f4110a41,"{""log"":""17:23:03.566 INFO  o.c.OrderController#39 TraceID: 0472f5c8fe4b980ed6c1b447ff4d7ec5 SpanID: 658142a7f4110a41 [getSoldTickets][Get Sold Ticket][Travel Date: 2023-01-29]\n"",""stream"":""stdout"",""time"":""2025-06-06T09:23:03.566528009Z""}"
2025-06-06T09:23:03.531355633Z,1674984183531355633,33.33.33.76,ts-order-service-5b67c48447-mv5hb,server,0472f5c8fe4b980ed6c1b447ff4d7ec5,73d975c605429782,"{""log"":""17:23:03.529 INFO  o.s.OrderServiceImpl#65 TraceID: 0472f5c8fe4b980ed6c1b447ff4d7ec5 SpanID: 73d975c605429782 [getSoldTickets][Left ticket info][info is: LeftTicketInfo{soldTickets=[Ticket(seatNo=201009634, startStation=shanghai, destStation=suzhou), Ticket(seatNo=793856134, startStation=shanghai, destStation=suzhou), Ticket(seatNo=1460607244, startStation=shanghai, destStation=suzhou), Ticket(seatNo=1893506521, startStation=shanghai, destStation=suzhou), Ticket(seatNo=1380769004, startStation=shanghai, destStation=suzhou), Ticket(seatNo=603898922, startStation=shanghai, destStation=suzhou), Ticket(seatNo=2143932925, startStation=shanghai, destStation=suzhou), Ticket(seatNo=1561348498, startStation=shanghai, destStation=suzhou), Ticket(seatNo=886885033, startStation=shanghai, destStation=suzhou), Ticket(seatNo=422262624, startStation=shanghai, destStation=suzhou), Ticket(seatNo=361790838, startStation=shanghai, destStation=suzhou), Ticket(seatNo=266878641, startStation=shanghai, destStation=suzhou), Ticket(seatNo=1121266960, startStation=shanghai, destStation=suzhou), Ticket(seatNo=487102316, startStation=shanghai, destStation=suzhou), Ticket(seatNo=1374930393, startStation=shanghai, destStation=suzhou), Ticket(seatNo=1767519527, startStation=shanghai, destStation=suzhou), Ticket(seatNo=1803156456, startStation=shanghai, destStation=suzhou), Ticket(seatNo=313223057, startStation=shanghai, destStation=suzhou), Ticket(seatNo=1524529309, startStation=shanghai, destStation=suzhou), Ticket(seatNo=670312232, startStation=shanghai, destStation=suzhou), Ticket(seatNo=1946032193, startStation=shanghai, destStation=suzhou), Ticket(seatNo=828994518, startStation=shanghai, destStation=suzhou), Ticket(seatNo=1079442689, startStation=shanghai, destStation=suzhou), Ticket(seatNo=710165669, startStation=shanghai, destStation=suzhou), Ticket(seatNo=1012345336, startStation=shanghai, destStation=suzhou), Ticket(seatNo=44007696, startStation=shanghai, destStation=suzhou), Ticket(seatNo=2038743294, startStation=shanghai, destStation=suzhou), Ticket(seatNo=674075465, startStation=shanghai, destStation=suzhou), Ticket(seatNo=1337412878, startStation=shanghai, destStation=suzhou), Ticket(seatNo=1252360897, startStation=shanghai, destStation=suzhou), Ticket(seatNo=1084947215, startStation=shanghai, destStation=suzhou), Ticket(seatNo=349324291, startStation=shanghai, destStation=suzhou), Ticket(seatNo=612611721, startStation=shanghai, destStation=suzhou), Ticket(seatNo=1914907225, startStation=shanghai, destStation=suzhou), Ticket(seatNo=1033454023, startStation=shanghai, destStation=suzhou), Ticket(seatNo=146315145, startStation=shanghai, destStation=suzhou), Ticket(seatNo=507669879, startStation=shanghai, destStation=suzhou), Ticket(seatNo=1114532875, startStation=shanghai, destStation=suzhou), Ticket(seatNo=2047347471, startStation=shanghai, destStation=suzhou), Ticket(seatNo=2112226830, startStation=shanghai, destStation=suzhou), Ticket(seatNo=471687199, startStation=shanghai, destStation=suzhou), Ticket(seatNo=891385160, startStation=shanghai, destStation=suzhou), Ticket(seatNo=52112621, startStation=shanghai, destStation=suzhou), Ticket(seatNo=843566710, startStation=shanghai, destStation=suzhou), Ticket(seatNo=668440018, startStation=shanghai, destStation=suzhou), Ticket(seatNo=1886885132, startStation=shanghai, destStation=suzhou), Ticket(seatNo=1927170957, startStation=shanghai, destStation=suzhou), Ticket(seatNo=1085229400, startStation=shanghai, destStation=suzhou), Ticket(seatNo=707425904, startStation=shanghai, destStation=suzhou), Ticket(seatNo=464947381, startStation=shanghai, destStation=suzhou), Ticket(seatNo=862409196, startStation=shanghai, destStation=suzhou), Ticket(seatNo=1527980233, startStation=shanghai, destStation=suzhou), Ticket(seatNo=1194070081, startStation=shanghai, destStation=suzhou), Ticket(seatNo=698985417, startStation=shanghai, destStation=suzhou), Ticket(seatNo=1434255230, startStation=shanghai, destStation=suzhou), Ticket(seatNo=107342144, startStation=shanghai, destStation=suzhou), Ticket(seatNo=1346447524, startStation=shanghai, destStation=suzhou), Ticket(seatNo=1609976732, startStation=shanghai, destStation=suzhou), Ticket(seatNo=1625975337, startStation=shanghai, destStation=suzhou), Ticket(seatNo=730221217, startStation=shanghai, destStation=suzhou), Ticket(seatNo=1452994271, startStation=shanghai, destStation=suzhou), Ticket(seatNo=2082261134, startStation=shanghai, destStation=suzhou), Ticket(seatNo=1034161263, startStation=shanghai, destStation=suzhou), Ticket(seatNo=1433770610, startStation=shanghai, destStation=suzhou), Ticket(seatNo=1944406239, startStation=shanghai, destStation=suzhou), Ticket(seatNo=806364822, startStation=shanghai, destStation=suzhou), Ticket(seatNo=1474417815, startStation=shanghai, destStation=suzhou), Ticket(seatNo=344808965, startStation=shanghai, destStation=suzhou), Ticket(seatNo=1460046435, startStation=shanghai, destStation=suzhou), Ticket(seatNo=1833738100, startStation=shanghai, destStation=suzhou), Ticket(seatNo=54121485, startStation=shanghai, destStation=suzhou), Ticket(seatNo=478312199, startStation=shanghai, destStation=suzhou), Ticket(seatNo=141657437, startStation=shanghai, destStation=suzhou), Ticket(seatNo=1646294862, startStation=shanghai, destStation=suzhou), Ticket(seatNo=369778934, startStation=shanghai, destStation=suzhou), Ticket(seatNo=1311485713, startStation=shanghai, destStation=suzhou), Ticket(seatNo=1126367806, startStation=shanghai, destStation=suzhou), Ticket(seatNo=1554687036, startStation=shanghai, destStation=suzhou), Ticket(seatNo=566990115, startStation=shanghai, destStation=suzhou), Ticket(seatNo=1175494979, startStation=shanghai, destStation=suzhou), Ticket(seatNo=1541121627, startStation=shanghai, destStation=suzhou), Ticket(seatNo=1203609265, startStation=shanghai, destStation=suzhou), Ticket(seatNo=1921549183, startStation=shanghai, destStation=suzhou), Ticket(seatNo=1918183508, startStation=shanghai, destStation=suzhou), Ticket(seatNo=1598092512, startStation=shanghai, destStation=suzhou), Ticket(seatNo=1267647479, startStation=shanghai, destStation=suzhou), Ticket(seatNo=1640780669, startStation=shanghai, destStation=suzhou), Ticket(seatNo=407197519, startStation=shanghai, destStation=suzhou), Ticket(seatNo=1405122139, startStation=shanghai, destStation=suzhou), Ticket(seatNo=1008516158, startStation=shanghai, destStation=suzhou), Ticket(seatNo=773494342, startStation=shanghai, destStation=suzhou), Ticket(seatNo=1043628352, startStation=shanghai, destStation=suzhou), Ticket(seatNo=146007906, startStation=shanghai, destStation=suzhou), Ticket(seatNo=1530463700, startStation=shanghai, destStation=suzhou), Ticket(seatNo=1879301093, startStation=shanghai, destStation=suzhou), Ticket(seatNo=402964895, startStation=shanghai, destStation=suzhou), Ticket(seatNo=1796322721, startStation=shanghai, destStation=suzhou), Ticket(seatNo=1331075716, startStation=shanghai, destStation=suzhou), Ticket(seatNo=1240049243, startStation=shanghai, destStation=suzhou), Ticket(seatNo=590521180, startStation=shanghai, destStation=suzhou), Ticket(seatNo=1506651732, startStation=shanghai, destStation=suzhou), Ticket(seatNo=1873621396, startStation=shanghai, destStation=suzhou), Ticket(seatNo=2132514663, startStation=shanghai, destStation=suzhou), Ticket(seatNo=97126401, startStation=shanghai, destStation=suzhou), Ticket(seatNo=1143590204, startStation=shanghai, destStation=suzhou), Ticket(seatNo=1203471531, startStation=shanghai, destStation=suzhou), Ticket(seatNo=1081967951, startStation=shanghai, destStation=suzhou), Ticket(seatNo=1361949694, startStation=shanghai, destStation=suzhou), Ticket(seatNo=770819065, startStation=shanghai, destStation=suzhou), Ticket(seatNo=1734991119, startStation=shanghai, destStation=suzhou), Ticket(seatNo=1171302207, startStation=shanghai, destStation=suzhou), Ticket(seatNo=896926119, startStation=shanghai, destStation=suzhou), Ticket(seatNo=429977698, startStation=shanghai, destStation=suzhou), Ticket(seatNo=1700949544, startStation=shanghai, destStation=suzhou), Ticket(seatNo=1993109739, startStation=shanghai, destStation=suzhou), Ticket(seatNo=95888109, startStation=shanghai, destStation=suzhou), Ticket(seatNo=1754065861, startStation=shanghai, destStation=suzhou), Ticket(seatNo=154019644, startStation=shanghai, destStation=suzhou), Ticket(seatNo=524582401, startStation=shanghai, destStation=suzhou), Ticket(seatNo=1334753364, startStation=shanghai, destStation=suzhou), Ticket(seatNo=1986288796, startStation=shanghai, destStation=suzhou), Ticket(seatNo=554296196, startStation=shanghai, destStation=suzhou), Ticket(seatNo=633463036, startStation=shanghai, destStation=suzhou), Ticket(seatNo=436767015, startStation=shanghai, destStation=suzhou), Ticket(seatNo=1239327412, startStation=shanghai, destStation=suzhou), Ticket(seatNo=790314884, startStation=shanghai, destStation=suzhou), Ticket(seatNo=767880562, startStation=shanghai, destStation=suzhou), Ticket(seatNo=1882983382, startStation=shanghai, destStation=suzhou), Ticket(seatNo=1796077830, startStation=shanghai, destStation=suzhou), Ticket(seatNo=1256846996, startStation=shanghai, destStation=suzhou), Ticket(seatNo=388145690, startStation=shanghai, destStation=suzhou), Ticket(seatNo=1277071603, startStation=shanghai, destStation=suzhou), Ticket(seatNo=796991928, startStation=shanghai, destStation=suzhou), Ticket(seatNo=884504981, startStation=shanghai, destStation=suzhou), Ticket(seatNo=967371941, startStation=shanghai, destStation=suzhou), Ticket(seatNo=2003998246, startStation=shanghai, destStation=suzhou), Ticket(seatNo=255953355, startStation=shanghai, destStation=suzhou), Ticket(seatNo=939595525, startStation=shanghai, destStation=suzhou), Ticket(seatNo=1544334905, startStation=shanghai, destStation=suzhou), Ticket(seatNo=1102117997, startStation=shanghai, destStation=suzhou), Ticket(seatNo=1635610308, startStation=shanghai, destStation=suzhou), Ticket(seatNo=592648285, startStation=shanghai, destStation=suzhou), Ticket(seatNo=66104728, startStation=shanghai, destStation=suzhou), Ticket(seatNo=1613887154, startStation=shanghai, destStation=suzhou), Ticket(seatNo=1525464784, startStation=shanghai, destStation=suzhou), Ticket(seatNo=2133302187, startStation=shanghai, destStation=suzhou), Ticket(seatNo=6271054, startStation=shanghai, destStation=suzhou), Ticket(seatNo=2008071408, startStation=shanghai, destStation=suzhou), Ticket(seatNo=1652274605, startStation=shanghai, destStation=suzhou), Ticket(seatNo=277571395, startStation=shanghai, destStation=suzhou), Ticket(seatNo=1196333812, startStation=shanghai, destStation=suzhou), Ticket(seatNo=579526857, startStation=shanghai, destStation=suzhou), Ticket(seatNo=2105768386, startStation=shanghai, destStation=suzhou), Ticket(seatNo=373807162, startStation=shanghai, destStation=suzhou), Ticket(seatNo=653737940, startStation=shanghai, destStation=suzhou), Ticket(seatNo=1642434373, startStation=shanghai, destStation=suzhou), Ticket(seatNo=1488059796, startStation=shanghai, destStation=suzhou), Ticket(seatNo=1551628343, startStation=shanghai, destStation=suzhou), Ticket(seatNo=768843654, startStation=shanghai, destStation=suzhou), Ticket(seatNo=368572971, startStation=shanghai, destStation=suzhou), Ticket(seatNo=1880391439, startStation=shanghai, destStation=suzhou), Ticket(seatNo=820971079, startStation=shanghai, destStation=suzhou), Ticket(seatNo=1977222074, startStation=shanghai, destStation=suzhou), Ticket(seatNo=321239528, startStation=shanghai, destStation=suzhou), Ticket(seatNo=1431760116, startStation=shanghai, destStation=suzhou), Ticket(seatNo=1345938270, startStation=shanghai, destStation=suzhou), Ticket(seatNo=2007250301, startStation=shanghai, destStation=suzhou), Ticket(seatNo=57757292, startStation=shanghai, destStation=suzhou), Ticket(seatNo=2033777081, startStation=shanghai, destStation=suzhou), Ticket(seatNo=1685037576, startStation=shanghai, destStation=suzhou), Ticket(seatNo=1234414041, startStation=shanghai, destStation=suzhou), Ticket(seatNo=1188886554, startStation=shanghai, destStation=suzhou), Ticket(seatNo=1398540255, startStation=shanghai, destStation=suzhou), Ticket(seatNo=1505819981, startStation=shanghai, destStation=suzhou), Ticket(seatNo=610865531, startStation=shanghai, destStation=suzhou), Ticket(seatNo=885526982, startStation=shanghai, destStation=suzhou), Ticket(seatNo=1341903663, startStation=shanghai, destStation=suzhou), Ticket(seatNo=409751086, startStation=shanghai, destStation=suzhou), Ticket(seatNo=969849650, startStation=shanghai, destStation=suzhou), Ticket(seatNo=1181612285, startStation=shanghai, destStation=suzhou), Ticket(seatNo=580513787, startStation=shanghai, destStation=suzhou), Ticket(seatNo=1337517061, startStation=shanghai, destStation=suzhou), Ticket(seatNo=2106329292, startStation=shanghai, destStation=suzhou), Ticket(seatNo=1008735637, startStation=shanghai, destStation=suzhou), Ticket(seatNo=1983953833, startStation=shanghai, destStation=suzhou), Ticket(seatNo=629859133, startStation=shanghai, destStation=suzhou), Ticket(seatNo=1693615987, startStation=shanghai, destStation=suzhou), Ticket(seatNo=665929265, startStation=shanghai, destStation=suzhou), Ticket(seatNo=1625899717, startStation=shanghai, destStation=suzhou), Ticket(seatNo=691667494, startStation=shanghai, destStation=suzhou), Ticket(seatNo=716244515, startStation=shanghai, destStation=suzhou), Ticket(seatNo=146358183, startStation=shanghai, destStation=suzhou), Ticket(seatNo=494530580, startStation=shanghai, destStation=suzhou), Ticket(seatNo=1831095362, startStation=shanghai, destStation=suzhou), Ticket(seatNo=1775851249, startStation=shanghai, destStation=suzhou), Ticket(seatNo=1616593235, startStation=shanghai, destStation=suzhou), Ticket(seatNo=2070280767, startStation=shanghai, destStation=suzhou), Ticket(seatNo=1077203125, startStation=shanghai, destStation=suzhou), Ticket(seatNo=414945371, startStation=shanghai, destStation=suzhou), Ticket(seatNo=1399524661, startStation=shanghai, destStation=suzhou), Ticket(seatNo=1254215660, startStation=shanghai, destStation=suzhou), Ticket(seatNo=1008619349, startStation=shanghai, destStation=suzhou), Ticket(seatNo=748345910, startStation=shanghai, destStation=suzhou), Ticket(seatNo=1518146377, startStation=shanghai, destStation=suzhou), Ticket(seatNo=1775631158, startStation=shanghai, destStation=suzhou), Ticket(seatNo=209526615, startStation=shanghai, destStation=suzhou), Ticket(seatNo=329736953, startStation=shanghai, destStation=suzhou), Ticket(seatNo=1720990615, startStation=shanghai, destStation=suzhou), Ticket(seatNo=161055820, startStation=shanghai, destStation=suzhou), Ticket(seatNo=251113415, startStation=shanghai, destStation=suzhou), Ticket(seatNo=1198421777, startStation=shanghai, destStation=suzhou), Ticket(seatNo=1759358576, startStation=shanghai, destStation=suzhou), Ticket(seatNo=877350021, startStation=shanghai, destStation=suzhou), Ticket(seatNo=1312038844, startStation=shanghai, destStation=suzhou), Ticket(seatNo=2029826895, startStation=shanghai, destStation=suzhou), Ticket(seatNo=423504501, startStation=shanghai, destStation=suzhou), Ticket(seatNo=1556416438, startStation=shanghai, destStation=suzhou), Ticket(seatNo=1301822896, startStation=shanghai, destStation=suzhou), Ticket(seatNo=1795669000, startStation=shanghai, destStation=suzhou), Ticket(seatNo=2109021591, startStation=shanghai, destStation=suzhou), Ticket(seatNo=1896961319, startStation=shanghai, destStation=suzhou), Ticket(seatNo=1501860739, startStation=shanghai, destStation=suzhou), Ticket(seatNo=670484785, startStation=shanghai, destStation=suzhou), Ticket(seatNo=605778711, startStation=shanghai, destStation=suzhou), Ticket(seatNo=647991026, startStation=shanghai, destStation=suzhou), Ticket(seatNo=1312209848, startStation=shanghai, destStation=suzhou), Ticket(seatNo=795533255, startStation=shanghai, destStation=suzhou), Ticket(seatNo=1727000194, startStation=shanghai, destStation=suzhou), Ticket(seatNo=1514781946, startStation=shanghai, destStation=suzhou), Ticket(seatNo=1528089102, startStation=shanghai, destStation=suzhou), Ticket(seatNo=1843632525, startStation=shanghai, destStation=suzhou), Ticket(seatNo=1789842840, startStation=shanghai, destStation=suzhou), Ticket(seatNo=1584441848, startStation=shanghai, destStation=suzh"",""stream"":""stdout"",""time"":""2025-06-06T09:23:03.531355633Z""}"
2025-06-06T09:23:03.438262423Z,1674984183438262423,33.33.33.76,ts-order-service-5b67c48447-mv5hb,server,0472f5c8fe4b980ed6c1b447ff4d7ec5,73d975c605429782,"{""log"":""17:23:03.437 INFO  o.c.OrderController#39 TraceID: 0472f5c8fe4b980ed6c1b447ff4d7ec5 SpanID: 73d975c605429782 [getSoldTickets][Get Sold Ticket][Travel Date: 2023-01-29]\n"",""stream"":""stdout"",""time"":""2025-06-06T09:23:03.438262423Z""}"
2025-06-06T09:23:03.340813991Z,1674984183340813991,33.33.33.76,ts-order-service-5b67c48447-mv5hb,server,0472f5c8fe4b980ed6c1b447ff4d7ec5,09cbd5ceb124f604,"{""log"":""17:23:03.340 INFO  o.c.OrderController#118 TraceID: 0472f5c8fe4b980ed6c1b447ff4d7ec5 SpanID: 09cbd5ceb124f604 [checkSecurityAboutOrder][Security Info Get][AccountId:4d2a46c7-71cb-4cf1-b5bb-b68406d9da6f]\n"",""stream"":""stdout"",""time"":""2025-06-06T09:23:03.340813991Z""}"
2025-06-06T09:23:03.354112077Z,1674984183354112077,33.33.33.155,ts-order-other-service-6cdbf9b4cc-h7mqk,server,0472f5c8fe4b980ed6c1b447ff4d7ec5,4fbf18e5235d50c3,"{""log"":""17:23:03.353 INFO  o.c.OrderOtherController#118 TraceID: 0472f5c8fe4b980ed6c1b447ff4d7ec5 SpanID: 4fbf18e5235d50c3 [checkSecurityAboutOrder][Security Info Get][CheckDate:Sun Jan 29 17:23:03 CST 2023 , AccountId:4d2a46c7-71cb-4cf1-b5bb-b68406d9da6f]\n"",""stream"":""stdout"",""time"":""2025-06-06T09:23:03.354112077Z""}"
2025-06-06T09:23:03.794514738Z,1674984183794514738,33.33.33.155,ts-food-service-f5756978c-k8vqf,server,0472f5c8fe4b980ed6c1b447ff4d7ec5,b329e58008dee6cc,"{""log"":""17:23:03.794 INFO  f.s.FoodServiceImpl#143 TraceID: 0472f5c8fe4b980ed6c1b447ff4d7ec5 SpanID: b329e58008dee6cc [createFoodOrder][AddFoodOrder][delivery info send to mq][delivery info: {\""orderId\"":\""9a3763ba-2342-4fd8-8280-f272b8c2d06b\"",\""foodName\"":\""Soup\"",\""storeName\"":\""Roman Holiday\"",\""stationName\"":\""Su Zhou\""}]\n"",""stream"":""stdout"",""time"":""2025-06-06T09:23:03.794514738Z""}"
2025-06-06T09:23:03.794015433Z,1674984183794015433,33.33.33.155,ts-food-service-f5756978c-k8vqf,server,0472f5c8fe4b980ed6c1b447ff4d7ec5,b329e58008dee6cc,"{""log"":""17:23:03.793 INFO  f.mq.RabbitSend#20 TraceID: 0472f5c8fe4b980ed6c1b447ff4d7ec5 SpanID: b329e58008dee6cc Send info to mq:{\""orderId\"":\""9a3763ba-2342-4fd8-8280-f272b8c2d06b\"",\""foodName\"":\""Soup\"",\""storeName\"":\""Roman Holiday\"",\""stationName\"":\""Su Zhou\""}\n"",""stream"":""stdout"",""time"":""2025-06-06T09:23:03.794015433Z""}"
2025-06-06T09:23:03.793385359Z,1674984183793385359,33.33.33.155,ts-food-service-f5756978c-k8vqf,server,0472f5c8fe4b980ed6c1b447ff4d7ec5,b329e58008dee6cc,"{""log"":""17:23:03.793 INFO  f.s.FoodServiceImpl#132 TraceID: 0472f5c8fe4b980ed6c1b447ff4d7ec5 SpanID: b329e58008dee6cc [createFoodOrder][AddFoodOrder Success]\n"",""stream"":""stdout"",""time"":""2025-06-06T09:23:03.793385359Z""}"
2025-06-06T09:23:03.786924102Z,1674984183786924102,33.33.33.155,ts-food-service-f5756978c-k8vqf,server,0472f5c8fe4b980ed6c1b447ff4d7ec5,b329e58008dee6cc,"{""log"":""17:23:03.786 INFO  f.c.FoodController#58 TraceID: 0472f5c8fe4b980ed6c1b447ff4d7ec5 SpanID: b329e58008dee6cc [createFoodOrder][Try to Create a FoodOrder!]\n"",""stream"":""stdout"",""time"":""2025-06-06T09:23:03.786924102Z""}"
2025-06-06T09:23:03.802552532Z,1674984183802552532,33.33.33.76,ts-delivery-service-7d97b69596-lmsfv,server,0472f5c8fe4b980ed6c1b447ff4d7ec5,825a11e2ffd59984,"{""log"":""17:23:03.802 INFO  d.m.RabbitReceive#52 TraceID: 0472f5c8fe4b980ed6c1b447ff4d7ec5 SpanID: 825a11e2ffd59984 [process][Save delivery object into database success]\n"",""stream"":""stdout"",""time"":""2025-06-06T09:23:03.802552532Z""}"
2025-06-06T09:23:03.796831758Z,1674984183796831758,33.33.33.76,ts-delivery-service-7d97b69596-lmsfv,server,0472f5c8fe4b980ed6c1b447ff4d7ec5,825a11e2ffd59984,"{""log"":""17:23:03.796 INFO  d.m.RabbitReceive#44 TraceID: 0472f5c8fe4b980ed6c1b447ff4d7ec5 SpanID: 825a11e2ffd59984 [process][Receive delivery object][delivery object: {}]Delivery(id=null, orderId=9a3763ba-2342-4fd8-8280-f272b8c2d06b, foodName=Soup, storeName=Roman Holiday, stationName=Su Zhou)\n"",""stream"":""stdout"",""time"":""2025-06-06T09:23:03.796831758Z""}"
2025-06-06T09:23:03.796071839Z,1674984183796071839,33.33.33.76,ts-delivery-service-7d97b69596-lmsfv,server,0472f5c8fe4b980ed6c1b447ff4d7ec5,825a11e2ffd59984,"{""log"":""17:23:03.795 INFO  d.m.RabbitReceive#37 TraceID: 0472f5c8fe4b980ed6c1b447ff4d7ec5 SpanID: 825a11e2ffd59984 [process][Delivery service]\n"",""stream"":""stdout"",""time"":""2025-06-06T09:23:03.796071839Z""}"
2025-06-06T09:23:03.378276027Z,1674984183378276027,33.33.33.79,ts-contacts-service-866bd68c97-xcqfx,server,0472f5c8fe4b980ed6c1b447ff4d7ec5,a79abf89f5e3ad61,"{""log"":""17:23:03.377 INFO  c.s.ContactsServiceImpl#34 TraceID: 0472f5c8fe4b980ed6c1b447ff4d7ec5 SpanID: a79abf89f5e3ad61 [findContactsById][contactsRepository.findById][Find contacts]\n"",""stream"":""stdout"",""time"":""2025-06-06T09:23:03.378276027Z""}"
2025-06-06T09:23:03.372064597Z,1674984183372064597,33.33.33.79,ts-contacts-service-866bd68c97-xcqfx,server,0472f5c8fe4b980ed6c1b447ff4d7ec5,a79abf89f5e3ad61,"{""log"":""17:23:03.371 INFO  c.s.ContactsServiceImpl#31 TraceID: 0472f5c8fe4b980ed6c1b447ff4d7ec5 SpanID: a79abf89f5e3ad61 FIND CONTACTS BY ID: 415d1665-fbb2-4ec9-83f5-5ebe51dc1825\n"",""stream"":""stdout"",""time"":""2025-06-06T09:23:03.372064597Z""}"
2025-06-06T09:23:03.371720467Z,1674984183371720467,33.33.33.79,ts-contacts-service-866bd68c97-xcqfx,server,0472f5c8fe4b980ed6c1b447ff4d7ec5,a79abf89f5e3ad61,"{""log"":""17:23:03.371 INFO  c.c.ContactsController#84 TraceID: 0472f5c8fe4b980ed6c1b447ff4d7ec5 SpanID: a79abf89f5e3ad61 [ContactsService][VerifyLogin Success]\n"",""stream"":""stdout"",""time"":""2025-06-06T09:23:03.371720467Z""}"
2025-06-06T09:23:03.371347655Z,1674984183371347655,33.33.33.79,ts-contacts-service-866bd68c97-xcqfx,server,0472f5c8fe4b980ed6c1b447ff4d7ec5,a79abf89f5e3ad61,"{""log"":""17:23:03.370 INFO  c.c.ContactsController#83 TraceID: 0472f5c8fe4b980ed6c1b447ff4d7ec5 SpanID: a79abf89f5e3ad61 [ContactsService][Contacts Id Print][id: 415d1665-fbb2-4ec9-83f5-5ebe51dc1825]\n"",""stream"":""stdout"",""time"":""2025-06-06T09:23:03.371347655Z""}"
2025-06-06T09:23:03.612599383Z,1674984183612599383,33.33.33.115,ts-config-service-5fcd447d84-wxwjd,server,0472f5c8fe4b980ed6c1b447ff4d7ec5,a80adaaa4f9d4908,"{""log"":""17:23:03.612 INFO  c.s.ConfigServiceImpl#65 TraceID: 0472f5c8fe4b980ed6c1b447ff4d7ec5 SpanID: a80adaaa4f9d4908 [query][Query config success][config name: DirectTicketAllocationProportion]\n"",""stream"":""stdout"",""time"":""2025-06-06T09:23:03.612599383Z""}"
2025-06-06T09:23:03.611714869Z,1674984183611714869,33.33.33.115,ts-config-service-5fcd447d84-wxwjd,server,0472f5c8fe4b980ed6c1b447ff4d7ec5,a80adaaa4f9d4908,"{""log"":""17:23:03.611 INFO  c.c.ConfigController#67 TraceID: 0472f5c8fe4b980ed6c1b447ff4d7ec5 SpanID: a80adaaa4f9d4908 [retrieve][Retrieve config][configName: DirectTicketAllocationProportion]\n"",""stream"":""stdout"",""time"":""2025-06-06T09:23:03.611714869Z""}"
2025-06-06T09:23:03.556481267Z,1674984183556481267,33.33.33.115,ts-config-service-5fcd447d84-wxwjd,server,0472f5c8fe4b980ed6c1b447ff4d7ec5,fd4bb2a9c283abbd,"{""log"":""17:23:03.556 INFO  c.s.ConfigServiceImpl#65 TraceID: 0472f5c8fe4b980ed6c1b447ff4d7ec5 SpanID: fd4bb2a9c283abbd [query][Query config success][config name: DirectTicketAllocationProportion]\n"",""stream"":""stdout"",""time"":""2025-06-06T09:23:03.556481267Z""}"
2025-06-06T09:23:03.555431758Z,1674984183555431758,33.33.33.115,ts-config-service-5fcd447d84-wxwjd,server,0472f5c8fe4b980ed6c1b447ff4d7ec5,fd4bb2a9c283abbd,"{""log"":""17:23:03.554 INFO  c.c.ConfigController#67 TraceID: 0472f5c8fe4b980ed6c1b447ff4d7ec5 SpanID: fd4bb2a9c283abbd [retrieve][Retrieve config][configName: DirectTicketAllocationProportion]\n"",""stream"":""stdout"",""time"":""2025-06-06T09:23:03.555431758Z""}"
2025-06-06T09:23:03.674400876Z,1674984183674400876,33.33.33.76,ts-basic-service-5dc8d4f9fd-46997,server,0472f5c8fe4b980ed6c1b447ff4d7ec5,195f2ae3cd58d322,"{""log"":""17:23:03.674 INFO  f.m.s.BasicServiceImpl#119 TraceID: 0472f5c8fe4b980ed6c1b447ff4d7ec5 SpanID: 195f2ae3cd58d322 [queryForTravel][all done][result: TravelResult(status=true, percent=1.0, trainType=TrainType(id=a14b45f8-64d9-4e40-9d78-5152f726ba8d, name=DongCheOne, economyClass=2147483647, confortClass=2147483647, averageSpeed=180), route=Route(id=f3d4d4ef-693b-4456-8eed-59c0d717dd08, stations=[shanghai, suzhou], distances=[0, 50], startStation=shanghai, endStation=suzhou), prices={confortClass=50.0, economyClass=22.5})]\n"",""stream"":""stdout"",""time"":""2025-06-06T09:23:03.674400876Z""}"
2025-06-06T09:23:03.674240476Z,1674984183674240476,33.33.33.76,ts-basic-service-5dc8d4f9fd-46997,server,0472f5c8fe4b980ed6c1b447ff4d7ec5,195f2ae3cd58d322,"{""log"":""17:23:03.674 INFO  f.m.s.BasicServiceImpl#100 TraceID: 0472f5c8fe4b980ed6c1b447ff4d7ec5 SpanID: 195f2ae3cd58d322 [queryForTravel][calculate price]\n"",""stream"":""stdout"",""time"":""2025-06-06T09:23:03.674240476Z""}"
2025-06-06T09:23:03.674000307Z,1674984183674000307,33.33.33.76,ts-basic-service-5dc8d4f9fd-46997,server,0472f5c8fe4b980ed6c1b447ff4d7ec5,195f2ae3cd58d322,"{""log"":""17:23:03.673 INFO  f.m.s.BasicServiceImpl#454 TraceID: 0472f5c8fe4b980ed6c1b447ff4d7ec5 SpanID: 195f2ae3cd58d322 [queryPriceConfigByRouteIdAndTrainType][Response Resutl to String][result: Response(status=1, msg=Success, data={id=d5c4523a-827c-468c-95be-e9024a40572e, trainType=DongCheOne, routeId=f3d4d4ef-693b-4456-8eed-59c0d717dd08, basicPriceRate=0.45, firstClassPriceRate=1.0})]\n"",""stream"":""stdout"",""time"":""2025-06-06T09:23:03.674000307Z""}"
2025-06-06T09:23:03.666748881Z,1674984183666748881,33.33.33.76,ts-basic-service-5dc8d4f9fd-46997,server,0472f5c8fe4b980ed6c1b447ff4d7ec5,195f2ae3cd58d322,"{""log"":""17:23:03.666 INFO  f.m.s.BasicServiceImpl#444 TraceID: 0472f5c8fe4b980ed6c1b447ff4d7ec5 SpanID: 195f2ae3cd58d322 [queryPriceConfigByRouteIdAndTrainType][Query For Price Config][RouteId: f3d4d4ef-693b-4456-8eed-59c0d717dd08 ,TrainType: DongCheOne]\n"",""stream"":""stdout"",""time"":""2025-06-06T09:23:03.666748881Z""}"
2025-06-06T09:23:03.666638202Z,1674984183666638202,33.33.33.76,ts-basic-service-5dc8d4f9fd-46997,server,0472f5c8fe4b980ed6c1b447ff4d7ec5,195f2ae3cd58d322,"{""log"":""17:23:03.666 INFO  f.m.s.BasicServiceImpl#90 TraceID: 0472f5c8fe4b980ed6c1b447ff4d7ec5 SpanID: 195f2ae3cd58d322 [queryForTravel][query stations and distances][stations: [shanghai, suzhou] distances: [0, 50]]\n"",""stream"":""stdout"",""time"":""2025-06-06T09:23:03.666638202Z""}"
2025-06-06T09:23:03.666509861Z,1674984183666509861,33.33.33.76,ts-basic-service-5dc8d4f9fd-46997,server,0472f5c8fe4b980ed6c1b447ff4d7ec5,195f2ae3cd58d322,"{""log"":""17:23:03.666 INFO  f.m.s.BasicServiceImpl#89 TraceID: 0472f5c8fe4b980ed6c1b447ff4d7ec5 SpanID: 195f2ae3cd58d322 [queryForTravel][query start index and end index][indexStart: 0 indexEnd: 1]\n"",""stream"":""stdout"",""time"":""2025-06-06T09:23:03.666509861Z""}"
2025-06-06T09:23:03.66610804Z,1674984183666108040,33.33.33.76,ts-basic-service-5dc8d4f9fd-46997,server,0472f5c8fe4b980ed6c1b447ff4d7ec5,195f2ae3cd58d322,"{""log"":""17:23:03.665 INFO  f.m.s.BasicServiceImpl#438 TraceID: 0472f5c8fe4b980ed6c1b447ff4d7ec5 SpanID: 195f2ae3cd58d322 [getRouteByRouteId][Get Route By Id][Success]\n"",""stream"":""stdout"",""time"":""2025-06-06T09:23:03.66610804Z""}"
2025-06-06T09:23:03.648588947Z,1674984183648588947,33.33.33.76,ts-basic-service-5dc8d4f9fd-46997,server,0472f5c8fe4b980ed6c1b447ff4d7ec5,195f2ae3cd58d322,"{""log"":""17:23:03.647 INFO  f.m.s.BasicServiceImpl#425 TraceID: 0472f5c8fe4b980ed6c1b447ff4d7ec5 SpanID: 195f2ae3cd58d322 [getRouteByRouteId][Get Route By Id][Route ID: f3d4d4ef-693b-4456-8eed-59c0d717dd08]\n"",""stream"":""stdout"",""time"":""2025-06-06T09:23:03.648588947Z""}"
2025-06-06T09:23:03.632169559Z,1674984183632169559,33.33.33.76,ts-basic-service-5dc8d4f9fd-46997,server,0472f5c8fe4b980ed6c1b447ff4d7ec5,195f2ae3cd58d322,"{""log"":""17:23:03.631 INFO  f.m.s.BasicServiceImpl#391 TraceID: 0472f5c8fe4b980ed6c1b447ff4d7ec5 SpanID: 195f2ae3cd58d322 [queryTrainTypeByName][Query Train Type][Train Type name: DongCheOne]\n"",""stream"":""stdout"",""time"":""2025-06-06T09:23:03.632169559Z""}"
2025-06-06T09:23:03.628768567Z,1674984183628768567,33.33.33.76,ts-basic-service-5dc8d4f9fd-46997,server,0472f5c8fe4b980ed6c1b447ff4d7ec5,195f2ae3cd58d322,"{""log"":""17:23:03.628 INFO  f.m.s.BasicServiceImpl#360 TraceID: 0472f5c8fe4b980ed6c1b447ff4d7ec5 SpanID: 195f2ae3cd58d322 [checkStationExists][Check Station Exists][stationName: suzhou]\n"",""stream"":""stdout"",""time"":""2025-06-06T09:23:03.628768567Z""}"
2025-06-06T09:23:03.624473254Z,1674984183624473254,33.33.33.76,ts-basic-service-5dc8d4f9fd-46997,server,0472f5c8fe4b980ed6c1b447ff4d7ec5,195f2ae3cd58d322,"{""log"":""17:23:03.624 INFO  f.m.s.BasicServiceImpl#360 TraceID: 0472f5c8fe4b980ed6c1b447ff4d7ec5 SpanID: 195f2ae3cd58d322 [checkStationExists][Check Station Exists][stationName: shanghai]\n"",""stream"":""stdout"",""time"":""2025-06-06T09:23:03.624473254Z""}"
2025-06-06T09:23:03.624389939Z,1674984183624389939,33.33.33.76,ts-basic-service-5dc8d4f9fd-46997,server,0472f5c8fe4b980ed6c1b447ff4d7ec5,195f2ae3cd58d322,"{""log"":""17:23:03.623 INFO  f.m.c.BasicController#38 TraceID: 0472f5c8fe4b980ed6c1b447ff4d7ec5 SpanID: 195f2ae3cd58d322 [queryForTravel][Query for travel][Travel: Travel(trip=Trip(id=465eec52-1bc7-4d8b-8c38-e8f210bb3a77, tripId=D1345, trainTypeName=DongCheOne, routeId=f3d4d4ef-693b-4456-8eed-59c0d717dd08, startStationName=shanghai, stationsName=suzhou, terminalStationName=taiyuan, startTime=2013-05-04 07:00:00, endTime=2013-05-04 19:59:52), startPlace=shanghai, endPlace=suzhou, departureTime=2023-01-29 17:23:03)]\n"",""stream"":""stdout"",""time"":""2025-06-06T09:23:03.624389939Z""}"
2025-06-06T09:23:03.429876694Z,1674984183429876694,33.33.33.76,ts-basic-service-5dc8d4f9fd-46997,server,0472f5c8fe4b980ed6c1b447ff4d7ec5,6a6836e3930d1d83,"{""log"":""17:23:03.429 INFO  f.m.s.BasicServiceImpl#119 TraceID: 0472f5c8fe4b980ed6c1b447ff4d7ec5 SpanID: 6a6836e3930d1d83 [queryForTravel][all done][result: TravelResult(status=true, percent=1.0, trainType=TrainType(id=a14b45f8-64d9-4e40-9d78-5152f726ba8d, name=DongCheOne, economyClass=2147483647, confortClass=2147483647, averageSpeed=180), route=Route(id=f3d4d4ef-693b-4456-8eed-59c0d717dd08, stations=[shanghai, suzhou], distances=[0, 50], startStation=shanghai, endStation=suzhou), prices={confortClass=50.0, economyClass=22.5})]\n"",""stream"":""stdout"",""time"":""2025-06-06T09:23:03.429876694Z""}"
2025-06-06T09:23:03.42966824Z,1674984183429668240,33.33.33.76,ts-basic-service-5dc8d4f9fd-46997,server,0472f5c8fe4b980ed6c1b447ff4d7ec5,6a6836e3930d1d83,"{""log"":""17:23:03.429 INFO  f.m.s.BasicServiceImpl#100 TraceID: 0472f5c8fe4b980ed6c1b447ff4d7ec5 SpanID: 6a6836e3930d1d83 [queryForTravel][calculate price]\n"",""stream"":""stdout"",""time"":""2025-06-06T09:23:03.42966824Z""}"
2025-06-06T09:23:03.429369023Z,1674984183429369023,33.33.33.76,ts-basic-service-5dc8d4f9fd-46997,server,0472f5c8fe4b980ed6c1b447ff4d7ec5,6a6836e3930d1d83,"{""log"":""17:23:03.429 INFO  f.m.s.BasicServiceImpl#454 TraceID: 0472f5c8fe4b980ed6c1b447ff4d7ec5 SpanID: 6a6836e3930d1d83 [queryPriceConfigByRouteIdAndTrainType][Response Resutl to String][result: Response(status=1, msg=Success, data={id=d5c4523a-827c-468c-95be-e9024a40572e, trainType=DongCheOne, routeId=f3d4d4ef-693b-4456-8eed-59c0d717dd08, basicPriceRate=0.45, firstClassPriceRate=1.0})]\n"",""stream"":""stdout"",""time"":""2025-06-06T09:23:03.429369023Z""}"
2025-06-06T09:23:03.421985586Z,1674984183421985586,33.33.33.76,ts-basic-service-5dc8d4f9fd-46997,server,0472f5c8fe4b980ed6c1b447ff4d7ec5,6a6836e3930d1d83,"{""log"":""17:23:03.421 INFO  f.m.s.BasicServiceImpl#444 TraceID: 0472f5c8fe4b980ed6c1b447ff4d7ec5 SpanID: 6a6836e3930d1d83 [queryPriceConfigByRouteIdAndTrainType][Query For Price Config][RouteId: f3d4d4ef-693b-4456-8eed-59c0d717dd08 ,TrainType: DongCheOne]\n"",""stream"":""stdout"",""time"":""2025-06-06T09:23:03.421985586Z""}"
2025-06-06T09:23:03.42184919Z,1674984183421849190,33.33.33.76,ts-basic-service-5dc8d4f9fd-46997,server,0472f5c8fe4b980ed6c1b447ff4d7ec5,6a6836e3930d1d83,"{""log"":""17:23:03.421 INFO  f.m.s.BasicServiceImpl#90 TraceID: 0472f5c8fe4b980ed6c1b447ff4d7ec5 SpanID: 6a6836e3930d1d83 [queryForTravel][query stations and distances][stations: [shanghai, suzhou] distances: [0, 50]]\n"",""stream"":""stdout"",""time"":""2025-06-06T09:23:03.42184919Z""}"
2025-06-06T09:23:03.421730406Z,1674984183421730406,33.33.33.76,ts-basic-service-5dc8d4f9fd-46997,server,0472f5c8fe4b980ed6c1b447ff4d7ec5,6a6836e3930d1d83,"{""log"":""17:23:03.421 INFO  f.m.s.BasicServiceImpl#89 TraceID: 0472f5c8fe4b980ed6c1b447ff4d7ec5 SpanID: 6a6836e3930d1d83 [queryForTravel][query start index and end index][indexStart: 0 indexEnd: 1]\n"",""stream"":""stdout"",""time"":""2025-06-06T09:23:03.421730406Z""}"
2025-06-06T09:23:03.421331651Z,1674984183421331651,33.33.33.76,ts-basic-service-5dc8d4f9fd-46997,server,0472f5c8fe4b980ed6c1b447ff4d7ec5,6a6836e3930d1d83,"{""log"":""17:23:03.421 INFO  f.m.s.BasicServiceImpl#438 TraceID: 0472f5c8fe4b980ed6c1b447ff4d7ec5 SpanID: 6a6836e3930d1d83 [getRouteByRouteId][Get Route By Id][Success]\n"",""stream"":""stdout"",""time"":""2025-06-06T09:23:03.421331651Z""}"
2025-06-06T09:23:03.407216278Z,1674984183407216278,33.33.33.76,ts-basic-service-5dc8d4f9fd-46997,server,0472f5c8fe4b980ed6c1b447ff4d7ec5,6a6836e3930d1d83,"{""log"":""17:23:03.406 INFO  f.m.s.BasicServiceImpl#425 TraceID: 0472f5c8fe4b980ed6c1b447ff4d7ec5 SpanID: 6a6836e3930d1d83 [getRouteByRouteId][Get Route By Id][Route ID: f3d4d4ef-693b-4456-8eed-59c0d717dd08]\n"",""stream"":""stdout"",""time"":""2025-06-06T09:23:03.407216278Z""}"
2025-06-06T09:23:03.400328121Z,1674984183400328121,33.33.33.76,ts-basic-service-5dc8d4f9fd-46997,server,0472f5c8fe4b980ed6c1b447ff4d7ec5,6a6836e3930d1d83,"{""log"":""17:23:03.400 INFO  f.m.s.BasicServiceImpl#391 TraceID: 0472f5c8fe4b980ed6c1b447ff4d7ec5 SpanID: 6a6836e3930d1d83 [queryTrainTypeByName][Query Train Type][Train Type name: DongCheOne]\n"",""stream"":""stdout"",""time"":""2025-06-06T09:23:03.400328121Z""}"
2025-06-06T09:23:03.395839814Z,1674984183395839814,33.33.33.76,ts-basic-service-5dc8d4f9fd-46997,server,0472f5c8fe4b980ed6c1b447ff4d7ec5,6a6836e3930d1d83,"{""log"":""17:23:03.395 INFO  f.m.s.BasicServiceImpl#360 TraceID: 0472f5c8fe4b980ed6c1b447ff4d7ec5 SpanID: 6a6836e3930d1d83 [checkStationExists][Check Station Exists][stationName: suzhou]\n"",""stream"":""stdout"",""time"":""2025-06-06T09:23:03.395839814Z""}"
2025-06-06T09:23:03.389814997Z,1674984183389814997,33.33.33.76,ts-basic-service-5dc8d4f9fd-46997,server,0472f5c8fe4b980ed6c1b447ff4d7ec5,6a6836e3930d1d83,"{""log"":""17:23:03.389 INFO  f.m.s.BasicServiceImpl#360 TraceID: 0472f5c8fe4b980ed6c1b447ff4d7ec5 SpanID: 6a6836e3930d1d83 [checkStationExists][Check Station Exists][stationName: shanghai]\n"",""stream"":""stdout"",""time"":""2025-06-06T09:23:03.389814997Z""}"
2025-06-06T09:23:03.38973963Z,1674984183389739630,33.33.33.76,ts-basic-service-5dc8d4f9fd-46997,server,0472f5c8fe4b980ed6c1b447ff4d7ec5,6a6836e3930d1d83,"{""log"":""17:23:03.389 INFO  f.m.c.BasicController#38 TraceID: 0472f5c8fe4b980ed6c1b447ff4d7ec5 SpanID: 6a6836e3930d1d83 [queryForTravel][Query for travel][Travel: Travel(trip=Trip(id=465eec52-1bc7-4d8b-8c38-e8f210bb3a77, tripId=D1345, trainTypeName=DongCheOne, routeId=f3d4d4ef-693b-4456-8eed-59c0d717dd08, startStationName=shanghai, stationsName=suzhou, terminalStationName=taiyuan, startTime=2013-05-04 07:00:00, endTime=2013-05-04 19:59:52), startPlace=shanghai, endPlace=suzhou, departureTime=2023-01-29)]\n"",""stream"":""stdout"",""time"":""2025-06-06T09:23:03.38973963Z""}"
2025-06-06T09:23:03.777444362Z,1674984183777444362,33.33.33.74,ts-assurance-service-69876c9868-ssxsf,server,0472f5c8fe4b980ed6c1b447ff4d7ec5,52acb84b46493a1d,"{""log"":""17:23:03.776 INFO  a.s.AssuranceServiceImpl#65 TraceID: 0472f5c8fe4b980ed6c1b447ff4d7ec5 SpanID: 52acb84b46493a1d [create][AddAssurance][Success]\n"",""stream"":""stdout"",""time"":""2025-06-06T09:23:03.777444362Z""}"
2025-06-06T09:23:03.766234125Z,1674984183766234125,33.33.33.74,ts-assurance-service-69876c9868-ssxsf,server,0472f5c8fe4b980ed6c1b447ff4d7ec5,52acb84b46493a1d,"{""log"":""17:23:03.764 INFO  a.c.AssuranceController#75 TraceID: 0472f5c8fe4b980ed6c1b447ff4d7ec5 SpanID: 52acb84b46493a1d [createNewAssurance][Create new assurance][typeIndex: 1, orderId: 9a3763ba-2342-4fd8-8280-f272b8c2d06b]\n"",""stream"":""stdout"",""time"":""2025-06-06T09:23:03.766234125Z""}"
2025-06-06T09:22:59.143560774Z,1674984179143560774,33.33.33.76,ts-user-service-687d654649-lrcwv,server,785ed9fe52a68b09516c6ec8f6320c74,ba57b5543d717cd1,"{""log"":""17:22:59.142 INFO  u.c.UserController#48 TraceID: 785ed9fe52a68b09516c6ec8f6320c74 SpanID: ba57b5543d717cd1 [getUserByUserId][Get user by user id][UserId: 4d2a46c7-71cb-4cf1-b5bb-b68406d9da6f]\n"",""stream"":""stdout"",""time"":""2025-06-06T09:22:59.143560774Z""}"
2025-06-06T09:22:59.013725395Z,1674984179013725395,33.33.33.167,ts-travel2-service-5c66d57d58-6mp2b,server,785ed9fe52a68b09516c6ec8f6320c74,e78f6d23346f5dad,"{""log"":""17:22:59.013 INFO  t.s.TravelServiceImpl#372 TraceID: 785ed9fe52a68b09516c6ec8f6320c74 SpanID: e78f6d23346f5dad [getTickets][Calculate distance][calculate time：175  time: Sat May 04 12:46:52 CST 2013]\n"",""stream"":""stdout"",""time"":""2025-06-06T09:22:59.013725395Z""}"
2025-06-06T09:22:59.013542172Z,1674984179013542172,33.33.33.167,ts-travel2-service-5c66d57d58-6mp2b,server,785ed9fe52a68b09516c6ec8f6320c74,e78f6d23346f5dad,"{""log"":""17:22:59.013 INFO  t.s.TravelServiceImpl#366 TraceID: 785ed9fe52a68b09516c6ec8f6320c74 SpanID: e78f6d23346f5dad [getTickets][Calculate distance][calculate time：0  time: Sat May 04 09:51:52 CST 2013]\n"",""stream"":""stdout"",""time"":""2025-06-06T09:22:59.013542172Z""}"
2025-06-06T09:22:59.013320933Z,1674984179013320933,33.33.33.167,ts-travel2-service-5c66d57d58-6mp2b,server,785ed9fe52a68b09516c6ec8f6320c74,e78f6d23346f5dad,"{""log"":""17:22:59.012 INFO  t.s.TravelServiceImpl#469 TraceID: 785ed9fe52a68b09516c6ec8f6320c74 SpanID: e78f6d23346f5dad [getRestTicketNumber][Get Rest tickets num][num is: Response(status=1, msg=Get Left Ticket of Internal Success, data=1073741649)]\n"",""stream"":""stdout"",""time"":""2025-06-06T09:22:59.013320933Z""}"
2025-06-06T09:22:58.992765396Z,1674984178992765396,33.33.33.167,ts-travel2-service-5c66d57d58-6mp2b,server,785ed9fe52a68b09516c6ec8f6320c74,e78f6d23346f5dad,"{""log"":""17:22:58.992 INFO  t.s.TravelServiceImpl#459 TraceID: 785ed9fe52a68b09516c6ec8f6320c74 SpanID: e78f6d23346f5dad [getRestTicketNumber][Seat request][request: Seat(travelDate=2023-01-29, trainNumber=Z1234, startStation=shanghai, destStation=nanjing, seatType=3, totalNum=2147483647, stations=[shanghai, nanjing, shijiazhuang, taiyuan])]\n"",""stream"":""stdout"",""time"":""2025-06-06T09:22:58.992765396Z""}"
2025-06-06T09:22:58.992639035Z,1674984178992639035,33.33.33.167,ts-travel2-service-5c66d57d58-6mp2b,server,785ed9fe52a68b09516c6ec8f6320c74,e78f6d23346f5dad,"{""log"":""17:22:58.991 INFO  t.s.TravelServiceImpl#469 TraceID: 785ed9fe52a68b09516c6ec8f6320c74 SpanID: e78f6d23346f5dad [getRestTicketNumber][Get Rest tickets num][num is: Response(status=1, msg=Get Left Ticket of Internal Success, data=1073741649)]\n"",""stream"":""stdout"",""time"":""2025-06-06T09:22:58.992639035Z""}"
2025-06-06T09:22:58.968330368Z,1674984178968330368,33.33.33.167,ts-travel2-service-5c66d57d58-6mp2b,server,785ed9fe52a68b09516c6ec8f6320c74,e78f6d23346f5dad,"{""log"":""17:22:58.967 INFO  t.s.TravelServiceImpl#459 TraceID: 785ed9fe52a68b09516c6ec8f6320c74 SpanID: e78f6d23346f5dad [getRestTicketNumber][Seat request][request: Seat(travelDate=2023-01-29, trainNumber=Z1234, startStation=shanghai, destStation=nanjing, seatType=2, totalNum=2147483647, stations=[shanghai, nanjing, shijiazhuang, taiyuan])]\n"",""stream"":""stdout"",""time"":""2025-06-06T09:22:58.968330368Z""}"
2025-06-06T09:22:58.921526341Z,1674984178921526341,33.33.33.167,ts-travel2-service-5c66d57d58-6mp2b,server,785ed9fe52a68b09516c6ec8f6320c74,e78f6d23346f5dad,"{""log"":""17:22:58.920 INFO  t.c.Travel2Controller#129 TraceID: 785ed9fe52a68b09516c6ec8f6320c74 SpanID: e78f6d23346f5dad [getTripAllDetailInfo][Get trip detail][TripId: Z1234]\n"",""stream"":""stdout"",""time"":""2025-06-06T09:22:58.921526341Z""}"
2025-06-06T09:22:59.041621526Z,1674984179041621526,33.33.33.79,ts-train-service-86f5f97bc9-dkqmf,server,785ed9fe52a68b09516c6ec8f6320c74,e9da2d97e96691c8,"{""log"":""17:22:59.040 INFO  t.c.TrainController#60 TraceID: 785ed9fe52a68b09516c6ec8f6320c74 SpanID: e9da2d97e96691c8 [retrieveByName][Retrieve train][TrainTypeName: ZhiDa]\n"",""stream"":""stdout"",""time"":""2025-06-06T09:22:59.041621526Z""}"
2025-06-06T09:22:58.940624519Z,1674984178940624519,33.33.33.79,ts-train-service-86f5f97bc9-dkqmf,server,785ed9fe52a68b09516c6ec8f6320c74,9851eace5ea98c2b,"{""log"":""17:22:58.939 INFO  t.c.TrainController#60 TraceID: 785ed9fe52a68b09516c6ec8f6320c74 SpanID: 9851eace5ea98c2b [retrieveByName][Retrieve train][TrainTypeName: ZhiDa]\n"",""stream"":""stdout"",""time"":""2025-06-06T09:22:58.940624519Z""}"
2025-06-06T09:22:59.030882095Z,1674984179030882095,33.33.33.76,ts-station-service-7f4f5f6f77-5qb6j,server,785ed9fe52a68b09516c6ec8f6320c74,33ba90522ca3a2a1,"{""log"":""17:22:59.030 INFO  f.m.c.StationController#63 TraceID: 785ed9fe52a68b09516c6ec8f6320c74 SpanID: 33ba90522ca3a2a1 [queryForId][Query for station id][StationName: nanjing]\n"",""stream"":""stdout"",""time"":""2025-06-06T09:22:59.030882095Z""}"
2025-06-06T09:22:59.02364591Z,1674984179023645910,33.33.33.76,ts-station-service-7f4f5f6f77-5qb6j,server,785ed9fe52a68b09516c6ec8f6320c74,ba9700effc7aa75d,"{""log"":""17:22:59.023 INFO  f.m.c.StationController#63 TraceID: 785ed9fe52a68b09516c6ec8f6320c74 SpanID: ba9700effc7aa75d [queryForId][Query for station id][StationName: shanghai]\n"",""stream"":""stdout"",""time"":""2025-06-06T09:22:59.02364591Z""}"
2025-06-06T09:22:58.934682833Z,1674984178934682833,33.33.33.76,ts-station-service-7f4f5f6f77-5qb6j,server,785ed9fe52a68b09516c6ec8f6320c74,af1a1c320cb98ec4,"{""log"":""17:22:58.934 INFO  f.m.c.StationController#63 TraceID: 785ed9fe52a68b09516c6ec8f6320c74 SpanID: af1a1c320cb98ec4 [queryForId][Query for station id][StationName: nanjing]\n"",""stream"":""stdout"",""time"":""2025-06-06T09:22:58.934682833Z""}"
2025-06-06T09:22:58.928997527Z,1674984178928997527,33.33.33.76,ts-station-service-7f4f5f6f77-5qb6j,server,785ed9fe52a68b09516c6ec8f6320c74,1f112ce3b384751b,"{""log"":""17:22:58.928 INFO  f.m.c.StationController#63 TraceID: 785ed9fe52a68b09516c6ec8f6320c74 SpanID: 1f112ce3b384751b [queryForId][Query for station id][StationName: shanghai]\n"",""stream"":""stdout"",""time"":""2025-06-06T09:22:58.928997527Z""}"
2025-06-06T09:22:58.899229684Z,1674984178899229684,33.33.33.115,ts-security-service-cb9788d56-mrzv2,ts-security-service,785ed9fe52a68b09516c6ec8f6320c74,5157bb3557dd9a78,"{""log"":""17:22:58.898 INFO  s.s.SecurityServiceImpl#119 TraceID: 785ed9fe52a68b09516c6ec8f6320c74 SpanID: 5157bb3557dd9a78 [check][Max][Max In One Hour: 2147483647  Max Not Use: 2147483647]\n"",""stream"":""stdout"",""time"":""2025-06-06T09:22:58.899229684Z""}"
2025-06-06T09:22:58.896499367Z,1674984178896499367,33.33.33.115,ts-security-service-cb9788d56-mrzv2,ts-security-service,785ed9fe52a68b09516c6ec8f6320c74,5157bb3557dd9a78,"{""log"":""17:22:58.896 INFO  s.s.SecurityServiceImpl#156 TraceID: 785ed9fe52a68b09516c6ec8f6320c74 SpanID: 5157bb3557dd9a78 [getSecurityOrderOtherInfoFromOrder][Get Order Other Info For Security][Last One Hour: 175  Total Valid Order: 118]\n"",""stream"":""stdout"",""time"":""2025-06-06T09:22:58.896499367Z""}"
2025-06-06T09:22:58.887053123Z,1674984178887053123,33.33.33.115,ts-security-service-cb9788d56-mrzv2,ts-security-service,785ed9fe52a68b09516c6ec8f6320c74,5157bb3557dd9a78,"{""log"":""17:22:58.886 INFO  s.s.SecurityServiceImpl#141 TraceID: 785ed9fe52a68b09516c6ec8f6320c74 SpanID: 5157bb3557dd9a78 [getSecurityOrderInfoFromOrder][Get Order Info For Security][Last One Hour: 323  Total Valid Order: 161]\n"",""stream"":""stdout"",""time"":""2025-06-06T09:22:58.887053123Z""}"
2025-06-06T09:22:58.872464656Z,1674984178872464656,33.33.33.115,ts-security-service-cb9788d56-mrzv2,ts-security-service,785ed9fe52a68b09516c6ec8f6320c74,5157bb3557dd9a78,"{""log"":""17:22:58.871 INFO  s.c.SecurityController#62 TraceID: 785ed9fe52a68b09516c6ec8f6320c74 SpanID: 5157bb3557dd9a78 [check][Check Security][Check Account Id: 4d2a46c7-71cb-4cf1-b5bb-b68406d9da6f]\n"",""stream"":""stdout"",""time"":""2025-06-06T09:22:58.872464656Z""}"
2025-06-06T09:22:59.115590344Z,1674984179115590344,33.33.33.82,ts-seat-service-5c95b49cff-tdsdz,server,785ed9fe52a68b09516c6ec8f6320c74,dd546e4cab93c9fb,"{""log"":""17:22:59.115 INFO  s.s.SeatServiceImpl#114 TraceID: 785ed9fe52a68b09516c6ec8f6320c74 SpanID: dd546e4cab93c9fb [distributeSeat][Assign new tickets][Use a new seat number][seat number:1636395413]\n"",""stream"":""stdout"",""time"":""2025-06-06T09:22:59.115590344Z""}"
2025-06-06T09:22:59.115217695Z,1674984179115217695,33.33.33.82,ts-seat-service-5c95b49cff-tdsdz,server,785ed9fe52a68b09516c6ec8f6320c74,dd546e4cab93c9fb,"{""log"":""17:22:59.114 INFO  s.s.SeatServiceImpl#79 TraceID: 785ed9fe52a68b09516c6ec8f6320c74 SpanID: dd546e4cab93c9fb [distributeSeat][Left ticket info][info is : Response(status=1, msg=Success, data=LeftTicketInfo{soldTickets=[Ticket(seatNo=388817927, startStation=shanghai, destStation=nanjing), Ticket(seatNo=512319188, startStation=shanghai, destStation=nanjing), Ticket(seatNo=650950163, startStation=shanghai, destStation=nanjing), Ticket(seatNo=1408310701, startStation=shanghai, destStation=nanjing), Ticket(seatNo=681456978, startStation=shanghai, destStation=nanjing), Ticket(seatNo=1278422345, startStation=shanghai, destStation=nanjing), Ticket(seatNo=113640569, startStation=shanghai, destStation=nanjing), Ticket(seatNo=1706091788, startStation=shanghai, destStation=nanjing), Ticket(seatNo=719931591, startStation=shanghai, destStation=nanjing), Ticket(seatNo=324348558, startStation=shanghai, destStation=nanjing), Ticket(seatNo=437134557, startStation=shanghai, destStation=nanjing), Ticket(seatNo=1180305654, startStation=shanghai, destStation=nanjing), Ticket(seatNo=218664224, startStation=shanghai, destStation=nanjing), Ticket(seatNo=1531256885, startStation=shanghai, destStation=nanjing), Ticket(seatNo=282865016, startStation=shanghai, destStation=nanjing), Ticket(seatNo=290573193, startStation=shanghai, destStation=nanjing), Ticket(seatNo=2091646075, startStation=shanghai, destStation=nanjing), Ticket(seatNo=1529246592, startStation=shanghai, destStation=nanjing), Ticket(seatNo=518358183, startStation=shanghai, destStation=nanjing), Ticket(seatNo=1578574107, startStation=shanghai, destStation=nanjing), Ticket(seatNo=864103707, startStation=shanghai, destStation=nanjing), Ticket(seatNo=1101722819, startStation=shanghai, destStation=nanjing), Ticket(seatNo=1110043211, startStation=shanghai, destStation=nanjing), Ticket(seatNo=2115304579, startStation=shanghai, destStation=nanjing), Ticket(seatNo=517895253, startStation=shanghai, destStation=nanjing), Ticket(seatNo=112374996, startStation=shanghai, destStation=nanjing), Ticket(seatNo=1222554072, startStation=shanghai, destStation=nanjing), Ticket(seatNo=1445221655, startStation=shanghai, destStation=nanjing), Ticket(seatNo=55335899, startStation=shanghai, destStation=nanjing), Ticket(seatNo=1402723531, startStation=shanghai, destStation=nanjing), Ticket(seatNo=520072209, startStation=shanghai, destStation=nanjing), Ticket(seatNo=1063924165, startStation=shanghai, destStation=nanjing), Ticket(seatNo=828062078, startStation=shanghai, destStation=nanjing), Ticket(seatNo=364950093, startStation=shanghai, destStation=nanjing), Ticket(seatNo=2090617881, startStation=shanghai, destStation=nanjing), Ticket(seatNo=1605189805, startStation=shanghai, destStation=nanjing), Ticket(seatNo=182083286, startStation=shanghai, destStation=nanjing), Ticket(seatNo=1956808479, startStation=shanghai, destStation=nanjing), Ticket(seatNo=1479771875, startStation=shanghai, destStation=nanjing), Ticket(seatNo=1340473816, startStation=shanghai, destStation=nanjing), Ticket(seatNo=2058528320, startStation=shanghai, destStation=nanjing), Ticket(seatNo=1862239339, startStation=shanghai, destStation=nanjing), Ticket(seatNo=756196424, startStation=shanghai, destStation=nanjing), Ticket(seatNo=1554210637, startStation=shanghai, destStation=nanjing), Ticket(seatNo=2131607583, startStation=shanghai, destStation=nanjing), Ticket(seatNo=1114945650, startStation=shanghai, destStation=nanjing), Ticket(seatNo=978840618, startStation=shanghai, destStation=nanjing), Ticket(seatNo=1696192204, startStation=shanghai, destStation=nanjing), Ticket(seatNo=159217444, startStation=shanghai, destStation=nanjing), Ticket(seatNo=1472397446, startStation=shanghai, destStation=nanjing), Ticket(seatNo=863762562, startStation=shanghai, destStation=nanjing), Ticket(seatNo=762240728, startStation=shanghai, destStation=nanjing), Ticket(seatNo=733090960, startStation=shanghai, destStation=nanjing), Ticket(seatNo=1385200790, startStation=shanghai, destStation=nanjing), Ticket(seatNo=1483334408, startStation=shanghai, destStation=nanjing), Ticket(seatNo=1230952670, startStation=shanghai, destStation=nanjing), Ticket(seatNo=1760486203, startStation=shanghai, destStation=nanjing), Ticket(seatNo=1631472666, startStation=shanghai, destStation=nanjing), Ticket(seatNo=882144838, startStation=shanghai, destStation=nanjing), Ticket(seatNo=210246843, startStation=shanghai, destStation=nanjing), Ticket(seatNo=427259238, startStation=shanghai, destStation=nanjing), Ticket(seatNo=1232572404, startStation=shanghai, destStation=nanjing), Ticket(seatNo=1304478712, startStation=shanghai, destStation=nanjing), Ticket(seatNo=2016232602, startStation=shanghai, destStation=nanjing), Ticket(seatNo=76670888, startStation=shanghai, destStation=nanjing), Ticket(seatNo=1754550335, startStation=shanghai, destStation=nanjing), Ticket(seatNo=1491838595, startStation=shanghai, destStation=nanjing), Ticket(seatNo=1330605393, startStation=shanghai, destStation=nanjing), Ticket(seatNo=226825480, startStation=shanghai, destStation=nanjing), Ticket(seatNo=1787175945, startStation=shanghai, destStation=nanjing), Ticket(seatNo=590443336, startStation=shanghai, destStation=nanjing), Ticket(seatNo=427944411, startStation=shanghai, destStation=nanjing), Ticket(seatNo=1638437656, startStation=shanghai, destStation=nanjing), Ticket(seatNo=1361381257, startStation=shanghai, destStation=nanjing), Ticket(seatNo=1482512162, startStation=shanghai, destStation=nanjing), Ticket(seatNo=400526011, startStation=shanghai, destStation=nanjing), Ticket(seatNo=1749342441, startStation=shanghai, destStation=nanjing), Ticket(seatNo=2117918027, startStation=shanghai, destStation=nanjing), Ticket(seatNo=654927142, startStation=shanghai, destStation=nanjing), Ticket(seatNo=1977897455, startStation=shanghai, destStation=nanjing), Ticket(seatNo=641977830, startStation=shanghai, destStation=nanjing), Ticket(seatNo=1021188806, startStation=shanghai, destStation=nanjing), Ticket(seatNo=1445935016, startStation=shanghai, destStation=nanjing), Ticket(seatNo=1452278883, startStation=shanghai, destStation=nanjing), Ticket(seatNo=830548221, startStation=shanghai, destStation=nanjing), Ticket(seatNo=1655441840, startStation=shanghai, destStation=nanjing), Ticket(seatNo=678340688, startStation=shanghai, destStation=nanjing), Ticket(seatNo=1682320147, startStation=shanghai, destStation=nanjing), Ticket(seatNo=1195341149, startStation=shanghai, destStation=nanjing), Ticket(seatNo=973914808, startStation=shanghai, destStation=nanjing), Ticket(seatNo=1217764195, startStation=shanghai, destStation=nanjing), Ticket(seatNo=837692558, startStation=shanghai, destStation=nanjing), Ticket(seatNo=1203709814, startStation=shanghai, destStation=nanjing), Ticket(seatNo=984361044, startStation=shanghai, destStation=nanjing), Ticket(seatNo=675974723, startStation=shanghai, destStation=nanjing), Ticket(seatNo=1490992938, startStation=shanghai, destStation=nanjing), Ticket(seatNo=1201160931, startStation=shanghai, destStation=nanjing), Ticket(seatNo=1435884154, startStation=shanghai, destStation=nanjing), Ticket(seatNo=1297551695, startStation=shanghai, destStation=nanjing), Ticket(seatNo=1664074534, startStation=shanghai, destStation=nanjing), Ticket(seatNo=1921728155, startStation=shanghai, destStation=nanjing), Ticket(seatNo=1137714160, startStation=shanghai, destStation=nanjing), Ticket(seatNo=1988971469, startStation=shanghai, destStation=nanjing), Ticket(seatNo=1018160513, startStation=shanghai, destStation=nanjing), Ticket(seatNo=1550917166, startStation=shanghai, destStation=nanjing), Ticket(seatNo=1894695695, startStation=shanghai, destStation=nanjing), Ticket(seatNo=784843623, startStation=shanghai, destStation=nanjing), Ticket(seatNo=1932732784, startStation=shanghai, destStation=nanjing), Ticket(seatNo=1565956437, startStation=shanghai, destStation=nanjing), Ticket(seatNo=249855326, startStation=shanghai, destStation=nanjing), Ticket(seatNo=77833908, startStation=shanghai, destStation=nanjing), Ticket(seatNo=64395763, startStation=shanghai, destStation=nanjing), Ticket(seatNo=781572303, startStation=shanghai, destStation=nanjing), Ticket(seatNo=1060217224, startStation=shanghai, destStation=nanjing), Ticket(seatNo=210817532, startStation=shanghai, destStation=nanjing), Ticket(seatNo=1587135411, startStation=shanghai, destStation=nanjing), Ticket(seatNo=862437816, startStation=shanghai, destStation=nanjing), Ticket(seatNo=348991760, startStation=shanghai, destStation=nanjing), Ticket(seatNo=1479280287, startStation=shanghai, destStation=nanjing), Ticket(seatNo=349038530, startStation=shanghai, destStation=nanjing), Ticket(seatNo=90480773, startStation=shanghai, destStation=nanjing), Ticket(seatNo=1465059263, startStation=shanghai, destStation=nanjing), Ticket(seatNo=985339747, startStation=shanghai, destStation=nanjing), Ticket(seatNo=1498460243, startStation=shanghai, destStation=nanjing), Ticket(seatNo=671507041, startStation=shanghai, destStation=nanjing), Ticket(seatNo=965174800, startStation=shanghai, destStation=nanjing), Ticket(seatNo=1841324996, startStation=shanghai, destStation=nanjing), Ticket(seatNo=1248601454, startStation=shanghai, destStation=nanjing), Ticket(seatNo=1901083814, startStation=shanghai, destStation=nanjing), Ticket(seatNo=2077341681, startStation=shanghai, destStation=nanjing), Ticket(seatNo=1207577891, startStation=shanghai, destStation=nanjing), Ticket(seatNo=1454446323, startStation=shanghai, destStation=nanjing), Ticket(seatNo=234766556, startStation=shanghai, destStation=nanjing), Ticket(seatNo=1726109987, startStation=shanghai, destStation=nanjing), Ticket(seatNo=317002893, startStation=shanghai, destStation=nanjing), Ticket(seatNo=1499460332, startStation=shanghai, destStation=nanjing), Ticket(seatNo=267587626, startStation=shanghai, destStation=nanjing), Ticket(seatNo=747527520, startStation=shanghai, destStation=nanjing), Ticket(seatNo=207584255, startStation=shanghai, destStation=nanjing), Ticket(seatNo=636497848, startStation=shanghai, destStation=nanjing), Ticket(seatNo=134621623, startStation=shanghai, destStation=nanjing), Ticket(seatNo=1143973252, startStation=shanghai, destStation=nanjing), Ticket(seatNo=1285506393, startStation=shanghai, destStation=nanjing), Ticket(seatNo=1318597280, startStation=shanghai, destStation=nanjing), Ticket(seatNo=2109276771, startStation=shanghai, destStation=nanjing), Ticket(seatNo=746347294, startStation=shanghai, destStation=nanjing), Ticket(seatNo=360435965, startStation=shanghai, destStation=nanjing), Ticket(seatNo=1636266694, startStation=shanghai, destStation=nanjing), Ticket(seatNo=538009141, startStation=shanghai, destStation=nanjing), Ticket(seatNo=1944586976, startStation=shanghai, destStation=nanjing), Ticket(seatNo=1320680614, startStation=shanghai, destStation=nanjing), Ticket(seatNo=142490066, startStation=shanghai, destStation=nanjing), Ticket(seatNo=252466715, startStation=shanghai, destStation=nanjing), Ticket(seatNo=1806446874, startStation=shanghai, destStation=nanjing), Ticket(seatNo=1743761737, startStation=shanghai, destStation=nanjing), Ticket(seatNo=610439616, startStation=shanghai, destStation=nanjing), Ticket(seatNo=76166607, startStation=shanghai, destStation=nanjing), Ticket(seatNo=1265135696, startStation=shanghai, destStation=nanjing), Ticket(seatNo=1177274309, startStation=shanghai, destStation=nanjing), Ticket(seatNo=746628462, startStation=shanghai, destStation=nanjing), Ticket(seatNo=573722729, startStation=shanghai, destStation=nanjing), Ticket(seatNo=940056408, startStation=shanghai, destStation=nanjing), Ticket(seatNo=202317050, startStation=shanghai, destStation=nanjing), Ticket(seatNo=221602851, startStation=shanghai, destStation=nanjing), Ticket(seatNo=1431476535, startStation=shanghai, destStation=nanjing), Ticket(seatNo=606888208, startStation=shanghai, destStation=nanjing), Ticket(seatNo=813377677, startStation=shanghai, destStation=nanjing), Ticket(seatNo=1592122745, startStation=shanghai, destStation=nanjing), Ticket(seatNo=2128153780, startStation=shanghai, destStation=nanjing), Ticket(seatNo=568784077, startStation=shanghai, destStation=nanjing), Ticket(seatNo=990332202, startStation=shanghai, destStation=nanjing), Ticket(seatNo=1969469614, startStation=shanghai, destStation=nanjing), Ticket(seatNo=1456285444, startStation=shanghai, destStation=nanjing), Ticket(seatNo=1785859166, startStation=shanghai, destStation=nanjing)]})]\n"",""stream"":""stdout"",""time"":""2025-06-06T09:22:59.115217695Z""}"
2025-06-06T09:22:59.075495056Z,1674984179075495056,33.33.33.82,ts-seat-service-5c95b49cff-tdsdz,server,785ed9fe52a68b09516c6ec8f6320c74,dd546e4cab93c9fb,"{""log"":""17:22:59.074 INFO  s.s.SeatServiceImpl#69 TraceID: 785ed9fe52a68b09516c6ec8f6320c74 SpanID: dd546e4cab93c9fb [distributeSeat][TrainNumber start][Other Capital Except D and G]\n"",""stream"":""stdout"",""time"":""2025-06-06T09:22:59.075495056Z""}"
2025-06-06T09:22:59.075154308Z,1674984179075154308,33.33.33.82,ts-seat-service-5c95b49cff-tdsdz,server,785ed9fe52a68b09516c6ec8f6320c74,dd546e4cab93c9fb,"{""log"":""17:22:59.074 INFO  s.c.SeatController#41 TraceID: 785ed9fe52a68b09516c6ec8f6320c74 SpanID: dd546e4cab93c9fb [distributeSeat][Create seat][TravelDate: 2023-01-29,TrainNumber: Z1234,SeatType: 3]\n"",""stream"":""stdout"",""time"":""2025-06-06T09:22:59.075154308Z""}"
2025-06-06T09:22:59.011175898Z,1674984179011175898,33.33.33.82,ts-seat-service-5c95b49cff-tdsdz,server,785ed9fe52a68b09516c6ec8f6320c74,21b686d13f48882a,"{""log"":""17:22:59.010 INFO  s.s.SeatServiceImpl#217 TraceID: 785ed9fe52a68b09516c6ec8f6320c74 SpanID: 21b686d13f48882a [getDirectProportion][Configs is : Config(name=DirectTicketAllocationProportion, value=0.5, description=Allocation Proportion Of The Direct Ticket - From Start To End)]\n"",""stream"":""stdout"",""time"":""2025-06-06T09:22:59.011175898Z""}"
2025-06-06T09:22:59.006709464Z,1674984179006709464,33.33.33.82,ts-seat-service-5c95b49cff-tdsdz,server,785ed9fe52a68b09516c6ec8f6320c74,21b686d13f48882a,"{""log"":""17:22:59.005 INFO  s.s.SeatServiceImpl#166 TraceID: 785ed9fe52a68b09516c6ec8f6320c74 SpanID: 21b686d13f48882a [getLeftTicketOfInterval][Get Order tickets result][result is \u003c200,Response(status=1, msg=Success, data=LeftTicketInfo{soldTickets=[Ticket(seatNo=388817927, startStation=shanghai, destStation=nanjing), Ticket(seatNo=512319188, startStation=shanghai, destStation=nanjing), Ticket(seatNo=650950163, startStation=shanghai, destStation=nanjing), Ticket(seatNo=1408310701, startStation=shanghai, destStation=nanjing), Ticket(seatNo=681456978, startStation=shanghai, destStation=nanjing), Ticket(seatNo=1278422345, startStation=shanghai, destStation=nanjing), Ticket(seatNo=113640569, startStation=shanghai, destStation=nanjing), Ticket(seatNo=1706091788, startStation=shanghai, destStation=nanjing), Ticket(seatNo=719931591, startStation=shanghai, destStation=nanjing), Ticket(seatNo=324348558, startStation=shanghai, destStation=nanjing), Ticket(seatNo=437134557, startStation=shanghai, destStation=nanjing), Ticket(seatNo=1180305654, startStation=shanghai, destStation=nanjing), Ticket(seatNo=218664224, startStation=shanghai, destStation=nanjing), Ticket(seatNo=1531256885, startStation=shanghai, destStation=nanjing), Ticket(seatNo=282865016, startStation=shanghai, destStation=nanjing), Ticket(seatNo=290573193, startStation=shanghai, destStation=nanjing), Ticket(seatNo=2091646075, startStation=shanghai, destStation=nanjing), Ticket(seatNo=1529246592, startStation=shanghai, destStation=nanjing), Ticket(seatNo=518358183, startStation=shanghai, destStation=nanjing), Ticket(seatNo=1578574107, startStation=shanghai, destStation=nanjing), Ticket(seatNo=864103707, startStation=shanghai, destStation=nanjing), Ticket(seatNo=1101722819, startStation=shanghai, destStation=nanjing), Ticket(seatNo=1110043211, startStation=shanghai, destStation=nanjing), Ticket(seatNo=2115304579, startStation=shanghai, destStation=nanjing), Ticket(seatNo=517895253, startStation=shanghai, destStation=nanjing), Ticket(seatNo=112374996, startStation=shanghai, destStation=nanjing), Ticket(seatNo=1222554072, startStation=shanghai, destStation=nanjing), Ticket(seatNo=1445221655, startStation=shanghai, destStation=nanjing), Ticket(seatNo=55335899, startStation=shanghai, destStation=nanjing), Ticket(seatNo=1402723531, startStation=shanghai, destStation=nanjing), Ticket(seatNo=520072209, startStation=shanghai, destStation=nanjing), Ticket(seatNo=1063924165, startStation=shanghai, destStation=nanjing), Ticket(seatNo=828062078, startStation=shanghai, destStation=nanjing), Ticket(seatNo=364950093, startStation=shanghai, destStation=nanjing), Ticket(seatNo=2090617881, startStation=shanghai, destStation=nanjing), Ticket(seatNo=1605189805, startStation=shanghai, destStation=nanjing), Ticket(seatNo=182083286, startStation=shanghai, destStation=nanjing), Ticket(seatNo=1956808479, startStation=shanghai, destStation=nanjing), Ticket(seatNo=1479771875, startStation=shanghai, destStation=nanjing), Ticket(seatNo=1340473816, startStation=shanghai, destStation=nanjing), Ticket(seatNo=2058528320, startStation=shanghai, destStation=nanjing), Ticket(seatNo=1862239339, startStation=shanghai, destStation=nanjing), Ticket(seatNo=756196424, startStation=shanghai, destStation=nanjing), Ticket(seatNo=1554210637, startStation=shanghai, destStation=nanjing), Ticket(seatNo=2131607583, startStation=shanghai, destStation=nanjing), Ticket(seatNo=1114945650, startStation=shanghai, destStation=nanjing), Ticket(seatNo=978840618, startStation=shanghai, destStation=nanjing), Ticket(seatNo=1696192204, startStation=shanghai, destStation=nanjing), Ticket(seatNo=159217444, startStation=shanghai, destStation=nanjing), Ticket(seatNo=1472397446, startStation=shanghai, destStation=nanjing), Ticket(seatNo=863762562, startStation=shanghai, destStation=nanjing), Ticket(seatNo=762240728, startStation=shanghai, destStation=nanjing), Ticket(seatNo=733090960, startStation=shanghai, destStation=nanjing), Ticket(seatNo=1385200790, startStation=shanghai, destStation=nanjing), Ticket(seatNo=1483334408, startStation=shanghai, destStation=nanjing), Ticket(seatNo=1230952670, startStation=shanghai, destStation=nanjing), Ticket(seatNo=1760486203, startStation=shanghai, destStation=nanjing), Ticket(seatNo=1631472666, startStation=shanghai, destStation=nanjing), Ticket(seatNo=882144838, startStation=shanghai, destStation=nanjing), Ticket(seatNo=210246843, startStation=shanghai, destStation=nanjing), Ticket(seatNo=427259238, startStation=shanghai, destStation=nanjing), Ticket(seatNo=1232572404, startStation=shanghai, destStation=nanjing), Ticket(seatNo=1304478712, startStation=shanghai, destStation=nanjing), Ticket(seatNo=2016232602, startStation=shanghai, destStation=nanjing), Ticket(seatNo=76670888, startStation=shanghai, destStation=nanjing), Ticket(seatNo=1754550335, startStation=shanghai, destStation=nanjing), Ticket(seatNo=1491838595, startStation=shanghai, destStation=nanjing), Ticket(seatNo=1330605393, startStation=shanghai, destStation=nanjing), Ticket(seatNo=226825480, startStation=shanghai, destStation=nanjing), Ticket(seatNo=1787175945, startStation=shanghai, destStation=nanjing), Ticket(seatNo=590443336, startStation=shanghai, destStation=nanjing), Ticket(seatNo=427944411, startStation=shanghai, destStation=nanjing), Ticket(seatNo=1638437656, startStation=shanghai, destStation=nanjing), Ticket(seatNo=1361381257, startStation=shanghai, destStation=nanjing), Ticket(seatNo=1482512162, startStation=shanghai, destStation=nanjing), Ticket(seatNo=400526011, startStation=shanghai, destStation=nanjing), Ticket(seatNo=1749342441, startStation=shanghai, destStation=nanjing), Ticket(seatNo=2117918027, startStation=shanghai, destStation=nanjing), Ticket(seatNo=654927142, startStation=shanghai, destStation=nanjing), Ticket(seatNo=1977897455, startStation=shanghai, destStation=nanjing), Ticket(seatNo=641977830, startStation=shanghai, destStation=nanjing), Ticket(seatNo=1021188806, startStation=shanghai, destStation=nanjing), Ticket(seatNo=1445935016, startStation=shanghai, destStation=nanjing), Ticket(seatNo=1452278883, startStation=shanghai, destStation=nanjing), Ticket(seatNo=830548221, startStation=shanghai, destStation=nanjing), Ticket(seatNo=1655441840, startStation=shanghai, destStation=nanjing), Ticket(seatNo=678340688, startStation=shanghai, destStation=nanjing), Ticket(seatNo=1682320147, startStation=shanghai, destStation=nanjing), Ticket(seatNo=1195341149, startStation=shanghai, destStation=nanjing), Ticket(seatNo=973914808, startStation=shanghai, destStation=nanjing), Ticket(seatNo=1217764195, startStation=shanghai, destStation=nanjing), Ticket(seatNo=837692558, startStation=shanghai, destStation=nanjing), Ticket(seatNo=1203709814, startStation=shanghai, destStation=nanjing), Ticket(seatNo=984361044, startStation=shanghai, destStation=nanjing), Ticket(seatNo=675974723, startStation=shanghai, destStation=nanjing), Ticket(seatNo=1490992938, startStation=shanghai, destStation=nanjing), Ticket(seatNo=1201160931, startStation=shanghai, destStation=nanjing), Ticket(seatNo=1435884154, startStation=shanghai, destStation=nanjing), Ticket(seatNo=1297551695, startStation=shanghai, destStation=nanjing), Ticket(seatNo=1664074534, startStation=shanghai, destStation=nanjing), Ticket(seatNo=1921728155, startStation=shanghai, destStation=nanjing), Ticket(seatNo=1137714160, startStation=shanghai, destStation=nanjing), Ticket(seatNo=1988971469, startStation=shanghai, destStation=nanjing), Ticket(seatNo=1018160513, startStation=shanghai, destStation=nanjing), Ticket(seatNo=1550917166, startStation=shanghai, destStation=nanjing), Ticket(seatNo=1894695695, startStation=shanghai, destStation=nanjing), Ticket(seatNo=784843623, startStation=shanghai, destStation=nanjing), Ticket(seatNo=1932732784, startStation=shanghai, destStation=nanjing), Ticket(seatNo=1565956437, startStation=shanghai, destStation=nanjing), Ticket(seatNo=249855326, startStation=shanghai, destStation=nanjing), Ticket(seatNo=77833908, startStation=shanghai, destStation=nanjing), Ticket(seatNo=64395763, startStation=shanghai, destStation=nanjing), Ticket(seatNo=781572303, startStation=shanghai, destStation=nanjing), Ticket(seatNo=1060217224, startStation=shanghai, destStation=nanjing), Ticket(seatNo=210817532, startStation=shanghai, destStation=nanjing), Ticket(seatNo=1587135411, startStation=shanghai, destStation=nanjing), Ticket(seatNo=862437816, startStation=shanghai, destStation=nanjing), Ticket(seatNo=348991760, startStation=shanghai, destStation=nanjing), Ticket(seatNo=1479280287, startStation=shanghai, destStation=nanjing), Ticket(seatNo=349038530, startStation=shanghai, destStation=nanjing), Ticket(seatNo=90480773, startStation=shanghai, destStation=nanjing), Ticket(seatNo=1465059263, startStation=shanghai, destStation=nanjing), Ticket(seatNo=985339747, startStation=shanghai, destStation=nanjing), Ticket(seatNo=1498460243, startStation=shanghai, destStation=nanjing), Ticket(seatNo=671507041, startStation=shanghai, destStation=nanjing), Ticket(seatNo=965174800, startStation=shanghai, destStation=nanjing), Ticket(seatNo=1841324996, startStation=shanghai, destStation=nanjing), Ticket(seatNo=1248601454, startStation=shanghai, destStation=nanjing), Ticket(seatNo=1901083814, startStation=shanghai, destStation=nanjing), Ticket(seatNo=2077341681, startStation=shanghai, destStation=nanjing), Ticket(seatNo=1207577891, startStation=shanghai, destStation=nanjing), Ticket(seatNo=1454446323, startStation=shanghai, destStation=nanjing), Ticket(seatNo=234766556, startStation=shanghai, destStation=nanjing), Ticket(seatNo=1726109987, startStation=shanghai, destStation=nanjing), Ticket(seatNo=317002893, startStation=shanghai, destStation=nanjing), Ticket(seatNo=1499460332, startStation=shanghai, destStation=nanjing), Ticket(seatNo=267587626, startStation=shanghai, destStation=nanjing), Ticket(seatNo=747527520, startStation=shanghai, destStation=nanjing), Ticket(seatNo=207584255, startStation=shanghai, destStation=nanjing), Ticket(seatNo=636497848, startStation=shanghai, destStation=nanjing), Ticket(seatNo=134621623, startStation=shanghai, destStation=nanjing), Ticket(seatNo=1143973252, startStation=shanghai, destStation=nanjing), Ticket(seatNo=1285506393, startStation=shanghai, destStation=nanjing), Ticket(seatNo=1318597280, startStation=shanghai, destStation=nanjing), Ticket(seatNo=2109276771, startStation=shanghai, destStation=nanjing), Ticket(seatNo=746347294, startStation=shanghai, destStation=nanjing), Ticket(seatNo=360435965, startStation=shanghai, destStation=nanjing), Ticket(seatNo=1636266694, startStation=shanghai, destStation=nanjing), Ticket(seatNo=538009141, startStation=shanghai, destStation=nanjing), Ticket(seatNo=1944586976, startStation=shanghai, destStation=nanjing), Ticket(seatNo=1320680614, startStation=shanghai, destStation=nanjing), Ticket(seatNo=142490066, startStation=shanghai, destStation=nanjing), Ticket(seatNo=252466715, startStation=shanghai, destStation=nanjing), Ticket(seatNo=1806446874, startStation=shanghai, destStation=nanjing), Ticket(seatNo=1743761737, startStation=shanghai, destStation=nanjing), Ticket(seatNo=610439616, startStation=shanghai, destStation=nanjing), Ticket(seatNo=76166607, startStation=shanghai, destStation=nanjing), Ticket(seatNo=1265135696, startStation=shanghai, destStation=nanjing), Ticket(seatNo=1177274309, startStation=shanghai, destStation=nanjing), Ticket(seatNo=746628462, startStation=shanghai, destStation=nanjing), Ticket(seatNo=573722729, startStation=shanghai, destStation=nanjing), Ticket(seatNo=940056408, startStation=shanghai, destStation=nanjing), Ticket(seatNo=202317050, startStation=shanghai, destStation=nanjing), Ticket(seatNo=221602851, startStation=shanghai, destStation=nanjing), Ticket(seatNo=1431476535, startStation=shanghai, destStation=nanjing), Ticket(seatNo=606888208, startStation=shanghai, destStation=nanjing), Ticket(seatNo=813377677, startStation=shanghai, destStation=nanjing), Ticket(seatNo=1592122745, startStation=shanghai, destStation=nanjing), Ticket(seatNo=2128153780, startStation=shanghai, destStation=nanjing), Ticket(seatNo=568784077, startStation=shanghai, destStation=nanjing), Ticket(seatNo=990332202, startStation=shanghai, destStation=nanjing), Ticket(seatNo=1969469614, startStation=shanghai, destStation=nanjing), Ticket(seatNo=1456285444, startStation=shanghai, destStation=nanjing), Ticket(seatNo=1785859166, startStation=shanghai, destStation=nanjing)]}),[vary:\""Origin,Access-Control-Request-Method,Access-Control-Request-Headers\"", x-content-type-options:\""nosniff\"", x-xss-protection:\""1; mode=block\"", cache-control:\""no-cache, no-store, max-age=0, must-revalidate\"", pragma:\""no-cache\"", expires:\""0\"", x-frame-options:\""DENY\"", content-type:\""application/json\"", date:\""Sun, 29 Jan 2023 09:22:58 GMT\"", x-envoy-upstream-service-time:\""6\"", server:\""envoy\"", transfer-encoding:\""chunked\""]\u003e]\n"",""stream"":""stdout"",""time"":""2025-06-06T09:22:59.006709464Z""}"
2025-06-06T09:22:58.996664748Z,1674984178996664748,33.33.33.82,ts-seat-service-5c95b49cff-tdsdz,server,785ed9fe52a68b09516c6ec8f6320c74,21b686d13f48882a,"{""log"":""17:22:58.996 INFO  s.s.SeatServiceImpl#154 TraceID: 785ed9fe52a68b09516c6ec8f6320c74 SpanID: 21b686d13f48882a [getLeftTicketOfInterval][TrainNumber start with other capital][trainNumber:Z1234]\n"",""stream"":""stdout"",""time"":""2025-06-06T09:22:58.996664748Z""}"
2025-06-06T09:22:58.996363244Z,1674984178996363244,33.33.33.82,ts-seat-service-5c95b49cff-tdsdz,server,785ed9fe52a68b09516c6ec8f6320c74,21b686d13f48882a,"{""log"":""17:22:58.995 INFO  s.s.SeatServiceImpl#137 TraceID: 785ed9fe52a68b09516c6ec8f6320c74 SpanID: 21b686d13f48882a [getLeftTicketOfInterval][Seat request][request:Seat(travelDate=2023-01-29, trainNumber=Z1234, startStation=shanghai, destStation=nanjing, seatType=3, totalNum=2147483647, stations=[shanghai, nanjing, shijiazhuang, taiyuan])]\n"",""stream"":""stdout"",""time"":""2025-06-06T09:22:58.996363244Z""}"
2025-06-06T09:22:58.995973926Z,1674984178995973926,33.33.33.82,ts-seat-service-5c95b49cff-tdsdz,server,785ed9fe52a68b09516c6ec8f6320c74,21b686d13f48882a,"{""log"":""17:22:58.995 INFO  s.c.SeatController#57 TraceID: 785ed9fe52a68b09516c6ec8f6320c74 SpanID: 21b686d13f48882a [getLeftTicketOfInterval][Get left ticket of interval][TravelDate: 2023-01-29,TrainNumber: Z1234,SeatType: 3]\n"",""stream"":""stdout"",""time"":""2025-06-06T09:22:58.995973926Z""}"
2025-06-06T09:22:58.990324288Z,1674984178990324288,33.33.33.82,ts-seat-service-5c95b49cff-tdsdz,server,785ed9fe52a68b09516c6ec8f6320c74,01f44e933db7539f,"{""log"":""17:22:58.989 INFO  s.s.SeatServiceImpl#217 TraceID: 785ed9fe52a68b09516c6ec8f6320c74 SpanID: 01f44e933db7539f [getDirectProportion][Configs is : Config(name=DirectTicketAllocationProportion, value=0.5, description=Allocation Proportion Of The Direct Ticket - From Start To End)]\n"",""stream"":""stdout"",""time"":""2025-06-06T09:22:58.990324288Z""}"
2025-06-06T09:22:51.230269949Z,1674984171230269949,33.33.33.76,ts-user-service-687d654649-lrcwv,server,9c7ee4bc2bc6191dc3a5fcd2505c7ab4,dd3bf949d5e2d691,"{""log"":""17:22:51.229 INFO  u.c.UserController#48 TraceID: 9c7ee4bc2bc6191dc3a5fcd2505c7ab4 SpanID: dd3bf949d5e2d691 [getUserByUserId][Get user by user id][UserId: 4d2a46c7-71cb-4cf1-b5bb-b68406d9da6f]\n"",""stream"":""stdout"",""time"":""2025-06-06T09:22:51.230269949Z""}"
2025-06-06T09:22:51.09358171Z,1674984171093581710,33.33.33.167,ts-travel2-service-5c66d57d58-6mp2b,server,9c7ee4bc2bc6191dc3a5fcd2505c7ab4,a1e91b45bb10c0b0,"{""log"":""17:22:51.093 INFO  t.s.TravelServiceImpl#372 TraceID: 9c7ee4bc2bc6191dc3a5fcd2505c7ab4 SpanID: a1e91b45bb10c0b0 [getTickets][Calculate distance][calculate time：175  time: Sat May 04 12:46:52 CST 2013]\n"",""stream"":""stdout"",""time"":""2025-06-06T09:22:51.09358171Z""}"
2025-06-06T09:22:51.093434943Z,1674984171093434943,33.33.33.167,ts-travel2-service-5c66d57d58-6mp2b,server,9c7ee4bc2bc6191dc3a5fcd2505c7ab4,a1e91b45bb10c0b0,"{""log"":""17:22:51.093 INFO  t.s.TravelServiceImpl#366 TraceID: 9c7ee4bc2bc6191dc3a5fcd2505c7ab4 SpanID: a1e91b45bb10c0b0 [getTickets][Calculate distance][calculate time：0  time: Sat May 04 09:51:52 CST 2013]\n"",""stream"":""stdout"",""time"":""2025-06-06T09:22:51.093434943Z""}"
2025-06-06T09:22:51.09327663Z,1674984171093276630,33.33.33.167,ts-travel2-service-5c66d57d58-6mp2b,server,9c7ee4bc2bc6191dc3a5fcd2505c7ab4,a1e91b45bb10c0b0,"{""log"":""17:22:51.092 INFO  t.s.TravelServiceImpl#469 TraceID: 9c7ee4bc2bc6191dc3a5fcd2505c7ab4 SpanID: a1e91b45bb10c0b0 [getRestTicketNumber][Get Rest tickets num][num is: Response(status=1, msg=Get Left Ticket of Internal Success, data=1073741650)]\n"",""stream"":""stdout"",""time"":""2025-06-06T09:22:51.09327663Z""}"
2025-06-06T09:22:51.058874691Z,1674984171058874691,33.33.33.167,ts-travel2-service-5c66d57d58-6mp2b,server,9c7ee4bc2bc6191dc3a5fcd2505c7ab4,a1e91b45bb10c0b0,"{""log"":""17:22:51.058 INFO  t.s.TravelServiceImpl#459 TraceID: 9c7ee4bc2bc6191dc3a5fcd2505c7ab4 SpanID: a1e91b45bb10c0b0 [getRestTicketNumber][Seat request][request: Seat(travelDate=2023-01-29, trainNumber=Z1234, startStation=shanghai, destStation=nanjing, seatType=3, totalNum=2147483647, stations=[shanghai, nanjing, shijiazhuang, taiyuan])]\n"",""stream"":""stdout"",""time"":""2025-06-06T09:22:51.058874691Z""}"
2025-06-06T09:22:58.984608441Z,1674984178984608441,33.33.33.82,ts-seat-service-5c95b49cff-tdsdz,server,785ed9fe52a68b09516c6ec8f6320c74,01f44e933db7539f,"{""log"":""17:22:58.983 INFO  s.s.SeatServiceImpl#166 TraceID: 785ed9fe52a68b09516c6ec8f6320c74 SpanID: 01f44e933db7539f [getLeftTicketOfInterval][Get Order tickets result][result is \u003c200,Response(status=1, msg=Success, data=LeftTicketInfo{soldTickets=[Ticket(seatNo=388817927, startStation=shanghai, destStation=nanjing), Ticket(seatNo=512319188, startStation=shanghai, destStation=nanjing), Ticket(seatNo=650950163, startStation=shanghai, destStation=nanjing), Ticket(seatNo=1408310701, startStation=shanghai, destStation=nanjing), Ticket(seatNo=681456978, startStation=shanghai, destStation=nanjing), Ticket(seatNo=1278422345, startStation=shanghai, destStation=nanjing), Ticket(seatNo=113640569, startStation=shanghai, destStation=nanjing), Ticket(seatNo=1706091788, startStation=shanghai, destStation=nanjing), Ticket(seatNo=719931591, startStation=shanghai, destStation=nanjing), Ticket(seatNo=324348558, startStation=shanghai, destStation=nanjing), Ticket(seatNo=437134557, startStation=shanghai, destStation=nanjing), Ticket(seatNo=1180305654, startStation=shanghai, destStation=nanjing), Ticket(seatNo=218664224, startStation=shanghai, destStation=nanjing), Ticket(seatNo=1531256885, startStation=shanghai, destStation=nanjing), Ticket(seatNo=282865016, startStation=shanghai, destStation=nanjing), Ticket(seatNo=290573193, startStation=shanghai, destStation=nanjing), Ticket(seatNo=2091646075, startStation=shanghai, destStation=nanjing), Ticket(seatNo=1529246592, startStation=shanghai, destStation=nanjing), Ticket(seatNo=518358183, startStation=shanghai, destStation=nanjing), Ticket(seatNo=1578574107, startStation=shanghai, destStation=nanjing), Ticket(seatNo=864103707, startStation=shanghai, destStation=nanjing), Ticket(seatNo=1101722819, startStation=shanghai, destStation=nanjing), Ticket(seatNo=1110043211, startStation=shanghai, destStation=nanjing), Ticket(seatNo=2115304579, startStation=shanghai, destStation=nanjing), Ticket(seatNo=517895253, startStation=shanghai, destStation=nanjing), Ticket(seatNo=112374996, startStation=shanghai, destStation=nanjing), Ticket(seatNo=1222554072, startStation=shanghai, destStation=nanjing), Ticket(seatNo=1445221655, startStation=shanghai, destStation=nanjing), Ticket(seatNo=55335899, startStation=shanghai, destStation=nanjing), Ticket(seatNo=1402723531, startStation=shanghai, destStation=nanjing), Ticket(seatNo=520072209, startStation=shanghai, destStation=nanjing), Ticket(seatNo=1063924165, startStation=shanghai, destStation=nanjing), Ticket(seatNo=828062078, startStation=shanghai, destStation=nanjing), Ticket(seatNo=364950093, startStation=shanghai, destStation=nanjing), Ticket(seatNo=2090617881, startStation=shanghai, destStation=nanjing), Ticket(seatNo=1605189805, startStation=shanghai, destStation=nanjing), Ticket(seatNo=182083286, startStation=shanghai, destStation=nanjing), Ticket(seatNo=1956808479, startStation=shanghai, destStation=nanjing), Ticket(seatNo=1479771875, startStation=shanghai, destStation=nanjing), Ticket(seatNo=1340473816, startStation=shanghai, destStation=nanjing), Ticket(seatNo=2058528320, startStation=shanghai, destStation=nanjing), Ticket(seatNo=1862239339, startStation=shanghai, destStation=nanjing), Ticket(seatNo=756196424, startStation=shanghai, destStation=nanjing), Ticket(seatNo=1554210637, startStation=shanghai, destStation=nanjing), Ticket(seatNo=2131607583, startStation=shanghai, destStation=nanjing), Ticket(seatNo=1114945650, startStation=shanghai, destStation=nanjing), Ticket(seatNo=978840618, startStation=shanghai, destStation=nanjing), Ticket(seatNo=1696192204, startStation=shanghai, destStation=nanjing), Ticket(seatNo=159217444, startStation=shanghai, destStation=nanjing), Ticket(seatNo=1472397446, startStation=shanghai, destStation=nanjing), Ticket(seatNo=863762562, startStation=shanghai, destStation=nanjing), Ticket(seatNo=762240728, startStation=shanghai, destStation=nanjing), Ticket(seatNo=733090960, startStation=shanghai, destStation=nanjing), Ticket(seatNo=1385200790, startStation=shanghai, destStation=nanjing), Ticket(seatNo=1483334408, startStation=shanghai, destStation=nanjing), Ticket(seatNo=1230952670, startStation=shanghai, destStation=nanjing), Ticket(seatNo=1760486203, startStation=shanghai, destStation=nanjing), Ticket(seatNo=1631472666, startStation=shanghai, destStation=nanjing), Ticket(seatNo=882144838, startStation=shanghai, destStation=nanjing), Ticket(seatNo=210246843, startStation=shanghai, destStation=nanjing), Ticket(seatNo=427259238, startStation=shanghai, destStation=nanjing), Ticket(seatNo=1232572404, startStation=shanghai, destStation=nanjing), Ticket(seatNo=1304478712, startStation=shanghai, destStation=nanjing), Ticket(seatNo=2016232602, startStation=shanghai, destStation=nanjing), Ticket(seatNo=76670888, startStation=shanghai, destStation=nanjing), Ticket(seatNo=1754550335, startStation=shanghai, destStation=nanjing), Ticket(seatNo=1491838595, startStation=shanghai, destStation=nanjing), Ticket(seatNo=1330605393, startStation=shanghai, destStation=nanjing), Ticket(seatNo=226825480, startStation=shanghai, destStation=nanjing), Ticket(seatNo=1787175945, startStation=shanghai, destStation=nanjing), Ticket(seatNo=590443336, startStation=shanghai, destStation=nanjing), Ticket(seatNo=427944411, startStation=shanghai, destStation=nanjing), Ticket(seatNo=1638437656, startStation=shanghai, destStation=nanjing), Ticket(seatNo=1361381257, startStation=shanghai, destStation=nanjing), Ticket(seatNo=1482512162, startStation=shanghai, destStation=nanjing), Ticket(seatNo=400526011, startStation=shanghai, destStation=nanjing), Ticket(seatNo=1749342441, startStation=shanghai, destStation=nanjing), Ticket(seatNo=2117918027, startStation=shanghai, destStation=nanjing), Ticket(seatNo=654927142, startStation=shanghai, destStation=nanjing), Ticket(seatNo=1977897455, startStation=shanghai, destStation=nanjing), Ticket(seatNo=641977830, startStation=shanghai, destStation=nanjing), Ticket(seatNo=1021188806, startStation=shanghai, destStation=nanjing), Ticket(seatNo=1445935016, startStation=shanghai, destStation=nanjing), Ticket(seatNo=1452278883, startStation=shanghai, destStation=nanjing), Ticket(seatNo=830548221, startStation=shanghai, destStation=nanjing), Ticket(seatNo=1655441840, startStation=shanghai, destStation=nanjing), Ticket(seatNo=678340688, startStation=shanghai, destStation=nanjing), Ticket(seatNo=1682320147, startStation=shanghai, destStation=nanjing), Ticket(seatNo=1195341149, startStation=shanghai, destStation=nanjing), Ticket(seatNo=973914808, startStation=shanghai, destStation=nanjing), Ticket(seatNo=1217764195, startStation=shanghai, destStation=nanjing), Ticket(seatNo=837692558, startStation=shanghai, destStation=nanjing), Ticket(seatNo=1203709814, startStation=shanghai, destStation=nanjing), Ticket(seatNo=984361044, startStation=shanghai, destStation=nanjing), Ticket(seatNo=675974723, startStation=shanghai, destStation=nanjing), Ticket(seatNo=1490992938, startStation=shanghai, destStation=nanjing), Ticket(seatNo=1201160931, startStation=shanghai, destStation=nanjing), Ticket(seatNo=1435884154, startStation=shanghai, destStation=nanjing), Ticket(seatNo=1297551695, startStation=shanghai, destStation=nanjing), Ticket(seatNo=1664074534, startStation=shanghai, destStation=nanjing), Ticket(seatNo=1921728155, startStation=shanghai, destStation=nanjing), Ticket(seatNo=1137714160, startStation=shanghai, destStation=nanjing), Ticket(seatNo=1988971469, startStation=shanghai, destStation=nanjing), Ticket(seatNo=1018160513, startStation=shanghai, destStation=nanjing), Ticket(seatNo=1550917166, startStation=shanghai, destStation=nanjing), Ticket(seatNo=1894695695, startStation=shanghai, destStation=nanjing), Ticket(seatNo=784843623, startStation=shanghai, destStation=nanjing), Ticket(seatNo=1932732784, startStation=shanghai, destStation=nanjing), Ticket(seatNo=1565956437, startStation=shanghai, destStation=nanjing), Ticket(seatNo=249855326, startStation=shanghai, destStation=nanjing), Ticket(seatNo=77833908, startStation=shanghai, destStation=nanjing), Ticket(seatNo=64395763, startStation=shanghai, destStation=nanjing), Ticket(seatNo=781572303, startStation=shanghai, destStation=nanjing), Ticket(seatNo=1060217224, startStation=shanghai, destStation=nanjing), Ticket(seatNo=210817532, startStation=shanghai, destStation=nanjing), Ticket(seatNo=1587135411, startStation=shanghai, destStation=nanjing), Ticket(seatNo=862437816, startStation=shanghai, destStation=nanjing), Ticket(seatNo=348991760, startStation=shanghai, destStation=nanjing), Ticket(seatNo=1479280287, startStation=shanghai, destStation=nanjing), Ticket(seatNo=349038530, startStation=shanghai, destStation=nanjing), Ticket(seatNo=90480773, startStation=shanghai, destStation=nanjing), Ticket(seatNo=1465059263, startStation=shanghai, destStation=nanjing), Ticket(seatNo=985339747, startStation=shanghai, destStation=nanjing), Ticket(seatNo=1498460243, startStation=shanghai, destStation=nanjing), Ticket(seatNo=671507041, startStation=shanghai, destStation=nanjing), Ticket(seatNo=965174800, startStation=shanghai, destStation=nanjing), Ticket(seatNo=1841324996, startStation=shanghai, destStation=nanjing), Ticket(seatNo=1248601454, startStation=shanghai, destStation=nanjing), Ticket(seatNo=1901083814, startStation=shanghai, destStation=nanjing), Ticket(seatNo=2077341681, startStation=shanghai, destStation=nanjing), Ticket(seatNo=1207577891, startStation=shanghai, destStation=nanjing), Ticket(seatNo=1454446323, startStation=shanghai, destStation=nanjing), Ticket(seatNo=234766556, startStation=shanghai, destStation=nanjing), Ticket(seatNo=1726109987, startStation=shanghai, destStation=nanjing), Ticket(seatNo=317002893, startStation=shanghai, destStation=nanjing), Ticket(seatNo=1499460332, startStation=shanghai, destStation=nanjing), Ticket(seatNo=267587626, startStation=shanghai, destStation=nanjing), Ticket(seatNo=747527520, startStation=shanghai, destStation=nanjing), Ticket(seatNo=207584255, startStation=shanghai, destStation=nanjing), Ticket(seatNo=636497848, startStation=shanghai, destStation=nanjing), Ticket(seatNo=134621623, startStation=shanghai, destStation=nanjing), Ticket(seatNo=1143973252, startStation=shanghai, destStation=nanjing), Ticket(seatNo=1285506393, startStation=shanghai, destStation=nanjing), Ticket(seatNo=1318597280, startStation=shanghai, destStation=nanjing), Ticket(seatNo=2109276771, startStation=shanghai, destStation=nanjing), Ticket(seatNo=746347294, startStation=shanghai, destStation=nanjing), Ticket(seatNo=360435965, startStation=shanghai, destStation=nanjing), Ticket(seatNo=1636266694, startStation=shanghai, destStation=nanjing), Ticket(seatNo=538009141, startStation=shanghai, destStation=nanjing), Ticket(seatNo=1944586976, startStation=shanghai, destStation=nanjing), Ticket(seatNo=1320680614, startStation=shanghai, destStation=nanjing), Ticket(seatNo=142490066, startStation=shanghai, destStation=nanjing), Ticket(seatNo=252466715, startStation=shanghai, destStation=nanjing), Ticket(seatNo=1806446874, startStation=shanghai, destStation=nanjing), Ticket(seatNo=1743761737, startStation=shanghai, destStation=nanjing), Ticket(seatNo=610439616, startStation=shanghai, destStation=nanjing), Ticket(seatNo=76166607, startStation=shanghai, destStation=nanjing), Ticket(seatNo=1265135696, startStation=shanghai, destStation=nanjing), Ticket(seatNo=1177274309, startStation=shanghai, destStation=nanjing), Ticket(seatNo=746628462, startStation=shanghai, destStation=nanjing), Ticket(seatNo=573722729, startStation=shanghai, destStation=nanjing), Ticket(seatNo=940056408, startStation=shanghai, destStation=nanjing), Ticket(seatNo=202317050, startStation=shanghai, destStation=nanjing), Ticket(seatNo=221602851, startStation=shanghai, destStation=nanjing), Ticket(seatNo=1431476535, startStation=shanghai, destStation=nanjing), Ticket(seatNo=606888208, startStation=shanghai, destStation=nanjing), Ticket(seatNo=813377677, startStation=shanghai, destStation=nanjing), Ticket(seatNo=1592122745, startStation=shanghai, destStation=nanjing), Ticket(seatNo=2128153780, startStation=shanghai, destStation=nanjing), Ticket(seatNo=568784077, startStation=shanghai, destStation=nanjing), Ticket(seatNo=990332202, startStation=shanghai, destStation=nanjing), Ticket(seatNo=1969469614, startStation=shanghai, destStation=nanjing), Ticket(seatNo=1456285444, startStation=shanghai, destStation=nanjing), Ticket(seatNo=1785859166, startStation=shanghai, destStation=nanjing)]}),[vary:\""Origin,Access-Control-Request-Method,Access-Control-Request-Headers\"", x-content-type-options:\""nosniff\"", x-xss-protection:\""1; mode=block\"", cache-control:\""no-cache, no-store, max-age=0, must-revalidate\"", pragma:\""no-cache\"", expires:\""0\"", x-frame-options:\""DENY\"", content-type:\""application/json\"", date:\""Sun, 29 Jan 2023 09:22:58 GMT\"", x-envoy-upstream-service-time:\""7\"", server:\""envoy\"", transfer-encoding:\""chunked\""]\u003e]\n"",""stream"":""stdout"",""time"":""2025-06-06T09:22:58.984608441Z""}"
2025-06-06T09:22:51.058770151Z,1674984171058770151,33.33.33.167,ts-travel2-service-5c66d57d58-6mp2b,server,9c7ee4bc2bc6191dc3a5fcd2505c7ab4,a1e91b45bb10c0b0,"{""log"":""17:22:51.058 INFO  t.s.TravelServiceImpl#469 TraceID: 9c7ee4bc2bc6191dc3a5fcd2505c7ab4 SpanID: a1e91b45bb10c0b0 [getRestTicketNumber][Get Rest tickets num][num is: Response(status=1, msg=Get Left Ticket of Internal Success, data=1073741650)]\n"",""stream"":""stdout"",""time"":""2025-06-06T09:22:51.058770151Z""}"
2025-06-06T09:22:58.972745753Z,1674984178972745753,33.33.33.82,ts-seat-service-5c95b49cff-tdsdz,server,785ed9fe52a68b09516c6ec8f6320c74,01f44e933db7539f,"{""log"":""17:22:58.972 INFO  s.s.SeatServiceImpl#154 TraceID: 785ed9fe52a68b09516c6ec8f6320c74 SpanID: 01f44e933db7539f [getLeftTicketOfInterval][TrainNumber start with other capital][trainNumber:Z1234]\n"",""stream"":""stdout"",""time"":""2025-06-06T09:22:58.972745753Z""}"
2025-06-06T09:22:51.011019157Z,1674984171011019157,33.33.33.167,ts-travel2-service-5c66d57d58-6mp2b,server,9c7ee4bc2bc6191dc3a5fcd2505c7ab4,a1e91b45bb10c0b0,"{""log"":""17:22:51.010 INFO  t.s.TravelServiceImpl#459 TraceID: 9c7ee4bc2bc6191dc3a5fcd2505c7ab4 SpanID: a1e91b45bb10c0b0 [getRestTicketNumber][Seat request][request: Seat(travelDate=2023-01-29, trainNumber=Z1234, startStation=shanghai, destStation=nanjing, seatType=2, totalNum=2147483647, stations=[shanghai, nanjing, shijiazhuang, taiyuan])]\n"",""stream"":""stdout"",""time"":""2025-06-06T09:22:51.011019157Z""}"
2025-06-06T09:22:58.972416058Z,1674984178972416058,33.33.33.82,ts-seat-service-5c95b49cff-tdsdz,server,785ed9fe52a68b09516c6ec8f6320c74,01f44e933db7539f,"{""log"":""17:22:58.971 INFO  s.s.SeatServiceImpl#137 TraceID: 785ed9fe52a68b09516c6ec8f6320c74 SpanID: 01f44e933db7539f [getLeftTicketOfInterval][Seat request][request:Seat(travelDate=2023-01-29, trainNumber=Z1234, startStation=shanghai, destStation=nanjing, seatType=2, totalNum=2147483647, stations=[shanghai, nanjing, shijiazhuang, taiyuan])]\n"",""stream"":""stdout"",""time"":""2025-06-06T09:22:58.972416058Z""}"
2025-06-06T09:22:50.964326783Z,1674984170964326783,33.33.33.167,ts-travel2-service-5c66d57d58-6mp2b,server,9c7ee4bc2bc6191dc3a5fcd2505c7ab4,a1e91b45bb10c0b0,"{""log"":""17:22:50.963 INFO  t.c.Travel2Controller#129 TraceID: 9c7ee4bc2bc6191dc3a5fcd2505c7ab4 SpanID: a1e91b45bb10c0b0 [getTripAllDetailInfo][Get trip detail][TripId: Z1234]\n"",""stream"":""stdout"",""time"":""2025-06-06T09:22:50.964326783Z""}"
2025-06-06T09:22:58.97203616Z,1674984178972036160,33.33.33.82,ts-seat-service-5c95b49cff-tdsdz,server,785ed9fe52a68b09516c6ec8f6320c74,01f44e933db7539f,"{""log"":""17:22:58.971 INFO  s.c.SeatController#57 TraceID: 785ed9fe52a68b09516c6ec8f6320c74 SpanID: 01f44e933db7539f [getLeftTicketOfInterval][Get left ticket of interval][TravelDate: 2023-01-29,TrainNumber: Z1234,SeatType: 2]\n"",""stream"":""stdout"",""time"":""2025-06-06T09:22:58.97203616Z""}"
2025-06-06T09:22:51.112765824Z,1674984171112765824,33.33.33.79,ts-train-service-86f5f97bc9-dkqmf,server,9c7ee4bc2bc6191dc3a5fcd2505c7ab4,fbe5d17508a51f26,"{""log"":""17:22:51.111 INFO  t.c.TrainController#60 TraceID: 9c7ee4bc2bc6191dc3a5fcd2505c7ab4 SpanID: fbe5d17508a51f26 [retrieveByName][Retrieve train][TrainTypeName: ZhiDa]\n"",""stream"":""stdout"",""time"":""2025-06-06T09:22:51.112765824Z""}"
2025-06-06T09:22:59.04918765Z,1674984179049187650,33.33.33.80,ts-route-service-b6c59fb57-zv8dt,server,785ed9fe52a68b09516c6ec8f6320c74,ff3f2bc43cc62c85,"{""log"":""17:22:59.048 INFO  r.c.RouteController#47 TraceID: 785ed9fe52a68b09516c6ec8f6320c74 SpanID: ff3f2bc43cc62c85 [getRouteById][Query route by id][RouteId: 0b23bd3e-876a-4af3-b920-c50a90c90b04]\n"",""stream"":""stdout"",""time"":""2025-06-06T09:22:59.04918765Z""}"
2025-06-06T09:22:50.980341828Z,1674984170980341828,33.33.33.79,ts-train-service-86f5f97bc9-dkqmf,server,9c7ee4bc2bc6191dc3a5fcd2505c7ab4,27ab8549a3e2a34d,"{""log"":""17:22:50.979 INFO  t.c.TrainController#60 TraceID: 9c7ee4bc2bc6191dc3a5fcd2505c7ab4 SpanID: 27ab8549a3e2a34d [retrieveByName][Retrieve train][TrainTypeName: ZhiDa]\n"",""stream"":""stdout"",""time"":""2025-06-06T09:22:50.980341828Z""}"
2025-06-06T09:22:51.107611571Z,1674984171107611571,33.33.33.76,ts-station-service-7f4f5f6f77-5qb6j,server,9c7ee4bc2bc6191dc3a5fcd2505c7ab4,33b26c1e4e362a0c,"{""log"":""17:22:51.107 INFO  f.m.c.StationController#63 TraceID: 9c7ee4bc2bc6191dc3a5fcd2505c7ab4 SpanID: 33b26c1e4e362a0c [queryForId][Query for station id][StationName: nanjing]\n"",""stream"":""stdout"",""time"":""2025-06-06T09:22:51.107611571Z""}"
2025-06-06T09:22:58.948776283Z,1674984178948776283,33.33.33.80,ts-route-service-b6c59fb57-zv8dt,server,785ed9fe52a68b09516c6ec8f6320c74,544105a22e04fe8c,"{""log"":""17:22:58.947 INFO  r.c.RouteController#47 TraceID: 785ed9fe52a68b09516c6ec8f6320c74 SpanID: 544105a22e04fe8c [getRouteById][Query route by id][RouteId: 0b23bd3e-876a-4af3-b920-c50a90c90b04]\n"",""stream"":""stdout"",""time"":""2025-06-06T09:22:58.948776283Z""}"
2025-06-06T09:22:51.10421163Z,1674984171104211630,33.33.33.76,ts-station-service-7f4f5f6f77-5qb6j,server,9c7ee4bc2bc6191dc3a5fcd2505c7ab4,72208a4976385fc3,"{""log"":""17:22:51.103 INFO  f.m.c.StationController#63 TraceID: 9c7ee4bc2bc6191dc3a5fcd2505c7ab4 SpanID: 72208a4976385fc3 [queryForId][Query for station id][StationName: shanghai]\n"",""stream"":""stdout"",""time"":""2025-06-06T09:22:51.10421163Z""}"
2025-06-06T09:22:59.063592612Z,1674984179063592612,33.33.33.79,ts-price-service-76846864d9-g465z,server,785ed9fe52a68b09516c6ec8f6320c74,b26fb7d6a9a427fd,"{""log"":""17:22:59.063 INFO  p.s.PriceServiceImpl#71 TraceID: 785ed9fe52a68b09516c6ec8f6320c74 SpanID: b26fb7d6a9a427fd [findByRouteIdAndTrainType][Route: 0b23bd3e-876a-4af3-b920-c50a90c90b04 , Train Type: ZhiDa]\n"",""stream"":""stdout"",""time"":""2025-06-06T09:22:59.063592612Z""}"
2025-06-06T09:22:50.97505928Z,1674984170975059280,33.33.33.76,ts-station-service-7f4f5f6f77-5qb6j,server,9c7ee4bc2bc6191dc3a5fcd2505c7ab4,7876e16414bf952c,"{""log"":""17:22:50.974 INFO  f.m.c.StationController#63 TraceID: 9c7ee4bc2bc6191dc3a5fcd2505c7ab4 SpanID: 7876e16414bf952c [queryForId][Query for station id][StationName: nanjing]\n"",""stream"":""stdout"",""time"":""2025-06-06T09:22:50.97505928Z""}"
2025-06-06T09:22:50.971011406Z,1674984170971011406,33.33.33.76,ts-station-service-7f4f5f6f77-5qb6j,server,9c7ee4bc2bc6191dc3a5fcd2505c7ab4,10cb78dbe44b59b3,"{""log"":""17:22:50.970 INFO  f.m.c.StationController#63 TraceID: 9c7ee4bc2bc6191dc3a5fcd2505c7ab4 SpanID: 10cb78dbe44b59b3 [queryForId][Query for station id][StationName: shanghai]\n"",""stream"":""stdout"",""time"":""2025-06-06T09:22:50.971011406Z""}"
2025-06-06T09:22:59.063214461Z,1674984179063214461,33.33.33.79,ts-price-service-76846864d9-g465z,server,785ed9fe52a68b09516c6ec8f6320c74,b26fb7d6a9a427fd,"{""log"":""17:22:59.062 INFO  p.c.PriceController#39 TraceID: 785ed9fe52a68b09516c6ec8f6320c74 SpanID: b26fb7d6a9a427fd [findByRouteIdAndTrainType][Query price][RouteId: 0b23bd3e-876a-4af3-b920-c50a90c90b04, TrainType: ZhiDa]\n"",""stream"":""stdout"",""time"":""2025-06-06T09:22:59.063214461Z""}"
2025-06-06T09:22:50.941153861Z,1674984170941153861,33.33.33.115,ts-security-service-cb9788d56-mrzv2,ts-security-service,9c7ee4bc2bc6191dc3a5fcd2505c7ab4,d848394261834059,"{""log"":""17:22:50.940 INFO  s.s.SecurityServiceImpl#119 TraceID: 9c7ee4bc2bc6191dc3a5fcd2505c7ab4 SpanID: d848394261834059 [check][Max][Max In One Hour: 2147483647  Max Not Use: 2147483647]\n"",""stream"":""stdout"",""time"":""2025-06-06T09:22:50.941153861Z""}"
2025-06-06T09:22:58.962359778Z,1674984178962359778,33.33.33.79,ts-price-service-76846864d9-g465z,server,785ed9fe52a68b09516c6ec8f6320c74,5148a67b28a1204a,"{""log"":""17:22:58.961 INFO  p.s.PriceServiceImpl#71 TraceID: 785ed9fe52a68b09516c6ec8f6320c74 SpanID: 5148a67b28a1204a [findByRouteIdAndTrainType][Route: 0b23bd3e-876a-4af3-b920-c50a90c90b04 , Train Type: ZhiDa]\n"",""stream"":""stdout"",""time"":""2025-06-06T09:22:58.962359778Z""}"
2025-06-06T09:22:50.938541697Z,1674984170938541697,33.33.33.115,ts-security-service-cb9788d56-mrzv2,ts-security-service,9c7ee4bc2bc6191dc3a5fcd2505c7ab4,d848394261834059,"{""log"":""17:22:50.938 INFO  s.s.SecurityServiceImpl#156 TraceID: 9c7ee4bc2bc6191dc3a5fcd2505c7ab4 SpanID: d848394261834059 [getSecurityOrderOtherInfoFromOrder][Get Order Other Info For Security][Last One Hour: 174  Total Valid Order: 117]\n"",""stream"":""stdout"",""time"":""2025-06-06T09:22:50.938541697Z""}"
2025-06-06T09:22:58.962134962Z,1674984178962134962,33.33.33.79,ts-price-service-76846864d9-g465z,server,785ed9fe52a68b09516c6ec8f6320c74,5148a67b28a1204a,"{""log"":""17:22:58.961 INFO  p.c.PriceController#39 TraceID: 785ed9fe52a68b09516c6ec8f6320c74 SpanID: 5148a67b28a1204a [findByRouteIdAndTrainType][Query price][RouteId: 0b23bd3e-876a-4af3-b920-c50a90c90b04, TrainType: ZhiDa]\n"",""stream"":""stdout"",""time"":""2025-06-06T09:22:58.962134962Z""}"
2025-06-06T09:22:50.929499465Z,1674984170929499465,33.33.33.115,ts-security-service-cb9788d56-mrzv2,ts-security-service,9c7ee4bc2bc6191dc3a5fcd2505c7ab4,d848394261834059,"{""log"":""17:22:50.929 INFO  s.s.SecurityServiceImpl#141 TraceID: 9c7ee4bc2bc6191dc3a5fcd2505c7ab4 SpanID: d848394261834059 [getSecurityOrderInfoFromOrder][Get Order Info For Security][Last One Hour: 323  Total Valid Order: 161]\n"",""stream"":""stdout"",""time"":""2025-06-06T09:22:50.929499465Z""}"
2025-06-06T09:22:59.13231426Z,1674984179132314260,33.33.33.116,ts-preserve-other-service-66646bdb5b-fw7x9,server,785ed9fe52a68b09516c6ec8f6320c74,e38a5432129aeb04,"{""log"":""17:22:59.132 INFO  p.s.PreserveOtherServiceImpl#301 TraceID: 785ed9fe52a68b09516c6ec8f6320c74 SpanID: e38a5432129aeb04 [getAccount][Cancel Order Service][Get Order By Id]\n"",""stream"":""stdout"",""time"":""2025-06-06T09:22:59.13231426Z""}"
2025-06-06T09:22:50.915570577Z,1674984170915570577,33.33.33.115,ts-security-service-cb9788d56-mrzv2,ts-security-service,9c7ee4bc2bc6191dc3a5fcd2505c7ab4,d848394261834059,"{""log"":""17:22:50.915 INFO  s.c.SecurityController#62 TraceID: 9c7ee4bc2bc6191dc3a5fcd2505c7ab4 SpanID: d848394261834059 [check][Check Security][Check Account Id: 4d2a46c7-71cb-4cf1-b5bb-b68406d9da6f]\n"",""stream"":""stdout"",""time"":""2025-06-06T09:22:50.915570577Z""}"
2025-06-06T09:22:51.156634212Z,1674984171156634212,33.33.33.82,ts-seat-service-5c95b49cff-tdsdz,server,9c7ee4bc2bc6191dc3a5fcd2505c7ab4,cb953e2080319687,"{""log"":""17:22:51.156 INFO  s.s.SeatServiceImpl#114 TraceID: 9c7ee4bc2bc6191dc3a5fcd2505c7ab4 SpanID: cb953e2080319687 [distributeSeat][Assign new tickets][Use a new seat number][seat number:360435965]\n"",""stream"":""stdout"",""time"":""2025-06-06T09:22:51.156634212Z""}"
2025-06-06T09:22:59.132183474Z,1674984179132183474,33.33.33.116,ts-preserve-other-service-66646bdb5b-fw7x9,server,785ed9fe52a68b09516c6ec8f6320c74,e38a5432129aeb04,"{""log"":""17:22:59.131 INFO  p.s.PreserveOtherServiceImpl#239 TraceID: 785ed9fe52a68b09516c6ec8f6320c74 SpanID: e38a5432129aeb04 [preserve][Step 7][Add Consign][Do not need to consign]\n"",""stream"":""stdout"",""time"":""2025-06-06T09:22:59.132183474Z""}"
2025-06-06T09:22:59.132049764Z,1674984179132049764,33.33.33.116,ts-preserve-other-service-66646bdb5b-fw7x9,server,785ed9fe52a68b09516c6ec8f6320c74,e38a5432129aeb04,"{""log"":""17:22:59.131 INFO  p.s.PreserveOtherServiceImpl#214 TraceID: 785ed9fe52a68b09516c6ec8f6320c74 SpanID: e38a5432129aeb04 [preserve][Step 6][Buy Food][Do not need to buy food]\n"",""stream"":""stdout"",""time"":""2025-06-06T09:22:59.132049764Z""}"
2025-06-06T09:22:59.131936975Z,1674984179131936975,33.33.33.116,ts-preserve-other-service-66646bdb5b-fw7x9,server,785ed9fe52a68b09516c6ec8f6320c74,e38a5432129aeb04,"{""log"":""17:22:59.131 INFO  p.s.PreserveOtherServiceImpl#183 TraceID: 785ed9fe52a68b09516c6ec8f6320c74 SpanID: e38a5432129aeb04 [preserve][Step 5][Buy Assurance][Do not need to buy assurance]\n"",""stream"":""stdout"",""time"":""2025-06-06T09:22:59.131936975Z""}"
2025-06-06T09:22:59.131816211Z,1674984179131816211,33.33.33.116,ts-preserve-other-service-66646bdb5b-fw7x9,server,785ed9fe52a68b09516c6ec8f6320c74,e38a5432129aeb04,"{""log"":""17:22:59.131 INFO  p.s.PreserveOtherServiceImpl#179 TraceID: 785ed9fe52a68b09516c6ec8f6320c74 SpanID: e38a5432129aeb04 [preserve][Step 4][Do Order][Do Order Complete]\n"",""stream"":""stdout"",""time"":""2025-06-06T09:22:59.131816211Z""}"
2025-06-06T09:22:59.117908968Z,1674984179117908968,33.33.33.116,ts-preserve-other-service-66646bdb5b-fw7x9,server,785ed9fe52a68b09516c6ec8f6320c74,e38a5432129aeb04,"{""log"":""17:22:59.117 INFO  p.s.PreserveOtherServiceImpl#393 TraceID: 785ed9fe52a68b09516c6ec8f6320c74 SpanID: e38a5432129aeb04 [createOrder][Preserve Other Service][Get Contacts By Id]\n"",""stream"":""stdout"",""time"":""2025-06-06T09:22:59.117908968Z""}"
2025-06-06T09:22:59.117787977Z,1674984179117787977,33.33.33.116,ts-preserve-other-service-66646bdb5b-fw7x9,server,785ed9fe52a68b09516c6ec8f6320c74,e38a5432129aeb04,"{""log"":""17:22:59.117 INFO  p.s.PreserveOtherServiceImpl#171 TraceID: 785ed9fe52a68b09516c6ec8f6320c74 SpanID: e38a5432129aeb04 [preserve][Step 4][Do Order][Order Price][Price is: 122.49999999999999]\n"",""stream"":""stdout"",""time"":""2025-06-06T09:22:59.117787977Z""}"
2025-06-06T09:22:59.069241726Z,1674984179069241726,33.33.33.116,ts-preserve-other-service-66646bdb5b-fw7x9,server,785ed9fe52a68b09516c6ec8f6320c74,e38a5432129aeb04,"{""log"":""17:22:59.068 INFO  p.s.PreserveOtherServiceImpl#145 TraceID: 785ed9fe52a68b09516c6ec8f6320c74 SpanID: e38a5432129aeb04 [preserve][Step 4][Do Order][Travel Date][Date is: 2023-01-29]\n"",""stream"":""stdout"",""time"":""2025-06-06T09:22:59.069241726Z""}"
2025-06-06T09:22:59.017219079Z,1674984179017219079,33.33.33.116,ts-preserve-other-service-66646bdb5b-fw7x9,server,785ed9fe52a68b09516c6ec8f6320c74,e38a5432129aeb04,"{""log"":""17:22:59.016 INFO  p.s.PreserveOtherServiceImpl#101 TraceID: 785ed9fe52a68b09516c6ec8f6320c74 SpanID: e38a5432129aeb04 [preserve][Step 3][Check tickets num][Tickets Enough]\n"",""stream"":""stdout"",""time"":""2025-06-06T09:22:59.017219079Z""}"
2025-06-06T09:22:58.916435744Z,1674984178916435744,33.33.33.116,ts-preserve-other-service-66646bdb5b-fw7x9,server,785ed9fe52a68b09516c6ec8f6320c74,e38a5432129aeb04,"{""log"":""17:22:58.916 INFO  p.s.PreserveOtherServiceImpl#363 TraceID: 785ed9fe52a68b09516c6ec8f6320c74 SpanID: e38a5432129aeb04 [getTripAllDetailInformation][Preserve Other Service][Get Trip All Detail Information]\n"",""stream"":""stdout"",""time"":""2025-06-06T09:22:58.916435744Z""}"
2025-06-06T09:22:58.916310927Z,1674984178916310927,33.33.33.116,ts-preserve-other-service-66646bdb5b-fw7x9,server,785ed9fe52a68b09516c6ec8f6320c74,e38a5432129aeb04,"{""log"":""17:22:58.916 INFO  p.s.PreserveOtherServiceImpl#78 TraceID: 785ed9fe52a68b09516c6ec8f6320c74 SpanID: e38a5432129aeb04 [preserve][Step 3][Check tickets num][TripId: Z1234]\n"",""stream"":""stdout"",""time"":""2025-06-06T09:22:58.916310927Z""}"
2025-06-06T09:22:58.916185696Z,1674984178916185696,33.33.33.116,ts-preserve-other-service-66646bdb5b-fw7x9,server,785ed9fe52a68b09516c6ec8f6320c74,e38a5432129aeb04,"{""log"":""17:22:58.915 INFO  p.s.PreserveOtherServiceImpl#68 TraceID: 785ed9fe52a68b09516c6ec8f6320c74 SpanID: e38a5432129aeb04 [preserve][Step 2][Find contacts Complete][ContactsId: 415d1665-fbb2-4ec9-83f5-5ebe51dc1825]\n"",""stream"":""stdout"",""time"":""2025-06-06T09:22:58.916185696Z""}"
2025-06-06T09:22:58.901256759Z,1674984178901256759,33.33.33.116,ts-preserve-other-service-66646bdb5b-fw7x9,server,785ed9fe52a68b09516c6ec8f6320c74,e38a5432129aeb04,"{""log"":""17:22:58.901 INFO  p.s.PreserveOtherServiceImpl#378 TraceID: 785ed9fe52a68b09516c6ec8f6320c74 SpanID: e38a5432129aeb04 [getContactsById][Preserve Other Service][Get Contacts By Id is]\n"",""stream"":""stdout"",""time"":""2025-06-06T09:22:58.901256759Z""}"
2025-06-06T09:22:58.901130201Z,1674984178901130201,33.33.33.116,ts-preserve-other-service-66646bdb5b-fw7x9,server,785ed9fe52a68b09516c6ec8f6320c74,e38a5432129aeb04,"{""log"":""17:22:58.900 INFO  p.s.PreserveOtherServiceImpl#58 TraceID: 785ed9fe52a68b09516c6ec8f6320c74 SpanID: e38a5432129aeb04 [preserve][Step 1][Check Security Complete][AccountId: 4d2a46c7-71cb-4cf1-b5bb-b68406d9da6f]\n"",""stream"":""stdout"",""time"":""2025-06-06T09:22:58.901130201Z""}"
2025-06-06T09:22:58.866968558Z,1674984178866968558,33.33.33.116,ts-preserve-other-service-66646bdb5b-fw7x9,server,785ed9fe52a68b09516c6ec8f6320c74,e38a5432129aeb04,"{""log"":""17:22:58.866 INFO  p.s.PreserveOtherServiceImpl#348 TraceID: 785ed9fe52a68b09516c6ec8f6320c74 SpanID: e38a5432129aeb04 [checkSecurity][Preserve Other Service][Check Account Security]\n"",""stream"":""stdout"",""time"":""2025-06-06T09:22:58.866968558Z""}"
2025-06-06T09:22:58.866850637Z,1674984178866850637,33.33.33.116,ts-preserve-other-service-66646bdb5b-fw7x9,server,785ed9fe52a68b09516c6ec8f6320c74,e38a5432129aeb04,"{""log"":""17:22:58.866 INFO  p.s.PreserveOtherServiceImpl#48 TraceID: 785ed9fe52a68b09516c6ec8f6320c74 SpanID: e38a5432129aeb04 [preserve][Verify Login] Success\n"",""stream"":""stdout"",""time"":""2025-06-06T09:22:58.866850637Z""}"
2025-06-06T09:22:58.866738264Z,1674984178866738264,33.33.33.116,ts-preserve-other-service-66646bdb5b-fw7x9,server,785ed9fe52a68b09516c6ec8f6320c74,e38a5432129aeb04,"{""log"":""17:22:58.866 INFO  p.c.PreserveOtherController#35 TraceID: 785ed9fe52a68b09516c6ec8f6320c74 SpanID: e38a5432129aeb04 [preserve][Preserve Account order][from shanghai to nanjing at 2023-01-29]\n"",""stream"":""stdout"",""time"":""2025-06-06T09:22:58.866738264Z""}"
2025-06-06T09:22:58.877506093Z,1674984178877506093,33.33.33.76,ts-order-service-5b67c48447-mv5hb,server,785ed9fe52a68b09516c6ec8f6320c74,550b45c100ba12e1,"{""log"":""17:22:58.876 INFO  o.c.OrderController#118 TraceID: 785ed9fe52a68b09516c6ec8f6320c74 SpanID: 550b45c100ba12e1 [checkSecurityAboutOrder][Security Info Get][AccountId:4d2a46c7-71cb-4cf1-b5bb-b68406d9da6f]\n"",""stream"":""stdout"",""time"":""2025-06-06T09:22:58.877506093Z""}"
2025-06-06T09:22:59.130600447Z,1674984179130600447,33.33.33.155,ts-order-other-service-6cdbf9b4cc-h7mqk,server,785ed9fe52a68b09516c6ec8f6320c74,eb9bf5278b89953e,"{""log"":""17:22:59.130 INFO  o.s.OrderOtherServiceImpl#100 TraceID: 785ed9fe52a68b09516c6ec8f6320c74 SpanID: eb9bf5278b89953e [create][Order Create Success][OrderId:40f6493b-75c0-49a2-a872-ecb6f41f4789,Price: 122.49999999999999]\n"",""stream"":""stdout"",""time"":""2025-06-06T09:22:59.130600447Z""}"
2025-06-06T09:22:59.121975862Z,1674984179121975862,33.33.33.155,ts-order-other-service-6cdbf9b4cc-h7mqk,server,785ed9fe52a68b09516c6ec8f6320c74,eb9bf5278b89953e,"{""log"":""17:22:59.121 INFO  o.s.OrderOtherServiceImpl#92 TraceID: 785ed9fe52a68b09516c6ec8f6320c74 SpanID: eb9bf5278b89953e [create][Create Order][Ready Create Order]\n"",""stream"":""stdout"",""time"":""2025-06-06T09:22:59.121975862Z""}"
2025-06-06T09:22:59.121864534Z,1674984179121864534,33.33.33.155,ts-order-other-service-6cdbf9b4cc-h7mqk,server,785ed9fe52a68b09516c6ec8f6320c74,eb9bf5278b89953e,"{""log"":""17:22:59.121 INFO  o.c.OrderOtherController#49 TraceID: 785ed9fe52a68b09516c6ec8f6320c74 SpanID: eb9bf5278b89953e [create][Create Order][from shanghai to nanjing at 2023-01-29]\n"",""stream"":""stdout"",""time"":""2025-06-06T09:22:59.121864534Z""}"
2025-06-06T09:22:51.156308502Z,1674984171156308502,33.33.33.82,ts-seat-service-5c95b49cff-tdsdz,server,9c7ee4bc2bc6191dc3a5fcd2505c7ab4,cb953e2080319687,"{""log"":""17:22:51.155 INFO  s.s.SeatServiceImpl#79 TraceID: 9c7ee4bc2bc6191dc3a5fcd2505c7ab4 SpanID: cb953e2080319687 [distributeSeat][Left ticket info][info is : Response(status=1, msg=Success, data=LeftTicketInfo{soldTickets=[Ticket(seatNo=388817927, startStation=shanghai, destStation=nanjing), Ticket(seatNo=512319188, startStation=shanghai, destStation=nanjing), Ticket(seatNo=650950163, startStation=shanghai, destStation=nanjing), Ticket(seatNo=1408310701, startStation=shanghai, destStation=nanjing), Ticket(seatNo=681456978, startStation=shanghai, destStation=nanjing), Ticket(seatNo=1278422345, startStation=shanghai, destStation=nanjing), Ticket(seatNo=113640569, startStation=shanghai, destStation=nanjing), Ticket(seatNo=1706091788, startStation=shanghai, destStation=nanjing), Ticket(seatNo=719931591, startStation=shanghai, destStation=nanjing), Ticket(seatNo=324348558, startStation=shanghai, destStation=nanjing), Ticket(seatNo=437134557, startStation=shanghai, destStation=nanjing), Ticket(seatNo=1180305654, startStation=shanghai, destStation=nanjing), Ticket(seatNo=218664224, startStation=shanghai, destStation=nanjing), Ticket(seatNo=1531256885, startStation=shanghai, destStation=nanjing), Ticket(seatNo=282865016, startStation=shanghai, destStation=nanjing), Ticket(seatNo=290573193, startStation=shanghai, destStation=nanjing), Ticket(seatNo=2091646075, startStation=shanghai, destStation=nanjing), Ticket(seatNo=1529246592, startStation=shanghai, destStation=nanjing), Ticket(seatNo=518358183, startStation=shanghai, destStation=nanjing), Ticket(seatNo=1578574107, startStation=shanghai, destStation=nanjing), Ticket(seatNo=864103707, startStation=shanghai, destStation=nanjing), Ticket(seatNo=1101722819, startStation=shanghai, destStation=nanjing), Ticket(seatNo=1110043211, startStation=shanghai, destStation=nanjing), Ticket(seatNo=2115304579, startStation=shanghai, destStation=nanjing), Ticket(seatNo=517895253, startStation=shanghai, destStation=nanjing), Ticket(seatNo=112374996, startStation=shanghai, destStation=nanjing), Ticket(seatNo=1222554072, startStation=shanghai, destStation=nanjing), Ticket(seatNo=1445221655, startStation=shanghai, destStation=nanjing), Ticket(seatNo=55335899, startStation=shanghai, destStation=nanjing), Ticket(seatNo=1402723531, startStation=shanghai, destStation=nanjing), Ticket(seatNo=520072209, startStation=shanghai, destStation=nanjing), Ticket(seatNo=1063924165, startStation=shanghai, destStation=nanjing), Ticket(seatNo=828062078, startStation=shanghai, destStation=nanjing), Ticket(seatNo=364950093, startStation=shanghai, destStation=nanjing), Ticket(seatNo=2090617881, startStation=shanghai, destStation=nanjing), Ticket(seatNo=1605189805, startStation=shanghai, destStation=nanjing), Ticket(seatNo=182083286, startStation=shanghai, destStation=nanjing), Ticket(seatNo=1956808479, startStation=shanghai, destStation=nanjing), Ticket(seatNo=1479771875, startStation=shanghai, destStation=nanjing), Ticket(seatNo=1340473816, startStation=shanghai, destStation=nanjing), Ticket(seatNo=2058528320, startStation=shanghai, destStation=nanjing), Ticket(seatNo=1862239339, startStation=shanghai, destStation=nanjing), Ticket(seatNo=756196424, startStation=shanghai, destStation=nanjing), Ticket(seatNo=1554210637, startStation=shanghai, destStation=nanjing), Ticket(seatNo=2131607583, startStation=shanghai, destStation=nanjing), Ticket(seatNo=1114945650, startStation=shanghai, destStation=nanjing), Ticket(seatNo=978840618, startStation=shanghai, destStation=nanjing), Ticket(seatNo=1696192204, startStation=shanghai, destStation=nanjing), Ticket(seatNo=159217444, startStation=shanghai, destStation=nanjing), Ticket(seatNo=1472397446, startStation=shanghai, destStation=nanjing), Ticket(seatNo=863762562, startStation=shanghai, destStation=nanjing), Ticket(seatNo=762240728, startStation=shanghai, destStation=nanjing), Ticket(seatNo=733090960, startStation=shanghai, destStation=nanjing), Ticket(seatNo=1385200790, startStation=shanghai, destStation=nanjing), Ticket(seatNo=1483334408, startStation=shanghai, destStation=nanjing), Ticket(seatNo=1230952670, startStation=shanghai, destStation=nanjing), Ticket(seatNo=1760486203, startStation=shanghai, destStation=nanjing), Ticket(seatNo=1631472666, startStation=shanghai, destStation=nanjing), Ticket(seatNo=882144838, startStation=shanghai, destStation=nanjing), Ticket(seatNo=210246843, startStation=shanghai, destStation=nanjing), Ticket(seatNo=427259238, startStation=shanghai, destStation=nanjing), Ticket(seatNo=1232572404, startStation=shanghai, destStation=nanjing), Ticket(seatNo=1304478712, startStation=shanghai, destStation=nanjing), Ticket(seatNo=2016232602, startStation=shanghai, destStation=nanjing), Ticket(seatNo=76670888, startStation=shanghai, destStation=nanjing), Ticket(seatNo=1754550335, startStation=shanghai, destStation=nanjing), Ticket(seatNo=1491838595, startStation=shanghai, destStation=nanjing), Ticket(seatNo=1330605393, startStation=shanghai, destStation=nanjing), Ticket(seatNo=226825480, startStation=shanghai, destStation=nanjing), Ticket(seatNo=1787175945, startStation=shanghai, destStation=nanjing), Ticket(seatNo=590443336, startStation=shanghai, destStation=nanjing), Ticket(seatNo=427944411, startStation=shanghai, destStation=nanjing), Ticket(seatNo=1638437656, startStation=shanghai, destStation=nanjing), Ticket(seatNo=1361381257, startStation=shanghai, destStation=nanjing), Ticket(seatNo=1482512162, startStation=shanghai, destStation=nanjing), Ticket(seatNo=400526011, startStation=shanghai, destStation=nanjing), Ticket(seatNo=1749342441, startStation=shanghai, destStation=nanjing), Ticket(seatNo=2117918027, startStation=shanghai, destStation=nanjing), Ticket(seatNo=654927142, startStation=shanghai, destStation=nanjing), Ticket(seatNo=1977897455, startStation=shanghai, destStation=nanjing), Ticket(seatNo=641977830, startStation=shanghai, destStation=nanjing), Ticket(seatNo=1021188806, startStation=shanghai, destStation=nanjing), Ticket(seatNo=1445935016, startStation=shanghai, destStation=nanjing), Ticket(seatNo=1452278883, startStation=shanghai, destStation=nanjing), Ticket(seatNo=830548221, startStation=shanghai, destStation=nanjing), Ticket(seatNo=1655441840, startStation=shanghai, destStation=nanjing), Ticket(seatNo=678340688, startStation=shanghai, destStation=nanjing), Ticket(seatNo=1682320147, startStation=shanghai, destStation=nanjing), Ticket(seatNo=1195341149, startStation=shanghai, destStation=nanjing), Ticket(seatNo=973914808, startStation=shanghai, destStation=nanjing), Ticket(seatNo=1217764195, startStation=shanghai, destStation=nanjing), Ticket(seatNo=837692558, startStation=shanghai, destStation=nanjing), Ticket(seatNo=1203709814, startStation=shanghai, destStation=nanjing), Ticket(seatNo=984361044, startStation=shanghai, destStation=nanjing), Ticket(seatNo=675974723, startStation=shanghai, destStation=nanjing), Ticket(seatNo=1490992938, startStation=shanghai, destStation=nanjing), Ticket(seatNo=1201160931, startStation=shanghai, destStation=nanjing), Ticket(seatNo=1435884154, startStation=shanghai, destStation=nanjing), Ticket(seatNo=1297551695, startStation=shanghai, destStation=nanjing), Ticket(seatNo=1664074534, startStation=shanghai, destStation=nanjing), Ticket(seatNo=1921728155, startStation=shanghai, destStation=nanjing), Ticket(seatNo=1137714160, startStation=shanghai, destStation=nanjing), Ticket(seatNo=1988971469, startStation=shanghai, destStation=nanjing), Ticket(seatNo=1018160513, startStation=shanghai, destStation=nanjing), Ticket(seatNo=1550917166, startStation=shanghai, destStation=nanjing), Ticket(seatNo=1894695695, startStation=shanghai, destStation=nanjing), Ticket(seatNo=784843623, startStation=shanghai, destStation=nanjing), Ticket(seatNo=1932732784, startStation=shanghai, destStation=nanjing), Ticket(seatNo=1565956437, startStation=shanghai, destStation=nanjing), Ticket(seatNo=249855326, startStation=shanghai, destStation=nanjing), Ticket(seatNo=77833908, startStation=shanghai, destStation=nanjing), Ticket(seatNo=64395763, startStation=shanghai, destStation=nanjing), Ticket(seatNo=781572303, startStation=shanghai, destStation=nanjing), Ticket(seatNo=1060217224, startStation=shanghai, destStation=nanjing), Ticket(seatNo=210817532, startStation=shanghai, destStation=nanjing), Ticket(seatNo=1587135411, startStation=shanghai, destStation=nanjing), Ticket(seatNo=862437816, startStation=shanghai, destStation=nanjing), Ticket(seatNo=348991760, startStation=shanghai, destStation=nanjing), Ticket(seatNo=1479280287, startStation=shanghai, destStation=nanjing), Ticket(seatNo=349038530, startStation=shanghai, destStation=nanjing), Ticket(seatNo=90480773, startStation=shanghai, destStation=nanjing), Ticket(seatNo=1465059263, startStation=shanghai, destStation=nanjing), Ticket(seatNo=985339747, startStation=shanghai, destStation=nanjing), Ticket(seatNo=1498460243, startStation=shanghai, destStation=nanjing), Ticket(seatNo=671507041, startStation=shanghai, destStation=nanjing), Ticket(seatNo=965174800, startStation=shanghai, destStation=nanjing), Ticket(seatNo=1841324996, startStation=shanghai, destStation=nanjing), Ticket(seatNo=1248601454, startStation=shanghai, destStation=nanjing), Ticket(seatNo=1901083814, startStation=shanghai, destStation=nanjing), Ticket(seatNo=2077341681, startStation=shanghai, destStation=nanjing), Ticket(seatNo=1207577891, startStation=shanghai, destStation=nanjing), Ticket(seatNo=1454446323, startStation=shanghai, destStation=nanjing), Ticket(seatNo=234766556, startStation=shanghai, destStation=nanjing), Ticket(seatNo=1726109987, startStation=shanghai, destStation=nanjing), Ticket(seatNo=317002893, startStation=shanghai, destStation=nanjing), Ticket(seatNo=1499460332, startStation=shanghai, destStation=nanjing), Ticket(seatNo=267587626, startStation=shanghai, destStation=nanjing), Ticket(seatNo=747527520, startStation=shanghai, destStation=nanjing), Ticket(seatNo=207584255, startStation=shanghai, destStation=nanjing), Ticket(seatNo=636497848, startStation=shanghai, destStation=nanjing), Ticket(seatNo=134621623, startStation=shanghai, destStation=nanjing), Ticket(seatNo=1143973252, startStation=shanghai, destStation=nanjing), Ticket(seatNo=1285506393, startStation=shanghai, destStation=nanjing), Ticket(seatNo=1318597280, startStation=shanghai, destStation=nanjing), Ticket(seatNo=2109276771, startStation=shanghai, destStation=nanjing), Ticket(seatNo=746347294, startStation=shanghai, destStation=nanjing), Ticket(seatNo=1636266694, startStation=shanghai, destStation=nanjing), Ticket(seatNo=538009141, startStation=shanghai, destStation=nanjing), Ticket(seatNo=1944586976, startStation=shanghai, destStation=nanjing), Ticket(seatNo=1320680614, startStation=shanghai, destStation=nanjing), Ticket(seatNo=142490066, startStation=shanghai, destStation=nanjing), Ticket(seatNo=252466715, startStation=shanghai, destStation=nanjing), Ticket(seatNo=1806446874, startStation=shanghai, destStation=nanjing), Ticket(seatNo=1743761737, startStation=shanghai, destStation=nanjing), Ticket(seatNo=610439616, startStation=shanghai, destStation=nanjing), Ticket(seatNo=76166607, startStation=shanghai, destStation=nanjing), Ticket(seatNo=1265135696, startStation=shanghai, destStation=nanjing), Ticket(seatNo=1177274309, startStation=shanghai, destStation=nanjing), Ticket(seatNo=746628462, startStation=shanghai, destStation=nanjing), Ticket(seatNo=573722729, startStation=shanghai, destStation=nanjing), Ticket(seatNo=940056408, startStation=shanghai, destStation=nanjing), Ticket(seatNo=202317050, startStation=shanghai, destStation=nanjing), Ticket(seatNo=221602851, startStation=shanghai, destStation=nanjing), Ticket(seatNo=1431476535, startStation=shanghai, destStation=nanjing), Ticket(seatNo=606888208, startStation=shanghai, destStation=nanjing), Ticket(seatNo=813377677, startStation=shanghai, destStation=nanjing), Ticket(seatNo=1592122745, startStation=shanghai, destStation=nanjing), Ticket(seatNo=2128153780, startStation=shanghai, destStation=nanjing), Ticket(seatNo=568784077, startStation=shanghai, destStation=nanjing), Ticket(seatNo=990332202, startStation=shanghai, destStation=nanjing), Ticket(seatNo=1969469614, startStation=shanghai, destStation=nanjing), Ticket(seatNo=1456285444, startStation=shanghai, destStation=nanjing), Ticket(seatNo=1785859166, startStation=shanghai, destStation=nanjing)]})]\n"",""stream"":""stdout"",""time"":""2025-06-06T09:22:51.156308502Z""}"
2025-06-06T09:22:51.145732678Z,1674984171145732678,33.33.33.82,ts-seat-service-5c95b49cff-tdsdz,server,9c7ee4bc2bc6191dc3a5fcd2505c7ab4,cb953e2080319687,"{""log"":""17:22:51.145 INFO  s.s.SeatServiceImpl#69 TraceID: 9c7ee4bc2bc6191dc3a5fcd2505c7ab4 SpanID: cb953e2080319687 [distributeSeat][TrainNumber start][Other Capital Except D and G]\n"",""stream"":""stdout"",""time"":""2025-06-06T09:22:51.145732678Z""}"
2025-06-06T09:22:51.145335316Z,1674984171145335316,33.33.33.82,ts-seat-service-5c95b49cff-tdsdz,server,9c7ee4bc2bc6191dc3a5fcd2505c7ab4,cb953e2080319687,"{""log"":""17:22:51.144 INFO  s.c.SeatController#41 TraceID: 9c7ee4bc2bc6191dc3a5fcd2505c7ab4 SpanID: cb953e2080319687 [distributeSeat][Create seat][TravelDate: 2023-01-29,TrainNumber: Z1234,SeatType: 2]\n"",""stream"":""stdout"",""time"":""2025-06-06T09:22:51.145335316Z""}"
2025-06-06T09:22:51.091690591Z,1674984171091690591,33.33.33.82,ts-seat-service-5c95b49cff-tdsdz,server,9c7ee4bc2bc6191dc3a5fcd2505c7ab4,25c6255f71a91e1c,"{""log"":""17:22:51.091 INFO  s.s.SeatServiceImpl#217 TraceID: 9c7ee4bc2bc6191dc3a5fcd2505c7ab4 SpanID: 25c6255f71a91e1c [getDirectProportion][Configs is : Config(name=DirectTicketAllocationProportion, value=0.5, description=Allocation Proportion Of The Direct Ticket - From Start To End)]\n"",""stream"":""stdout"",""time"":""2025-06-06T09:22:51.091690591Z""}"
2025-06-06T09:22:59.082110446Z,1674984179082110446,33.33.33.155,ts-order-other-service-6cdbf9b4cc-h7mqk,server,785ed9fe52a68b09516c6ec8f6320c74,350a90c31711a695,"{""log"":""17:22:59.081 INFO  o.s.OrderOtherServiceImpl#67 TraceID: 785ed9fe52a68b09516c6ec8f6320c74 SpanID: 350a90c31711a695 [getSoldTickets][Left ticket info][info is: LeftTicketInfo{soldTickets=[Ticket(seatNo=388817927, startStation=shanghai, destStation=nanjing), Ticket(seatNo=512319188, startStation=shanghai, destStation=nanjing), Ticket(seatNo=650950163, startStation=shanghai, destStation=nanjing), Ticket(seatNo=1408310701, startStation=shanghai, destStation=nanjing), Ticket(seatNo=681456978, startStation=shanghai, destStation=nanjing), Ticket(seatNo=1278422345, startStation=shanghai, destStation=nanjing), Ticket(seatNo=113640569, startStation=shanghai, destStation=nanjing), Ticket(seatNo=1706091788, startStation=shanghai, destStation=nanjing), Ticket(seatNo=719931591, startStation=shanghai, destStation=nanjing), Ticket(seatNo=324348558, startStation=shanghai, destStation=nanjing), Ticket(seatNo=437134557, startStation=shanghai, destStation=nanjing), Ticket(seatNo=1180305654, startStation=shanghai, destStation=nanjing), Ticket(seatNo=218664224, startStation=shanghai, destStation=nanjing), Ticket(seatNo=1531256885, startStation=shanghai, destStation=nanjing), Ticket(seatNo=282865016, startStation=shanghai, destStation=nanjing), Ticket(seatNo=290573193, startStation=shanghai, destStation=nanjing), Ticket(seatNo=2091646075, startStation=shanghai, destStation=nanjing), Ticket(seatNo=1529246592, startStation=shanghai, destStation=nanjing), Ticket(seatNo=518358183, startStation=shanghai, destStation=nanjing), Ticket(seatNo=1578574107, startStation=shanghai, destStation=nanjing), Ticket(seatNo=864103707, startStation=shanghai, destStation=nanjing), Ticket(seatNo=1101722819, startStation=shanghai, destStation=nanjing), Ticket(seatNo=1110043211, startStation=shanghai, destStation=nanjing), Ticket(seatNo=2115304579, startStation=shanghai, destStation=nanjing), Ticket(seatNo=517895253, startStation=shanghai, destStation=nanjing), Ticket(seatNo=112374996, startStation=shanghai, destStation=nanjing), Ticket(seatNo=1222554072, startStation=shanghai, destStation=nanjing), Ticket(seatNo=1445221655, startStation=shanghai, destStation=nanjing), Ticket(seatNo=55335899, startStation=shanghai, destStation=nanjing), Ticket(seatNo=1402723531, startStation=shanghai, destStation=nanjing), Ticket(seatNo=520072209, startStation=shanghai, destStation=nanjing), Ticket(seatNo=1063924165, startStation=shanghai, destStation=nanjing), Ticket(seatNo=828062078, startStation=shanghai, destStation=nanjing), Ticket(seatNo=364950093, startStation=shanghai, destStation=nanjing), Ticket(seatNo=2090617881, startStation=shanghai, destStation=nanjing), Ticket(seatNo=1605189805, startStation=shanghai, destStation=nanjing), Ticket(seatNo=182083286, startStation=shanghai, destStation=nanjing), Ticket(seatNo=1956808479, startStation=shanghai, destStation=nanjing), Ticket(seatNo=1479771875, startStation=shanghai, destStation=nanjing), Ticket(seatNo=1340473816, startStation=shanghai, destStation=nanjing), Ticket(seatNo=2058528320, startStation=shanghai, destStation=nanjing), Ticket(seatNo=1862239339, startStation=shanghai, destStation=nanjing), Ticket(seatNo=756196424, startStation=shanghai, destStation=nanjing), Ticket(seatNo=1554210637, startStation=shanghai, destStation=nanjing), Ticket(seatNo=2131607583, startStation=shanghai, destStation=nanjing), Ticket(seatNo=1114945650, startStation=shanghai, destStation=nanjing), Ticket(seatNo=978840618, startStation=shanghai, destStation=nanjing), Ticket(seatNo=1696192204, startStation=shanghai, destStation=nanjing), Ticket(seatNo=159217444, startStation=shanghai, destStation=nanjing), Ticket(seatNo=1472397446, startStation=shanghai, destStation=nanjing), Ticket(seatNo=863762562, startStation=shanghai, destStation=nanjing), Ticket(seatNo=762240728, startStation=shanghai, destStation=nanjing), Ticket(seatNo=733090960, startStation=shanghai, destStation=nanjing), Ticket(seatNo=1385200790, startStation=shanghai, destStation=nanjing), Ticket(seatNo=1483334408, startStation=shanghai, destStation=nanjing), Ticket(seatNo=1230952670, startStation=shanghai, destStation=nanjing), Ticket(seatNo=1760486203, startStation=shanghai, destStation=nanjing), Ticket(seatNo=1631472666, startStation=shanghai, destStation=nanjing), Ticket(seatNo=882144838, startStation=shanghai, destStation=nanjing), Ticket(seatNo=210246843, startStation=shanghai, destStation=nanjing), Ticket(seatNo=427259238, startStation=shanghai, destStation=nanjing), Ticket(seatNo=1232572404, startStation=shanghai, destStation=nanjing), Ticket(seatNo=1304478712, startStation=shanghai, destStation=nanjing), Ticket(seatNo=2016232602, startStation=shanghai, destStation=nanjing), Ticket(seatNo=76670888, startStation=shanghai, destStation=nanjing), Ticket(seatNo=1754550335, startStation=shanghai, destStation=nanjing), Ticket(seatNo=1491838595, startStation=shanghai, destStation=nanjing), Ticket(seatNo=1330605393, startStation=shanghai, destStation=nanjing), Ticket(seatNo=226825480, startStation=shanghai, destStation=nanjing), Ticket(seatNo=1787175945, startStation=shanghai, destStation=nanjing), Ticket(seatNo=590443336, startStation=shanghai, destStation=nanjing), Ticket(seatNo=427944411, startStation=shanghai, destStation=nanjing), Ticket(seatNo=1638437656, startStation=shanghai, destStation=nanjing), Ticket(seatNo=1361381257, startStation=shanghai, destStation=nanjing), Ticket(seatNo=1482512162, startStation=shanghai, destStation=nanjing), Ticket(seatNo=400526011, startStation=shanghai, destStation=nanjing), Ticket(seatNo=1749342441, startStation=shanghai, destStation=nanjing), Ticket(seatNo=2117918027, startStation=shanghai, destStation=nanjing), Ticket(seatNo=654927142, startStation=shanghai, destStation=nanjing), Ticket(seatNo=1977897455, startStation=shanghai, destStation=nanjing), Ticket(seatNo=641977830, startStation=shanghai, destStation=nanjing), Ticket(seatNo=1021188806, startStation=shanghai, destStation=nanjing), Ticket(seatNo=1445935016, startStation=shanghai, destStation=nanjing), Ticket(seatNo=1452278883, startStation=shanghai, destStation=nanjing), Ticket(seatNo=830548221, startStation=shanghai, destStation=nanjing), Ticket(seatNo=1655441840, startStation=shanghai, destStation=nanjing), Ticket(seatNo=678340688, startStation=shanghai, destStation=nanjing), Ticket(seatNo=1682320147, startStation=shanghai, destStation=nanjing), Ticket(seatNo=1195341149, startStation=shanghai, destStation=nanjing), Ticket(seatNo=973914808, startStation=shanghai, destStation=nanjing), Ticket(seatNo=1217764195, startStation=shanghai, destStation=nanjing), Ticket(seatNo=837692558, startStation=shanghai, destStation=nanjing), Ticket(seatNo=1203709814, startStation=shanghai, destStation=nanjing), Ticket(seatNo=984361044, startStation=shanghai, destStation=nanjing), Ticket(seatNo=675974723, startStation=shanghai, destStation=nanjing), Ticket(seatNo=1490992938, startStation=shanghai, destStation=nanjing), Ticket(seatNo=1201160931, startStation=shanghai, destStation=nanjing), Ticket(seatNo=1435884154, startStation=shanghai, destStation=nanjing), Ticket(seatNo=1297551695, startStation=shanghai, destStation=nanjing), Ticket(seatNo=1664074534, startStation=shanghai, destStation=nanjing), Ticket(seatNo=1921728155, startStation=shanghai, destStation=nanjing), Ticket(seatNo=1137714160, startStation=shanghai, destStation=nanjing), Ticket(seatNo=1988971469, startStation=shanghai, destStation=nanjing), Ticket(seatNo=1018160513, startStation=shanghai, destStation=nanjing), Ticket(seatNo=1550917166, startStation=shanghai, destStation=nanjing), Ticket(seatNo=1894695695, startStation=shanghai, destStation=nanjing), Ticket(seatNo=784843623, startStation=shanghai, destStation=nanjing), Ticket(seatNo=1932732784, startStation=shanghai, destStation=nanjing), Ticket(seatNo=1565956437, startStation=shanghai, destStation=nanjing), Ticket(seatNo=249855326, startStation=shanghai, destStation=nanjing), Ticket(seatNo=77833908, startStation=shanghai, destStation=nanjing), Ticket(seatNo=64395763, startStation=shanghai, destStation=nanjing), Ticket(seatNo=781572303, startStation=shanghai, destStation=nanjing), Ticket(seatNo=1060217224, startStation=shanghai, destStation=nanjing), Ticket(seatNo=210817532, startStation=shanghai, destStation=nanjing), Ticket(seatNo=1587135411, startStation=shanghai, destStation=nanjing), Ticket(seatNo=862437816, startStation=shanghai, destStation=nanjing), Ticket(seatNo=348991760, startStation=shanghai, destStation=nanjing), Ticket(seatNo=1479280287, startStation=shanghai, destStation=nanjing), Ticket(seatNo=349038530, startStation=shanghai, destStation=nanjing), Ticket(seatNo=90480773, startStation=shanghai, destStation=nanjing), Ticket(seatNo=1465059263, startStation=shanghai, destStation=nanjing), Ticket(seatNo=985339747, startStation=shanghai, destStation=nanjing), Ticket(seatNo=1498460243, startStation=shanghai, destStation=nanjing), Ticket(seatNo=671507041, startStation=shanghai, destStation=nanjing), Ticket(seatNo=965174800, startStation=shanghai, destStation=nanjing), Ticket(seatNo=1841324996, startStation=shanghai, destStation=nanjing), Ticket(seatNo=1248601454, startStation=shanghai, destStation=nanjing), Ticket(seatNo=1901083814, startStation=shanghai, destStation=nanjing), Ticket(seatNo=2077341681, startStation=shanghai, destStation=nanjing), Ticket(seatNo=1207577891, startStation=shanghai, destStation=nanjing), Ticket(seatNo=1454446323, startStation=shanghai, destStation=nanjing), Ticket(seatNo=234766556, startStation=shanghai, destStation=nanjing), Ticket(seatNo=1726109987, startStation=shanghai, destStation=nanjing), Ticket(seatNo=317002893, startStation=shanghai, destStation=nanjing), Ticket(seatNo=1499460332, startStation=shanghai, destStation=nanjing), Ticket(seatNo=267587626, startStation=shanghai, destStation=nanjing), Ticket(seatNo=747527520, startStation=shanghai, destStation=nanjing), Ticket(seatNo=207584255, startStation=shanghai, destStation=nanjing), Ticket(seatNo=636497848, startStation=shanghai, destStation=nanjing), Ticket(seatNo=134621623, startStation=shanghai, destStation=nanjing), Ticket(seatNo=1143973252, startStation=shanghai, destStation=nanjing), Ticket(seatNo=1285506393, startStation=shanghai, destStation=nanjing), Ticket(seatNo=1318597280, startStation=shanghai, destStation=nanjing), Ticket(seatNo=2109276771, startStation=shanghai, destStation=nanjing), Ticket(seatNo=746347294, startStation=shanghai, destStation=nanjing), Ticket(seatNo=360435965, startStation=shanghai, destStation=nanjing), Ticket(seatNo=1636266694, startStation=shanghai, destStation=nanjing), Ticket(seatNo=538009141, startStation=shanghai, destStation=nanjing), Ticket(seatNo=1944586976, startStation=shanghai, destStation=nanjing), Ticket(seatNo=1320680614, startStation=shanghai, destStation=nanjing), Ticket(seatNo=142490066, startStation=shanghai, destStation=nanjing), Ticket(seatNo=252466715, startStation=shanghai, destStation=nanjing), Ticket(seatNo=1806446874, startStation=shanghai, destStation=nanjing), Ticket(seatNo=1743761737, startStation=shanghai, destStation=nanjing), Ticket(seatNo=610439616, startStation=shanghai, destStation=nanjing), Ticket(seatNo=76166607, startStation=shanghai, destStation=nanjing), Ticket(seatNo=1265135696, startStation=shanghai, destStation=nanjing), Ticket(seatNo=1177274309, startStation=shanghai, destStation=nanjing), Ticket(seatNo=746628462, startStation=shanghai, destStation=nanjing), Ticket(seatNo=573722729, startStation=shanghai, destStation=nanjing), Ticket(seatNo=940056408, startStation=shanghai, destStation=nanjing), Ticket(seatNo=202317050, startStation=shanghai, destStation=nanjing), Ticket(seatNo=221602851, startStation=shanghai, destStation=nanjing), Ticket(seatNo=1431476535, startStation=shanghai, destStation=nanjing), Ticket(seatNo=606888208, startStation=shanghai, destStation=nanjing), Ticket(seatNo=813377677, startStation=shanghai, destStation=nanjing), Ticket(seatNo=1592122745, startStation=shanghai, destStation=nanjing), Ticket(seatNo=2128153780, startStation=shanghai, destStation=nanjing), Ticket(seatNo=568784077, startStation=shanghai, destStation=nanjing), Ticket(seatNo=990332202, startStation=shanghai, destStation=nanjing), Ticket(seatNo=1969469614, startStation=shanghai, destStation=nanjing), Ticket(seatNo=1456285444, startStation=shanghai, destStation=nanjing), Ticket(seatNo=1785859166, startStation=shanghai, destStation=nanjing)]}]\n"",""stream"":""stdout"",""time"":""2025-06-06T09:22:59.082110446Z""}"
2025-06-06T09:22:59.077950776Z,1674984179077950776,33.33.33.155,ts-order-other-service-6cdbf9b4cc-h7mqk,server,785ed9fe52a68b09516c6ec8f6320c74,350a90c31711a695,"{""log"":""17:22:59.077 INFO  o.c.OrderOtherController#42 TraceID: 785ed9fe52a68b09516c6ec8f6320c74 SpanID: 350a90c31711a695 [getSoldTickets][Get Sold Ticket][Travel Date: 2023-01-29]\n"",""stream"":""stdout"",""time"":""2025-06-06T09:22:59.077950776Z""}"
2025-06-06T09:22:51.086530888Z,1674984171086530888,33.33.33.82,ts-seat-service-5c95b49cff-tdsdz,server,9c7ee4bc2bc6191dc3a5fcd2505c7ab4,25c6255f71a91e1c,"{""log"":""17:22:51.085 INFO  s.s.SeatServiceImpl#166 TraceID: 9c7ee4bc2bc6191dc3a5fcd2505c7ab4 SpanID: 25c6255f71a91e1c [getLeftTicketOfInterval][Get Order tickets result][result is \u003c200,Response(status=1, msg=Success, data=LeftTicketInfo{soldTickets=[Ticket(seatNo=388817927, startStation=shanghai, destStation=nanjing), Ticket(seatNo=512319188, startStation=shanghai, destStation=nanjing), Ticket(seatNo=650950163, startStation=shanghai, destStation=nanjing), Ticket(seatNo=1408310701, startStation=shanghai, destStation=nanjing), Ticket(seatNo=681456978, startStation=shanghai, destStation=nanjing), Ticket(seatNo=1278422345, startStation=shanghai, destStation=nanjing), Ticket(seatNo=113640569, startStation=shanghai, destStation=nanjing), Ticket(seatNo=1706091788, startStation=shanghai, destStation=nanjing), Ticket(seatNo=719931591, startStation=shanghai, destStation=nanjing), Ticket(seatNo=324348558, startStation=shanghai, destStation=nanjing), Ticket(seatNo=437134557, startStation=shanghai, destStation=nanjing), Ticket(seatNo=1180305654, startStation=shanghai, destStation=nanjing), Ticket(seatNo=218664224, startStation=shanghai, destStation=nanjing), Ticket(seatNo=1531256885, startStation=shanghai, destStation=nanjing), Ticket(seatNo=282865016, startStation=shanghai, destStation=nanjing), Ticket(seatNo=290573193, startStation=shanghai, destStation=nanjing), Ticket(seatNo=2091646075, startStation=shanghai, destStation=nanjing), Ticket(seatNo=1529246592, startStation=shanghai, destStation=nanjing), Ticket(seatNo=518358183, startStation=shanghai, destStation=nanjing), Ticket(seatNo=1578574107, startStation=shanghai, destStation=nanjing), Ticket(seatNo=864103707, startStation=shanghai, destStation=nanjing), Ticket(seatNo=1101722819, startStation=shanghai, destStation=nanjing), Ticket(seatNo=1110043211, startStation=shanghai, destStation=nanjing), Ticket(seatNo=2115304579, startStation=shanghai, destStation=nanjing), Ticket(seatNo=517895253, startStation=shanghai, destStation=nanjing), Ticket(seatNo=112374996, startStation=shanghai, destStation=nanjing), Ticket(seatNo=1222554072, startStation=shanghai, destStation=nanjing), Ticket(seatNo=1445221655, startStation=shanghai, destStation=nanjing), Ticket(seatNo=55335899, startStation=shanghai, destStation=nanjing), Ticket(seatNo=1402723531, startStation=shanghai, destStation=nanjing), Ticket(seatNo=520072209, startStation=shanghai, destStation=nanjing), Ticket(seatNo=1063924165, startStation=shanghai, destStation=nanjing), Ticket(seatNo=828062078, startStation=shanghai, destStation=nanjing), Ticket(seatNo=364950093, startStation=shanghai, destStation=nanjing), Ticket(seatNo=2090617881, startStation=shanghai, destStation=nanjing), Ticket(seatNo=1605189805, startStation=shanghai, destStation=nanjing), Ticket(seatNo=182083286, startStation=shanghai, destStation=nanjing), Ticket(seatNo=1956808479, startStation=shanghai, destStation=nanjing), Ticket(seatNo=1479771875, startStation=shanghai, destStation=nanjing), Ticket(seatNo=1340473816, startStation=shanghai, destStation=nanjing), Ticket(seatNo=2058528320, startStation=shanghai, destStation=nanjing), Ticket(seatNo=1862239339, startStation=shanghai, destStation=nanjing), Ticket(seatNo=756196424, startStation=shanghai, destStation=nanjing), Ticket(seatNo=1554210637, startStation=shanghai, destStation=nanjing), Ticket(seatNo=2131607583, startStation=shanghai, destStation=nanjing), Ticket(seatNo=1114945650, startStation=shanghai, destStation=nanjing), Ticket(seatNo=978840618, startStation=shanghai, destStation=nanjing), Ticket(seatNo=1696192204, startStation=shanghai, destStation=nanjing), Ticket(seatNo=159217444, startStation=shanghai, destStation=nanjing), Ticket(seatNo=1472397446, startStation=shanghai, destStation=nanjing), Ticket(seatNo=863762562, startStation=shanghai, destStation=nanjing), Ticket(seatNo=762240728, startStation=shanghai, destStation=nanjing), Ticket(seatNo=733090960, startStation=shanghai, destStation=nanjing), Ticket(seatNo=1385200790, startStation=shanghai, destStation=nanjing), Ticket(seatNo=1483334408, startStation=shanghai, destStation=nanjing), Ticket(seatNo=1230952670, startStation=shanghai, destStation=nanjing), Ticket(seatNo=1760486203, startStation=shanghai, destStation=nanjing), Ticket(seatNo=1631472666, startStation=shanghai, destStation=nanjing), Ticket(seatNo=882144838, startStation=shanghai, destStation=nanjing), Ticket(seatNo=210246843, startStation=shanghai, destStation=nanjing), Ticket(seatNo=427259238, startStation=shanghai, destStation=nanjing), Ticket(seatNo=1232572404, startStation=shanghai, destStation=nanjing), Ticket(seatNo=1304478712, startStation=shanghai, destStation=nanjing), Ticket(seatNo=2016232602, startStation=shanghai, destStation=nanjing), Ticket(seatNo=76670888, startStation=shanghai, destStation=nanjing), Ticket(seatNo=1754550335, startStation=shanghai, destStation=nanjing), Ticket(seatNo=1491838595, startStation=shanghai, destStation=nanjing), Ticket(seatNo=1330605393, startStation=shanghai, destStation=nanjing), Ticket(seatNo=226825480, startStation=shanghai, destStation=nanjing), Ticket(seatNo=1787175945, startStation=shanghai, destStation=nanjing), Ticket(seatNo=590443336, startStation=shanghai, destStation=nanjing), Ticket(seatNo=427944411, startStation=shanghai, destStation=nanjing), Ticket(seatNo=1638437656, startStation=shanghai, destStation=nanjing), Ticket(seatNo=1361381257, startStation=shanghai, destStation=nanjing), Ticket(seatNo=1482512162, startStation=shanghai, destStation=nanjing), Ticket(seatNo=400526011, startStation=shanghai, destStation=nanjing), Ticket(seatNo=1749342441, startStation=shanghai, destStation=nanjing), Ticket(seatNo=2117918027, startStation=shanghai, destStation=nanjing), Ticket(seatNo=654927142, startStation=shanghai, destStation=nanjing), Ticket(seatNo=1977897455, startStation=shanghai, destStation=nanjing), Ticket(seatNo=641977830, startStation=shanghai, destStation=nanjing), Ticket(seatNo=1021188806, startStation=shanghai, destStation=nanjing), Ticket(seatNo=1445935016, startStation=shanghai, destStation=nanjing), Ticket(seatNo=1452278883, startStation=shanghai, destStation=nanjing), Ticket(seatNo=830548221, startStation=shanghai, destStation=nanjing), Ticket(seatNo=1655441840, startStation=shanghai, destStation=nanjing), Ticket(seatNo=678340688, startStation=shanghai, destStation=nanjing), Ticket(seatNo=1682320147, startStation=shanghai, destStation=nanjing), Ticket(seatNo=1195341149, startStation=shanghai, destStation=nanjing), Ticket(seatNo=973914808, startStation=shanghai, destStation=nanjing), Ticket(seatNo=1217764195, startStation=shanghai, destStation=nanjing), Ticket(seatNo=837692558, startStation=shanghai, destStation=nanjing), Ticket(seatNo=1203709814, startStation=shanghai, destStation=nanjing), Ticket(seatNo=984361044, startStation=shanghai, destStation=nanjing), Ticket(seatNo=675974723, startStation=shanghai, destStation=nanjing), Ticket(seatNo=1490992938, startStation=shanghai, destStation=nanjing), Ticket(seatNo=1201160931, startStation=shanghai, destStation=nanjing), Ticket(seatNo=1435884154, startStation=shanghai, destStation=nanjing), Ticket(seatNo=1297551695, startStation=shanghai, destStation=nanjing), Ticket(seatNo=1664074534, startStation=shanghai, destStation=nanjing), Ticket(seatNo=1921728155, startStation=shanghai, destStation=nanjing), Ticket(seatNo=1137714160, startStation=shanghai, destStation=nanjing), Ticket(seatNo=1988971469, startStation=shanghai, destStation=nanjing), Ticket(seatNo=1018160513, startStation=shanghai, destStation=nanjing), Ticket(seatNo=1550917166, startStation=shanghai, destStation=nanjing), Ticket(seatNo=1894695695, startStation=shanghai, destStation=nanjing), Ticket(seatNo=784843623, startStation=shanghai, destStation=nanjing), Ticket(seatNo=1932732784, startStation=shanghai, destStation=nanjing), Ticket(seatNo=1565956437, startStation=shanghai, destStation=nanjing), Ticket(seatNo=249855326, startStation=shanghai, destStation=nanjing), Ticket(seatNo=77833908, startStation=shanghai, destStation=nanjing), Ticket(seatNo=64395763, startStation=shanghai, destStation=nanjing), Ticket(seatNo=781572303, startStation=shanghai, destStation=nanjing), Ticket(seatNo=1060217224, startStation=shanghai, destStation=nanjing), Ticket(seatNo=210817532, startStation=shanghai, destStation=nanjing), Ticket(seatNo=1587135411, startStation=shanghai, destStation=nanjing), Ticket(seatNo=862437816, startStation=shanghai, destStation=nanjing), Ticket(seatNo=348991760, startStation=shanghai, destStation=nanjing), Ticket(seatNo=1479280287, startStation=shanghai, destStation=nanjing), Ticket(seatNo=349038530, startStation=shanghai, destStation=nanjing), Ticket(seatNo=90480773, startStation=shanghai, destStation=nanjing), Ticket(seatNo=1465059263, startStation=shanghai, destStation=nanjing), Ticket(seatNo=985339747, startStation=shanghai, destStation=nanjing), Ticket(seatNo=1498460243, startStation=shanghai, destStation=nanjing), Ticket(seatNo=671507041, startStation=shanghai, destStation=nanjing), Ticket(seatNo=965174800, startStation=shanghai, destStation=nanjing), Ticket(seatNo=1841324996, startStation=shanghai, destStation=nanjing), Ticket(seatNo=1248601454, startStation=shanghai, destStation=nanjing), Ticket(seatNo=1901083814, startStation=shanghai, destStation=nanjing), Ticket(seatNo=2077341681, startStation=shanghai, destStation=nanjing), Ticket(seatNo=1207577891, startStation=shanghai, destStation=nanjing), Ticket(seatNo=1454446323, startStation=shanghai, destStation=nanjing), Ticket(seatNo=234766556, startStation=shanghai, destStation=nanjing), Ticket(seatNo=1726109987, startStation=shanghai, destStation=nanjing), Ticket(seatNo=317002893, startStation=shanghai, destStation=nanjing), Ticket(seatNo=1499460332, startStation=shanghai, destStation=nanjing), Ticket(seatNo=267587626, startStation=shanghai, destStation=nanjing), Ticket(seatNo=747527520, startStation=shanghai, destStation=nanjing), Ticket(seatNo=207584255, startStation=shanghai, destStation=nanjing), Ticket(seatNo=636497848, startStation=shanghai, destStation=nanjing), Ticket(seatNo=134621623, startStation=shanghai, destStation=nanjing), Ticket(seatNo=1143973252, startStation=shanghai, destStation=nanjing), Ticket(seatNo=1285506393, startStation=shanghai, destStation=nanjing), Ticket(seatNo=1318597280, startStation=shanghai, destStation=nanjing), Ticket(seatNo=2109276771, startStation=shanghai, destStation=nanjing), Ticket(seatNo=746347294, startStation=shanghai, destStation=nanjing), Ticket(seatNo=1636266694, startStation=shanghai, destStation=nanjing), Ticket(seatNo=538009141, startStation=shanghai, destStation=nanjing), Ticket(seatNo=1944586976, startStation=shanghai, destStation=nanjing), Ticket(seatNo=1320680614, startStation=shanghai, destStation=nanjing), Ticket(seatNo=142490066, startStation=shanghai, destStation=nanjing), Ticket(seatNo=252466715, startStation=shanghai, destStation=nanjing), Ticket(seatNo=1806446874, startStation=shanghai, destStation=nanjing), Ticket(seatNo=1743761737, startStation=shanghai, destStation=nanjing), Ticket(seatNo=610439616, startStation=shanghai, destStation=nanjing), Ticket(seatNo=76166607, startStation=shanghai, destStation=nanjing), Ticket(seatNo=1265135696, startStation=shanghai, destStation=nanjing), Ticket(seatNo=1177274309, startStation=shanghai, destStation=nanjing), Ticket(seatNo=746628462, startStation=shanghai, destStation=nanjing), Ticket(seatNo=573722729, startStation=shanghai, destStation=nanjing), Ticket(seatNo=940056408, startStation=shanghai, destStation=nanjing), Ticket(seatNo=202317050, startStation=shanghai, destStation=nanjing), Ticket(seatNo=221602851, startStation=shanghai, destStation=nanjing), Ticket(seatNo=1431476535, startStation=shanghai, destStation=nanjing), Ticket(seatNo=606888208, startStation=shanghai, destStation=nanjing), Ticket(seatNo=813377677, startStation=shanghai, destStation=nanjing), Ticket(seatNo=1592122745, startStation=shanghai, destStation=nanjing), Ticket(seatNo=2128153780, startStation=shanghai, destStation=nanjing), Ticket(seatNo=568784077, startStation=shanghai, destStation=nanjing), Ticket(seatNo=990332202, startStation=shanghai, destStation=nanjing), Ticket(seatNo=1969469614, startStation=shanghai, destStation=nanjing), Ticket(seatNo=1456285444, startStation=shanghai, destStation=nanjing), Ticket(seatNo=1785859166, startStation=shanghai, destStation=nanjing)]}),[vary:\""Origin,Access-Control-Request-Method,Access-Control-Request-Headers\"", x-content-type-options:\""nosniff\"", x-xss-protection:\""1; mode=block\"", cache-control:\""no-cache, no-store, max-age=0, must-revalidate\"", pragma:\""no-cache\"", expires:\""0\"", x-frame-options:\""DENY\"", content-type:\""application/json\"", date:\""Sun, 29 Jan 2023 09:22:50 GMT\"", x-envoy-upstream-service-time:\""6\"", server:\""envoy\"", transfer-encoding:\""chunked\""]\u003e]\n"",""stream"":""stdout"",""time"":""2025-06-06T09:22:51.086530888Z""}"
2025-06-06T09:22:51.062706868Z,1674984171062706868,33.33.33.82,ts-seat-service-5c95b49cff-tdsdz,server,9c7ee4bc2bc6191dc3a5fcd2505c7ab4,25c6255f71a91e1c,"{""log"":""17:22:51.062 INFO  s.s.SeatServiceImpl#154 TraceID: 9c7ee4bc2bc6191dc3a5fcd2505c7ab4 SpanID: 25c6255f71a91e1c [getLeftTicketOfInterval][TrainNumber start with other capital][trainNumber:Z1234]\n"",""stream"":""stdout"",""time"":""2025-06-06T09:22:51.062706868Z""}"
2025-06-06T09:22:51.06234406Z,1674984171062344060,33.33.33.82,ts-seat-service-5c95b49cff-tdsdz,server,9c7ee4bc2bc6191dc3a5fcd2505c7ab4,25c6255f71a91e1c,"{""log"":""17:22:51.061 INFO  s.s.SeatServiceImpl#137 TraceID: 9c7ee4bc2bc6191dc3a5fcd2505c7ab4 SpanID: 25c6255f71a91e1c [getLeftTicketOfInterval][Seat request][request:Seat(travelDate=2023-01-29, trainNumber=Z1234, startStation=shanghai, destStation=nanjing, seatType=3, totalNum=2147483647, stations=[shanghai, nanjing, shijiazhuang, taiyuan])]\n"",""stream"":""stdout"",""time"":""2025-06-06T09:22:51.06234406Z""}"
2025-06-06T09:22:51.06196772Z,1674984171061967720,33.33.33.82,ts-seat-service-5c95b49cff-tdsdz,server,9c7ee4bc2bc6191dc3a5fcd2505c7ab4,25c6255f71a91e1c,"{""log"":""17:22:51.061 INFO  s.c.SeatController#57 TraceID: 9c7ee4bc2bc6191dc3a5fcd2505c7ab4 SpanID: 25c6255f71a91e1c [getLeftTicketOfInterval][Get left ticket of interval][TravelDate: 2023-01-29,TrainNumber: Z1234,SeatType: 3]\n"",""stream"":""stdout"",""time"":""2025-06-06T09:22:51.06196772Z""}"
2025-06-06T09:22:51.056499548Z,1674984171056499548,33.33.33.82,ts-seat-service-5c95b49cff-tdsdz,server,9c7ee4bc2bc6191dc3a5fcd2505c7ab4,bab10013c0c5b242,"{""log"":""17:22:51.055 INFO  s.s.SeatServiceImpl#217 TraceID: 9c7ee4bc2bc6191dc3a5fcd2505c7ab4 SpanID: bab10013c0c5b242 [getDirectProportion][Configs is : Config(name=DirectTicketAllocationProportion, value=0.5, description=Allocation Proportion Of The Direct Ticket - From Start To End)]\n"",""stream"":""stdout"",""time"":""2025-06-06T09:22:51.056499548Z""}"
2025-06-06T09:22:59.003156615Z,1674984179003156615,33.33.33.155,ts-order-other-service-6cdbf9b4cc-h7mqk,server,785ed9fe52a68b09516c6ec8f6320c74,aca1cde6aa3fa370,"{""log"":""17:22:59.002 INFO  o.s.OrderOtherServiceImpl#67 TraceID: 785ed9fe52a68b09516c6ec8f6320c74 SpanID: aca1cde6aa3fa370 [getSoldTickets][Left ticket info][info is: LeftTicketInfo{soldTickets=[Ticket(seatNo=388817927, startStation=shanghai, destStation=nanjing), Ticket(seatNo=512319188, startStation=shanghai, destStation=nanjing), Ticket(seatNo=650950163, startStation=shanghai, destStation=nanjing), Ticket(seatNo=1408310701, startStation=shanghai, destStation=nanjing), Ticket(seatNo=681456978, startStation=shanghai, destStation=nanjing), Ticket(seatNo=1278422345, startStation=shanghai, destStation=nanjing), Ticket(seatNo=113640569, startStation=shanghai, destStation=nanjing), Ticket(seatNo=1706091788, startStation=shanghai, destStation=nanjing), Ticket(seatNo=719931591, startStation=shanghai, destStation=nanjing), Ticket(seatNo=324348558, startStation=shanghai, destStation=nanjing), Ticket(seatNo=437134557, startStation=shanghai, destStation=nanjing), Ticket(seatNo=1180305654, startStation=shanghai, destStation=nanjing), Ticket(seatNo=218664224, startStation=shanghai, destStation=nanjing), Ticket(seatNo=1531256885, startStation=shanghai, destStation=nanjing), Ticket(seatNo=282865016, startStation=shanghai, destStation=nanjing), Ticket(seatNo=290573193, startStation=shanghai, destStation=nanjing), Ticket(seatNo=2091646075, startStation=shanghai, destStation=nanjing), Ticket(seatNo=1529246592, startStation=shanghai, destStation=nanjing), Ticket(seatNo=518358183, startStation=shanghai, destStation=nanjing), Ticket(seatNo=1578574107, startStation=shanghai, destStation=nanjing), Ticket(seatNo=864103707, startStation=shanghai, destStation=nanjing), Ticket(seatNo=1101722819, startStation=shanghai, destStation=nanjing), Ticket(seatNo=1110043211, startStation=shanghai, destStation=nanjing), Ticket(seatNo=2115304579, startStation=shanghai, destStation=nanjing), Ticket(seatNo=517895253, startStation=shanghai, destStation=nanjing), Ticket(seatNo=112374996, startStation=shanghai, destStation=nanjing), Ticket(seatNo=1222554072, startStation=shanghai, destStation=nanjing), Ticket(seatNo=1445221655, startStation=shanghai, destStation=nanjing), Ticket(seatNo=55335899, startStation=shanghai, destStation=nanjing), Ticket(seatNo=1402723531, startStation=shanghai, destStation=nanjing), Ticket(seatNo=520072209, startStation=shanghai, destStation=nanjing), Ticket(seatNo=1063924165, startStation=shanghai, destStation=nanjing), Ticket(seatNo=828062078, startStation=shanghai, destStation=nanjing), Ticket(seatNo=364950093, startStation=shanghai, destStation=nanjing), Ticket(seatNo=2090617881, startStation=shanghai, destStation=nanjing), Ticket(seatNo=1605189805, startStation=shanghai, destStation=nanjing), Ticket(seatNo=182083286, startStation=shanghai, destStation=nanjing), Ticket(seatNo=1956808479, startStation=shanghai, destStation=nanjing), Ticket(seatNo=1479771875, startStation=shanghai, destStation=nanjing), Ticket(seatNo=1340473816, startStation=shanghai, destStation=nanjing), Ticket(seatNo=2058528320, startStation=shanghai, destStation=nanjing), Ticket(seatNo=1862239339, startStation=shanghai, destStation=nanjing), Ticket(seatNo=756196424, startStation=shanghai, destStation=nanjing), Ticket(seatNo=1554210637, startStation=shanghai, destStation=nanjing), Ticket(seatNo=2131607583, startStation=shanghai, destStation=nanjing), Ticket(seatNo=1114945650, startStation=shanghai, destStation=nanjing), Ticket(seatNo=978840618, startStation=shanghai, destStation=nanjing), Ticket(seatNo=1696192204, startStation=shanghai, destStation=nanjing), Ticket(seatNo=159217444, startStation=shanghai, destStation=nanjing), Ticket(seatNo=1472397446, startStation=shanghai, destStation=nanjing), Ticket(seatNo=863762562, startStation=shanghai, destStation=nanjing), Ticket(seatNo=762240728, startStation=shanghai, destStation=nanjing), Ticket(seatNo=733090960, startStation=shanghai, destStation=nanjing), Ticket(seatNo=1385200790, startStation=shanghai, destStation=nanjing), Ticket(seatNo=1483334408, startStation=shanghai, destStation=nanjing), Ticket(seatNo=1230952670, startStation=shanghai, destStation=nanjing), Ticket(seatNo=1760486203, startStation=shanghai, destStation=nanjing), Ticket(seatNo=1631472666, startStation=shanghai, destStation=nanjing), Ticket(seatNo=882144838, startStation=shanghai, destStation=nanjing), Ticket(seatNo=210246843, startStation=shanghai, destStation=nanjing), Ticket(seatNo=427259238, startStation=shanghai, destStation=nanjing), Ticket(seatNo=1232572404, startStation=shanghai, destStation=nanjing), Ticket(seatNo=1304478712, startStation=shanghai, destStation=nanjing), Ticket(seatNo=2016232602, startStation=shanghai, destStation=nanjing), Ticket(seatNo=76670888, startStation=shanghai, destStation=nanjing), Ticket(seatNo=1754550335, startStation=shanghai, destStation=nanjing), Ticket(seatNo=1491838595, startStation=shanghai, destStation=nanjing), Ticket(seatNo=1330605393, startStation=shanghai, destStation=nanjing), Ticket(seatNo=226825480, startStation=shanghai, destStation=nanjing), Ticket(seatNo=1787175945, startStation=shanghai, destStation=nanjing), Ticket(seatNo=590443336, startStation=shanghai, destStation=nanjing), Ticket(seatNo=427944411, startStation=shanghai, destStation=nanjing), Ticket(seatNo=1638437656, startStation=shanghai, destStation=nanjing), Ticket(seatNo=1361381257, startStation=shanghai, destStation=nanjing), Ticket(seatNo=1482512162, startStation=shanghai, destStation=nanjing), Ticket(seatNo=400526011, startStation=shanghai, destStation=nanjing), Ticket(seatNo=1749342441, startStation=shanghai, destStation=nanjing), Ticket(seatNo=2117918027, startStation=shanghai, destStation=nanjing), Ticket(seatNo=654927142, startStation=shanghai, destStation=nanjing), Ticket(seatNo=1977897455, startStation=shanghai, destStation=nanjing), Ticket(seatNo=641977830, startStation=shanghai, destStation=nanjing), Ticket(seatNo=1021188806, startStation=shanghai, destStation=nanjing), Ticket(seatNo=1445935016, startStation=shanghai, destStation=nanjing), Ticket(seatNo=1452278883, startStation=shanghai, destStation=nanjing), Ticket(seatNo=830548221, startStation=shanghai, destStation=nanjing), Ticket(seatNo=1655441840, startStation=shanghai, destStation=nanjing), Ticket(seatNo=678340688, startStation=shanghai, destStation=nanjing), Ticket(seatNo=1682320147, startStation=shanghai, destStation=nanjing), Ticket(seatNo=1195341149, startStation=shanghai, destStation=nanjing), Ticket(seatNo=973914808, startStation=shanghai, destStation=nanjing), Ticket(seatNo=1217764195, startStation=shanghai, destStation=nanjing), Ticket(seatNo=837692558, startStation=shanghai, destStation=nanjing), Ticket(seatNo=1203709814, startStation=shanghai, destStation=nanjing), Ticket(seatNo=984361044, startStation=shanghai, destStation=nanjing), Ticket(seatNo=675974723, startStation=shanghai, destStation=nanjing), Ticket(seatNo=1490992938, startStation=shanghai, destStation=nanjing), Ticket(seatNo=1201160931, startStation=shanghai, destStation=nanjing), Ticket(seatNo=1435884154, startStation=shanghai, destStation=nanjing), Ticket(seatNo=1297551695, startStation=shanghai, destStation=nanjing), Ticket(seatNo=1664074534, startStation=shanghai, destStation=nanjing), Ticket(seatNo=1921728155, startStation=shanghai, destStation=nanjing), Ticket(seatNo=1137714160, startStation=shanghai, destStation=nanjing), Ticket(seatNo=1988971469, startStation=shanghai, destStation=nanjing), Ticket(seatNo=1018160513, startStation=shanghai, destStation=nanjing), Ticket(seatNo=1550917166, startStation=shanghai, destStation=nanjing), Ticket(seatNo=1894695695, startStation=shanghai, destStation=nanjing), Ticket(seatNo=784843623, startStation=shanghai, destStation=nanjing), Ticket(seatNo=1932732784, startStation=shanghai, destStation=nanjing), Ticket(seatNo=1565956437, startStation=shanghai, destStation=nanjing), Ticket(seatNo=249855326, startStation=shanghai, destStation=nanjing), Ticket(seatNo=77833908, startStation=shanghai, destStation=nanjing), Ticket(seatNo=64395763, startStation=shanghai, destStation=nanjing), Ticket(seatNo=781572303, startStation=shanghai, destStation=nanjing), Ticket(seatNo=1060217224, startStation=shanghai, destStation=nanjing), Ticket(seatNo=210817532, startStation=shanghai, destStation=nanjing), Ticket(seatNo=1587135411, startStation=shanghai, destStation=nanjing), Ticket(seatNo=862437816, startStation=shanghai, destStation=nanjing), Ticket(seatNo=348991760, startStation=shanghai, destStation=nanjing), Ticket(seatNo=1479280287, startStation=shanghai, destStation=nanjing), Ticket(seatNo=349038530, startStation=shanghai, destStation=nanjing), Ticket(seatNo=90480773, startStation=shanghai, destStation=nanjing), Ticket(seatNo=1465059263, startStation=shanghai, destStation=nanjing), Ticket(seatNo=985339747, startStation=shanghai, destStation=nanjing), Ticket(seatNo=1498460243, startStation=shanghai, destStation=nanjing), Ticket(seatNo=671507041, startStation=shanghai, destStation=nanjing), Ticket(seatNo=965174800, startStation=shanghai, destStation=nanjing), Ticket(seatNo=1841324996, startStation=shanghai, destStation=nanjing), Ticket(seatNo=1248601454, startStation=shanghai, destStation=nanjing), Ticket(seatNo=1901083814, startStation=shanghai, destStation=nanjing), Ticket(seatNo=2077341681, startStation=shanghai, destStation=nanjing), Ticket(seatNo=1207577891, startStation=shanghai, destStation=nanjing), Ticket(seatNo=1454446323, startStation=shanghai, destStation=nanjing), Ticket(seatNo=234766556, startStation=shanghai, destStation=nanjing), Ticket(seatNo=1726109987, startStation=shanghai, destStation=nanjing), Ticket(seatNo=317002893, startStation=shanghai, destStation=nanjing), Ticket(seatNo=1499460332, startStation=shanghai, destStation=nanjing), Ticket(seatNo=267587626, startStation=shanghai, destStation=nanjing), Ticket(seatNo=747527520, startStation=shanghai, destStation=nanjing), Ticket(seatNo=207584255, startStation=shanghai, destStation=nanjing), Ticket(seatNo=636497848, startStation=shanghai, destStation=nanjing), Ticket(seatNo=134621623, startStation=shanghai, destStation=nanjing), Ticket(seatNo=1143973252, startStation=shanghai, destStation=nanjing), Ticket(seatNo=1285506393, startStation=shanghai, destStation=nanjing), Ticket(seatNo=1318597280, startStation=shanghai, destStation=nanjing), Ticket(seatNo=2109276771, startStation=shanghai, destStation=nanjing), Ticket(seatNo=746347294, startStation=shanghai, destStation=nanjing), Ticket(seatNo=360435965, startStation=shanghai, destStation=nanjing), Ticket(seatNo=1636266694, startStation=shanghai, destStation=nanjing), Ticket(seatNo=538009141, startStation=shanghai, destStation=nanjing), Ticket(seatNo=1944586976, startStation=shanghai, destStation=nanjing), Ticket(seatNo=1320680614, startStation=shanghai, destStation=nanjing), Ticket(seatNo=142490066, startStation=shanghai, destStation=nanjing), Ticket(seatNo=252466715, startStation=shanghai, destStation=nanjing), Ticket(seatNo=1806446874, startStation=shanghai, destStation=nanjing), Ticket(seatNo=1743761737, startStation=shanghai, destStation=nanjing), Ticket(seatNo=610439616, startStation=shanghai, destStation=nanjing), Ticket(seatNo=76166607, startStation=shanghai, destStation=nanjing), Ticket(seatNo=1265135696, startStation=shanghai, destStation=nanjing), Ticket(seatNo=1177274309, startStation=shanghai, destStation=nanjing), Ticket(seatNo=746628462, startStation=shanghai, destStation=nanjing), Ticket(seatNo=573722729, startStation=shanghai, destStation=nanjing), Ticket(seatNo=940056408, startStation=shanghai, destStation=nanjing), Ticket(seatNo=202317050, startStation=shanghai, destStation=nanjing), Ticket(seatNo=221602851, startStation=shanghai, destStation=nanjing), Ticket(seatNo=1431476535, startStation=shanghai, destStation=nanjing), Ticket(seatNo=606888208, startStation=shanghai, destStation=nanjing), Ticket(seatNo=813377677, startStation=shanghai, destStation=nanjing), Ticket(seatNo=1592122745, startStation=shanghai, destStation=nanjing), Ticket(seatNo=2128153780, startStation=shanghai, destStation=nanjing), Ticket(seatNo=568784077, startStation=shanghai, destStation=nanjing), Ticket(seatNo=990332202, startStation=shanghai, destStation=nanjing), Ticket(seatNo=1969469614, startStation=shanghai, destStation=nanjing), Ticket(seatNo=1456285444, startStation=shanghai, destStation=nanjing), Ticket(seatNo=1785859166, startStation=shanghai, destStation=nanjing)]}]\n"",""stream"":""stdout"",""time"":""2025-06-06T09:22:59.003156615Z""}"
2025-06-06T09:22:58.998937872Z,1674984178998937872,33.33.33.155,ts-order-other-service-6cdbf9b4cc-h7mqk,server,785ed9fe52a68b09516c6ec8f6320c74,aca1cde6aa3fa370,"{""log"":""17:22:58.998 INFO  o.c.OrderOtherController#42 TraceID: 785ed9fe52a68b09516c6ec8f6320c74 SpanID: aca1cde6aa3fa370 [getSoldTickets][Get Sold Ticket][Travel Date: 2023-01-29]\n"",""stream"":""stdout"",""time"":""2025-06-06T09:22:58.998937872Z""}"
2025-06-06T09:22:51.026453299Z,1674984171026453299,33.33.33.82,ts-seat-service-5c95b49cff-tdsdz,server,9c7ee4bc2bc6191dc3a5fcd2505c7ab4,bab10013c0c5b242,"{""log"":""17:22:51.024 INFO  s.s.SeatServiceImpl#166 TraceID: 9c7ee4bc2bc6191dc3a5fcd2505c7ab4 SpanID: bab10013c0c5b242 [getLeftTicketOfInterval][Get Order tickets result][result is \u003c200,Response(status=1, msg=Success, data=LeftTicketInfo{soldTickets=[Ticket(seatNo=388817927, startStation=shanghai, destStation=nanjing), Ticket(seatNo=512319188, startStation=shanghai, destStation=nanjing), Ticket(seatNo=650950163, startStation=shanghai, destStation=nanjing), Ticket(seatNo=1408310701, startStation=shanghai, destStation=nanjing), Ticket(seatNo=681456978, startStation=shanghai, destStation=nanjing), Ticket(seatNo=1278422345, startStation=shanghai, destStation=nanjing), Ticket(seatNo=113640569, startStation=shanghai, destStation=nanjing), Ticket(seatNo=1706091788, startStation=shanghai, destStation=nanjing), Ticket(seatNo=719931591, startStation=shanghai, destStation=nanjing), Ticket(seatNo=324348558, startStation=shanghai, destStation=nanjing), Ticket(seatNo=437134557, startStation=shanghai, destStation=nanjing), Ticket(seatNo=1180305654, startStation=shanghai, destStation=nanjing), Ticket(seatNo=218664224, startStation=shanghai, destStation=nanjing), Ticket(seatNo=1531256885, startStation=shanghai, destStation=nanjing), Ticket(seatNo=282865016, startStation=shanghai, destStation=nanjing), Ticket(seatNo=290573193, startStation=shanghai, destStation=nanjing), Ticket(seatNo=2091646075, startStation=shanghai, destStation=nanjing), Ticket(seatNo=1529246592, startStation=shanghai, destStation=nanjing), Ticket(seatNo=518358183, startStation=shanghai, destStation=nanjing), Ticket(seatNo=1578574107, startStation=shanghai, destStation=nanjing), Ticket(seatNo=864103707, startStation=shanghai, destStation=nanjing), Ticket(seatNo=1101722819, startStation=shanghai, destStation=nanjing), Ticket(seatNo=1110043211, startStation=shanghai, destStation=nanjing), Ticket(seatNo=2115304579, startStation=shanghai, destStation=nanjing), Ticket(seatNo=517895253, startStation=shanghai, destStation=nanjing), Ticket(seatNo=112374996, startStation=shanghai, destStation=nanjing), Ticket(seatNo=1222554072, startStation=shanghai, destStation=nanjing), Ticket(seatNo=1445221655, startStation=shanghai, destStation=nanjing), Ticket(seatNo=55335899, startStation=shanghai, destStation=nanjing), Ticket(seatNo=1402723531, startStation=shanghai, destStation=nanjing), Ticket(seatNo=520072209, startStation=shanghai, destStation=nanjing), Ticket(seatNo=1063924165, startStation=shanghai, destStation=nanjing), Ticket(seatNo=828062078, startStation=shanghai, destStation=nanjing), Ticket(seatNo=364950093, startStation=shanghai, destStation=nanjing), Ticket(seatNo=2090617881, startStation=shanghai, destStation=nanjing), Ticket(seatNo=1605189805, startStation=shanghai, destStation=nanjing), Ticket(seatNo=182083286, startStation=shanghai, destStation=nanjing), Ticket(seatNo=1956808479, startStation=shanghai, destStation=nanjing), Ticket(seatNo=1479771875, startStation=shanghai, destStation=nanjing), Ticket(seatNo=1340473816, startStation=shanghai, destStation=nanjing), Ticket(seatNo=2058528320, startStation=shanghai, destStation=nanjing), Ticket(seatNo=1862239339, startStation=shanghai, destStation=nanjing), Ticket(seatNo=756196424, startStation=shanghai, destStation=nanjing), Ticket(seatNo=1554210637, startStation=shanghai, destStation=nanjing), Ticket(seatNo=2131607583, startStation=shanghai, destStation=nanjing), Ticket(seatNo=1114945650, startStation=shanghai, destStation=nanjing), Ticket(seatNo=978840618, startStation=shanghai, destStation=nanjing), Ticket(seatNo=1696192204, startStation=shanghai, destStation=nanjing), Ticket(seatNo=159217444, startStation=shanghai, destStation=nanjing), Ticket(seatNo=1472397446, startStation=shanghai, destStation=nanjing), Ticket(seatNo=863762562, startStation=shanghai, destStation=nanjing), Ticket(seatNo=762240728, startStation=shanghai, destStation=nanjing), Ticket(seatNo=733090960, startStation=shanghai, destStation=nanjing), Ticket(seatNo=1385200790, startStation=shanghai, destStation=nanjing), Ticket(seatNo=1483334408, startStation=shanghai, destStation=nanjing), Ticket(seatNo=1230952670, startStation=shanghai, destStation=nanjing), Ticket(seatNo=1760486203, startStation=shanghai, destStation=nanjing), Ticket(seatNo=1631472666, startStation=shanghai, destStation=nanjing), Ticket(seatNo=882144838, startStation=shanghai, destStation=nanjing), Ticket(seatNo=210246843, startStation=shanghai, destStation=nanjing), Ticket(seatNo=427259238, startStation=shanghai, destStation=nanjing), Ticket(seatNo=1232572404, startStation=shanghai, destStation=nanjing), Ticket(seatNo=1304478712, startStation=shanghai, destStation=nanjing), Ticket(seatNo=2016232602, startStation=shanghai, destStation=nanjing), Ticket(seatNo=76670888, startStation=shanghai, destStation=nanjing), Ticket(seatNo=1754550335, startStation=shanghai, destStation=nanjing), Ticket(seatNo=1491838595, startStation=shanghai, destStation=nanjing), Ticket(seatNo=1330605393, startStation=shanghai, destStation=nanjing), Ticket(seatNo=226825480, startStation=shanghai, destStation=nanjing), Ticket(seatNo=1787175945, startStation=shanghai, destStation=nanjing), Ticket(seatNo=590443336, startStation=shanghai, destStation=nanjing), Ticket(seatNo=427944411, startStation=shanghai, destStation=nanjing), Ticket(seatNo=1638437656, startStation=shanghai, destStation=nanjing), Ticket(seatNo=1361381257, startStation=shanghai, destStation=nanjing), Ticket(seatNo=1482512162, startStation=shanghai, destStation=nanjing), Ticket(seatNo=400526011, startStation=shanghai, destStation=nanjing), Ticket(seatNo=1749342441, startStation=shanghai, destStation=nanjing), Ticket(seatNo=2117918027, startStation=shanghai, destStation=nanjing), Ticket(seatNo=654927142, startStation=shanghai, destStation=nanjing), Ticket(seatNo=1977897455, startStation=shanghai, destStation=nanjing), Ticket(seatNo=641977830, startStation=shanghai, destStation=nanjing), Ticket(seatNo=1021188806, startStation=shanghai, destStation=nanjing), Ticket(seatNo=1445935016, startStation=shanghai, destStation=nanjing), Ticket(seatNo=1452278883, startStation=shanghai, destStation=nanjing), Ticket(seatNo=830548221, startStation=shanghai, destStation=nanjing), Ticket(seatNo=1655441840, startStation=shanghai, destStation=nanjing), Ticket(seatNo=678340688, startStation=shanghai, destStation=nanjing), Ticket(seatNo=1682320147, startStation=shanghai, destStation=nanjing), Ticket(seatNo=1195341149, startStation=shanghai, destStation=nanjing), Ticket(seatNo=973914808, startStation=shanghai, destStation=nanjing), Ticket(seatNo=1217764195, startStation=shanghai, destStation=nanjing), Ticket(seatNo=837692558, startStation=shanghai, destStation=nanjing), Ticket(seatNo=1203709814, startStation=shanghai, destStation=nanjing), Ticket(seatNo=984361044, startStation=shanghai, destStation=nanjing), Ticket(seatNo=675974723, startStation=shanghai, destStation=nanjing), Ticket(seatNo=1490992938, startStation=shanghai, destStation=nanjing), Ticket(seatNo=1201160931, startStation=shanghai, destStation=nanjing), Ticket(seatNo=1435884154, startStation=shanghai, destStation=nanjing), Ticket(seatNo=1297551695, startStation=shanghai, destStation=nanjing), Ticket(seatNo=1664074534, startStation=shanghai, destStation=nanjing), Ticket(seatNo=1921728155, startStation=shanghai, destStation=nanjing), Ticket(seatNo=1137714160, startStation=shanghai, destStation=nanjing), Ticket(seatNo=1988971469, startStation=shanghai, destStation=nanjing), Ticket(seatNo=1018160513, startStation=shanghai, destStation=nanjing), Ticket(seatNo=1550917166, startStation=shanghai, destStation=nanjing), Ticket(seatNo=1894695695, startStation=shanghai, destStation=nanjing), Ticket(seatNo=784843623, startStation=shanghai, destStation=nanjing), Ticket(seatNo=1932732784, startStation=shanghai, destStation=nanjing), Ticket(seatNo=1565956437, startStation=shanghai, destStation=nanjing), Ticket(seatNo=249855326, startStation=shanghai, destStation=nanjing), Ticket(seatNo=77833908, startStation=shanghai, destStation=nanjing), Ticket(seatNo=64395763, startStation=shanghai, destStation=nanjing), Ticket(seatNo=781572303, startStation=shanghai, destStation=nanjing), Ticket(seatNo=1060217224, startStation=shanghai, destStation=nanjing), Ticket(seatNo=210817532, startStation=shanghai, destStation=nanjing), Ticket(seatNo=1587135411, startStation=shanghai, destStation=nanjing), Ticket(seatNo=862437816, startStation=shanghai, destStation=nanjing), Ticket(seatNo=348991760, startStation=shanghai, destStation=nanjing), Ticket(seatNo=1479280287, startStation=shanghai, destStation=nanjing), Ticket(seatNo=349038530, startStation=shanghai, destStation=nanjing), Ticket(seatNo=90480773, startStation=shanghai, destStation=nanjing), Ticket(seatNo=1465059263, startStation=shanghai, destStation=nanjing), Ticket(seatNo=985339747, startStation=shanghai, destStation=nanjing), Ticket(seatNo=1498460243, startStation=shanghai, destStation=nanjing), Ticket(seatNo=671507041, startStation=shanghai, destStation=nanjing), Ticket(seatNo=965174800, startStation=shanghai, destStation=nanjing), Ticket(seatNo=1841324996, startStation=shanghai, destStation=nanjing), Ticket(seatNo=1248601454, startStation=shanghai, destStation=nanjing), Ticket(seatNo=1901083814, startStation=shanghai, destStation=nanjing), Ticket(seatNo=2077341681, startStation=shanghai, destStation=nanjing), Ticket(seatNo=1207577891, startStation=shanghai, destStation=nanjing), Ticket(seatNo=1454446323, startStation=shanghai, destStation=nanjing), Ticket(seatNo=234766556, startStation=shanghai, destStation=nanjing), Ticket(seatNo=1726109987, startStation=shanghai, destStation=nanjing), Ticket(seatNo=317002893, startStation=shanghai, destStation=nanjing), Ticket(seatNo=1499460332, startStation=shanghai, destStation=nanjing), Ticket(seatNo=267587626, startStation=shanghai, destStation=nanjing), Ticket(seatNo=747527520, startStation=shanghai, destStation=nanjing), Ticket(seatNo=207584255, startStation=shanghai, destStation=nanjing), Ticket(seatNo=636497848, startStation=shanghai, destStation=nanjing), Ticket(seatNo=134621623, startStation=shanghai, destStation=nanjing), Ticket(seatNo=1143973252, startStation=shanghai, destStation=nanjing), Ticket(seatNo=1285506393, startStation=shanghai, destStation=nanjing), Ticket(seatNo=1318597280, startStation=shanghai, destStation=nanjing), Ticket(seatNo=2109276771, startStation=shanghai, destStation=nanjing), Ticket(seatNo=746347294, startStation=shanghai, destStation=nanjing), Ticket(seatNo=1636266694, startStation=shanghai, destStation=nanjing), Ticket(seatNo=538009141, startStation=shanghai, destStation=nanjing), Ticket(seatNo=1944586976, startStation=shanghai, destStation=nanjing), Ticket(seatNo=1320680614, startStation=shanghai, destStation=nanjing), Ticket(seatNo=142490066, startStation=shanghai, destStation=nanjing), Ticket(seatNo=252466715, startStation=shanghai, destStation=nanjing), Ticket(seatNo=1806446874, startStation=shanghai, destStation=nanjing), Ticket(seatNo=1743761737, startStation=shanghai, destStation=nanjing), Ticket(seatNo=610439616, startStation=shanghai, destStation=nanjing), Ticket(seatNo=76166607, startStation=shanghai, destStation=nanjing), Ticket(seatNo=1265135696, startStation=shanghai, destStation=nanjing), Ticket(seatNo=1177274309, startStation=shanghai, destStation=nanjing), Ticket(seatNo=746628462, startStation=shanghai, destStation=nanjing), Ticket(seatNo=573722729, startStation=shanghai, destStation=nanjing), Ticket(seatNo=940056408, startStation=shanghai, destStation=nanjing), Ticket(seatNo=202317050, startStation=shanghai, destStation=nanjing), Ticket(seatNo=221602851, startStation=shanghai, destStation=nanjing), Ticket(seatNo=1431476535, startStation=shanghai, destStation=nanjing), Ticket(seatNo=606888208, startStation=shanghai, destStation=nanjing), Ticket(seatNo=813377677, startStation=shanghai, destStation=nanjing), Ticket(seatNo=1592122745, startStation=shanghai, destStation=nanjing), Ticket(seatNo=2128153780, startStation=shanghai, destStation=nanjing), Ticket(seatNo=568784077, startStation=shanghai, destStation=nanjing), Ticket(seatNo=990332202, startStation=shanghai, destStation=nanjing), Ticket(seatNo=1969469614, startStation=shanghai, destStation=nanjing), Ticket(seatNo=1456285444, startStation=shanghai, destStation=nanjing), Ticket(seatNo=1785859166, startStation=shanghai, destStation=nanjing)]}),[vary:\""Origin,Access-Control-Request-Method,Access-Control-Request-Headers\"", x-content-type-options:\""nosniff\"", x-xss-protection:\""1; mode=block\"", cache-control:\""no-cache, no-store, max-age=0, must-revalidate\"", pragma:\""no-cache\"", expires:\""0\"", x-frame-options:\""DENY\"", content-type:\""application/json\"", date:\""Sun, 29 Jan 2023 09:22:50 GMT\"", x-envoy-upstream-service-time:\""6\"", server:\""envoy\"", transfer-encoding:\""chunked\""]\u003e]\n"",""stream"":""stdout"",""time"":""2025-06-06T09:22:51.026453299Z""}"
2025-06-06T09:22:51.015689656Z,1674984171015689656,33.33.33.82,ts-seat-service-5c95b49cff-tdsdz,server,9c7ee4bc2bc6191dc3a5fcd2505c7ab4,bab10013c0c5b242,"{""log"":""17:22:51.015 INFO  s.s.SeatServiceImpl#154 TraceID: 9c7ee4bc2bc6191dc3a5fcd2505c7ab4 SpanID: bab10013c0c5b242 [getLeftTicketOfInterval][TrainNumber start with other capital][trainNumber:Z1234]\n"",""stream"":""stdout"",""time"":""2025-06-06T09:22:51.015689656Z""}"
2025-06-06T09:22:51.015350331Z,1674984171015350331,33.33.33.82,ts-seat-service-5c95b49cff-tdsdz,server,9c7ee4bc2bc6191dc3a5fcd2505c7ab4,bab10013c0c5b242,"{""log"":""17:22:51.014 INFO  s.s.SeatServiceImpl#137 TraceID: 9c7ee4bc2bc6191dc3a5fcd2505c7ab4 SpanID: bab10013c0c5b242 [getLeftTicketOfInterval][Seat request][request:Seat(travelDate=2023-01-29, trainNumber=Z1234, startStation=shanghai, destStation=nanjing, seatType=2, totalNum=2147483647, stations=[shanghai, nanjing, shijiazhuang, taiyuan])]\n"",""stream"":""stdout"",""time"":""2025-06-06T09:22:51.015350331Z""}"
2025-06-06T09:22:51.014996641Z,1674984171014996641,33.33.33.82,ts-seat-service-5c95b49cff-tdsdz,server,9c7ee4bc2bc6191dc3a5fcd2505c7ab4,bab10013c0c5b242,"{""log"":""17:22:51.014 INFO  s.c.SeatController#57 TraceID: 9c7ee4bc2bc6191dc3a5fcd2505c7ab4 SpanID: bab10013c0c5b242 [getLeftTicketOfInterval][Get left ticket of interval][TravelDate: 2023-01-29,TrainNumber: Z1234,SeatType: 2]\n"",""stream"":""stdout"",""time"":""2025-06-06T09:22:51.014996641Z""}"
2025-06-06T09:22:51.120096304Z,1674984171120096304,33.33.33.80,ts-route-service-b6c59fb57-zv8dt,server,9c7ee4bc2bc6191dc3a5fcd2505c7ab4,19d6f60e79d7a3b0,"{""log"":""17:22:51.119 INFO  r.c.RouteController#47 TraceID: 9c7ee4bc2bc6191dc3a5fcd2505c7ab4 SpanID: 19d6f60e79d7a3b0 [getRouteById][Query route by id][RouteId: 0b23bd3e-876a-4af3-b920-c50a90c90b04]\n"",""stream"":""stdout"",""time"":""2025-06-06T09:22:51.120096304Z""}"
2025-06-06T09:22:50.988473417Z,1674984170988473417,33.33.33.80,ts-route-service-b6c59fb57-zv8dt,server,9c7ee4bc2bc6191dc3a5fcd2505c7ab4,0aa798b03ba7f176,"{""log"":""17:22:50.987 INFO  r.c.RouteController#47 TraceID: 9c7ee4bc2bc6191dc3a5fcd2505c7ab4 SpanID: 0aa798b03ba7f176 [getRouteById][Query route by id][RouteId: 0b23bd3e-876a-4af3-b920-c50a90c90b04]\n"",""stream"":""stdout"",""time"":""2025-06-06T09:22:50.988473417Z""}"
2025-06-06T09:22:51.133055207Z,1674984171133055207,33.33.33.79,ts-price-service-76846864d9-g465z,server,9c7ee4bc2bc6191dc3a5fcd2505c7ab4,0e23acf48d9b1042,"{""log"":""17:22:51.132 INFO  p.s.PriceServiceImpl#71 TraceID: 9c7ee4bc2bc6191dc3a5fcd2505c7ab4 SpanID: 0e23acf48d9b1042 [findByRouteIdAndTrainType][Route: 0b23bd3e-876a-4af3-b920-c50a90c90b04 , Train Type: ZhiDa]\n"",""stream"":""stdout"",""time"":""2025-06-06T09:22:51.133055207Z""}"
2025-06-06T09:22:51.132771346Z,1674984171132771346,33.33.33.79,ts-price-service-76846864d9-g465z,server,9c7ee4bc2bc6191dc3a5fcd2505c7ab4,0e23acf48d9b1042,"{""log"":""17:22:51.131 INFO  p.c.PriceController#39 TraceID: 9c7ee4bc2bc6191dc3a5fcd2505c7ab4 SpanID: 0e23acf48d9b1042 [findByRouteIdAndTrainType][Query price][RouteId: 0b23bd3e-876a-4af3-b920-c50a90c90b04, TrainType: ZhiDa]\n"",""stream"":""stdout"",""time"":""2025-06-06T09:22:51.132771346Z""}"
2025-06-06T09:22:51.00539095Z,1674984171005390950,33.33.33.79,ts-price-service-76846864d9-g465z,server,9c7ee4bc2bc6191dc3a5fcd2505c7ab4,ce5f5eb059fe7d1d,"{""log"":""17:22:51.004 INFO  p.s.PriceServiceImpl#71 TraceID: 9c7ee4bc2bc6191dc3a5fcd2505c7ab4 SpanID: ce5f5eb059fe7d1d [findByRouteIdAndTrainType][Route: 0b23bd3e-876a-4af3-b920-c50a90c90b04 , Train Type: ZhiDa]\n"",""stream"":""stdout"",""time"":""2025-06-06T09:22:51.00539095Z""}"
2025-06-06T09:22:51.005051582Z,1674984171005051582,33.33.33.79,ts-price-service-76846864d9-g465z,server,9c7ee4bc2bc6191dc3a5fcd2505c7ab4,ce5f5eb059fe7d1d,"{""log"":""17:22:51.004 INFO  p.c.PriceController#39 TraceID: 9c7ee4bc2bc6191dc3a5fcd2505c7ab4 SpanID: ce5f5eb059fe7d1d [findByRouteIdAndTrainType][Query price][RouteId: 0b23bd3e-876a-4af3-b920-c50a90c90b04, TrainType: ZhiDa]\n"",""stream"":""stdout"",""time"":""2025-06-06T09:22:51.005051582Z""}"
2025-06-06T09:22:51.222584072Z,1674984171222584072,33.33.33.116,ts-preserve-other-service-66646bdb5b-fw7x9,server,9c7ee4bc2bc6191dc3a5fcd2505c7ab4,935711d689e2f760,"{""log"":""17:22:51.222 INFO  p.s.PreserveOtherServiceImpl#301 TraceID: 9c7ee4bc2bc6191dc3a5fcd2505c7ab4 SpanID: 935711d689e2f760 [getAccount][Cancel Order Service][Get Order By Id]\n"",""stream"":""stdout"",""time"":""2025-06-06T09:22:51.222584072Z""}"
2025-06-06T09:22:51.222464911Z,1674984171222464911,33.33.33.116,ts-preserve-other-service-66646bdb5b-fw7x9,server,9c7ee4bc2bc6191dc3a5fcd2505c7ab4,935711d689e2f760,"{""log"":""17:22:51.222 INFO  p.s.PreserveOtherServiceImpl#239 TraceID: 9c7ee4bc2bc6191dc3a5fcd2505c7ab4 SpanID: 935711d689e2f760 [preserve][Step 7][Add Consign][Do not need to consign]\n"",""stream"":""stdout"",""time"":""2025-06-06T09:22:51.222464911Z""}"
2025-06-06T09:22:51.222363433Z,1674984171222363433,33.33.33.116,ts-preserve-other-service-66646bdb5b-fw7x9,server,9c7ee4bc2bc6191dc3a5fcd2505c7ab4,935711d689e2f760,"{""log"":""17:22:51.221 INFO  p.s.PreserveOtherServiceImpl#208 TraceID: 9c7ee4bc2bc6191dc3a5fcd2505c7ab4 SpanID: 935711d689e2f760 [preserve][Step 6][Buy Food][Buy Food Success]\n"",""stream"":""stdout"",""time"":""2025-06-06T09:22:51.222363433Z""}"
2025-06-06T09:22:51.206376666Z,1674984171206376666,33.33.33.116,ts-preserve-other-service-66646bdb5b-fw7x9,server,9c7ee4bc2bc6191dc3a5fcd2505c7ab4,935711d689e2f760,"{""log"":""17:22:51.206 INFO  p.s.PreserveOtherServiceImpl#409 TraceID: 9c7ee4bc2bc6191dc3a5fcd2505c7ab4 SpanID: 935711d689e2f760 [createFoodOrder][Preserve Service][Add Preserve food Order]\n"",""stream"":""stdout"",""time"":""2025-06-06T09:22:51.206376666Z""}"
2025-06-06T09:22:51.20629184Z,1674984171206291840,33.33.33.116,ts-preserve-other-service-66646bdb5b-fw7x9,server,9c7ee4bc2bc6191dc3a5fcd2505c7ab4,935711d689e2f760,"{""log"":""17:22:51.206 INFO  p.s.PreserveOtherServiceImpl#183 TraceID: 9c7ee4bc2bc6191dc3a5fcd2505c7ab4 SpanID: 935711d689e2f760 [preserve][Step 5][Buy Assurance][Do not need to buy assurance]\n"",""stream"":""stdout"",""time"":""2025-06-06T09:22:51.20629184Z""}"
2025-06-06T09:22:51.206187277Z,1674984171206187277,33.33.33.116,ts-preserve-other-service-66646bdb5b-fw7x9,server,9c7ee4bc2bc6191dc3a5fcd2505c7ab4,935711d689e2f760,"{""log"":""17:22:51.205 INFO  p.s.PreserveOtherServiceImpl#179 TraceID: 9c7ee4bc2bc6191dc3a5fcd2505c7ab4 SpanID: 935711d689e2f760 [preserve][Step 4][Do Order][Do Order Complete]\n"",""stream"":""stdout"",""time"":""2025-06-06T09:22:51.206187277Z""}"
2025-06-06T09:22:58.979950382Z,1674984178979950382,33.33.33.155,ts-order-other-service-6cdbf9b4cc-h7mqk,server,785ed9fe52a68b09516c6ec8f6320c74,d14d8f8fec385863,"{""log"":""17:22:58.979 INFO  o.s.OrderOtherServiceImpl#67 TraceID: 785ed9fe52a68b09516c6ec8f6320c74 SpanID: d14d8f8fec385863 [getSoldTickets][Left ticket info][info is: LeftTicketInfo{soldTickets=[Ticket(seatNo=388817927, startStation=shanghai, destStation=nanjing), Ticket(seatNo=512319188, startStation=shanghai, destStation=nanjing), Ticket(seatNo=650950163, startStation=shanghai, destStation=nanjing), Ticket(seatNo=1408310701, startStation=shanghai, destStation=nanjing), Ticket(seatNo=681456978, startStation=shanghai, destStation=nanjing), Ticket(seatNo=1278422345, startStation=shanghai, destStation=nanjing), Ticket(seatNo=113640569, startStation=shanghai, destStation=nanjing), Ticket(seatNo=1706091788, startStation=shanghai, destStation=nanjing), Ticket(seatNo=719931591, startStation=shanghai, destStation=nanjing), Ticket(seatNo=324348558, startStation=shanghai, destStation=nanjing), Ticket(seatNo=437134557, startStation=shanghai, destStation=nanjing), Ticket(seatNo=1180305654, startStation=shanghai, destStation=nanjing), Ticket(seatNo=218664224, startStation=shanghai, destStation=nanjing), Ticket(seatNo=1531256885, startStation=shanghai, destStation=nanjing), Ticket(seatNo=282865016, startStation=shanghai, destStation=nanjing), Ticket(seatNo=290573193, startStation=shanghai, destStation=nanjing), Ticket(seatNo=2091646075, startStation=shanghai, destStation=nanjing), Ticket(seatNo=1529246592, startStation=shanghai, destStation=nanjing), Ticket(seatNo=518358183, startStation=shanghai, destStation=nanjing), Ticket(seatNo=1578574107, startStation=shanghai, destStation=nanjing), Ticket(seatNo=864103707, startStation=shanghai, destStation=nanjing), Ticket(seatNo=1101722819, startStation=shanghai, destStation=nanjing), Ticket(seatNo=1110043211, startStation=shanghai, destStation=nanjing), Ticket(seatNo=2115304579, startStation=shanghai, destStation=nanjing), Ticket(seatNo=517895253, startStation=shanghai, destStation=nanjing), Ticket(seatNo=112374996, startStation=shanghai, destStation=nanjing), Ticket(seatNo=1222554072, startStation=shanghai, destStation=nanjing), Ticket(seatNo=1445221655, startStation=shanghai, destStation=nanjing), Ticket(seatNo=55335899, startStation=shanghai, destStation=nanjing), Ticket(seatNo=1402723531, startStation=shanghai, destStation=nanjing), Ticket(seatNo=520072209, startStation=shanghai, destStation=nanjing), Ticket(seatNo=1063924165, startStation=shanghai, destStation=nanjing), Ticket(seatNo=828062078, startStation=shanghai, destStation=nanjing), Ticket(seatNo=364950093, startStation=shanghai, destStation=nanjing), Ticket(seatNo=2090617881, startStation=shanghai, destStation=nanjing), Ticket(seatNo=1605189805, startStation=shanghai, destStation=nanjing), Ticket(seatNo=182083286, startStation=shanghai, destStation=nanjing), Ticket(seatNo=1956808479, startStation=shanghai, destStation=nanjing), Ticket(seatNo=1479771875, startStation=shanghai, destStation=nanjing), Ticket(seatNo=1340473816, startStation=shanghai, destStation=nanjing), Ticket(seatNo=2058528320, startStation=shanghai, destStation=nanjing), Ticket(seatNo=1862239339, startStation=shanghai, destStation=nanjing), Ticket(seatNo=756196424, startStation=shanghai, destStation=nanjing), Ticket(seatNo=1554210637, startStation=shanghai, destStation=nanjing), Ticket(seatNo=2131607583, startStation=shanghai, destStation=nanjing), Ticket(seatNo=1114945650, startStation=shanghai, destStation=nanjing), Ticket(seatNo=978840618, startStation=shanghai, destStation=nanjing), Ticket(seatNo=1696192204, startStation=shanghai, destStation=nanjing), Ticket(seatNo=159217444, startStation=shanghai, destStation=nanjing), Ticket(seatNo=1472397446, startStation=shanghai, destStation=nanjing), Ticket(seatNo=863762562, startStation=shanghai, destStation=nanjing), Ticket(seatNo=762240728, startStation=shanghai, destStation=nanjing), Ticket(seatNo=733090960, startStation=shanghai, destStation=nanjing), Ticket(seatNo=1385200790, startStation=shanghai, destStation=nanjing), Ticket(seatNo=1483334408, startStation=shanghai, destStation=nanjing), Ticket(seatNo=1230952670, startStation=shanghai, destStation=nanjing), Ticket(seatNo=1760486203, startStation=shanghai, destStation=nanjing), Ticket(seatNo=1631472666, startStation=shanghai, destStation=nanjing), Ticket(seatNo=882144838, startStation=shanghai, destStation=nanjing), Ticket(seatNo=210246843, startStation=shanghai, destStation=nanjing), Ticket(seatNo=427259238, startStation=shanghai, destStation=nanjing), Ticket(seatNo=1232572404, startStation=shanghai, destStation=nanjing), Ticket(seatNo=1304478712, startStation=shanghai, destStation=nanjing), Ticket(seatNo=2016232602, startStation=shanghai, destStation=nanjing), Ticket(seatNo=76670888, startStation=shanghai, destStation=nanjing), Ticket(seatNo=1754550335, startStation=shanghai, destStation=nanjing), Ticket(seatNo=1491838595, startStation=shanghai, destStation=nanjing), Ticket(seatNo=1330605393, startStation=shanghai, destStation=nanjing), Ticket(seatNo=226825480, startStation=shanghai, destStation=nanjing), Ticket(seatNo=1787175945, startStation=shanghai, destStation=nanjing), Ticket(seatNo=590443336, startStation=shanghai, destStation=nanjing), Ticket(seatNo=427944411, startStation=shanghai, destStation=nanjing), Ticket(seatNo=1638437656, startStation=shanghai, destStation=nanjing), Ticket(seatNo=1361381257, startStation=shanghai, destStation=nanjing), Ticket(seatNo=1482512162, startStation=shanghai, destStation=nanjing), Ticket(seatNo=400526011, startStation=shanghai, destStation=nanjing), Ticket(seatNo=1749342441, startStation=shanghai, destStation=nanjing), Ticket(seatNo=2117918027, startStation=shanghai, destStation=nanjing), Ticket(seatNo=654927142, startStation=shanghai, destStation=nanjing), Ticket(seatNo=1977897455, startStation=shanghai, destStation=nanjing), Ticket(seatNo=641977830, startStation=shanghai, destStation=nanjing), Ticket(seatNo=1021188806, startStation=shanghai, destStation=nanjing), Ticket(seatNo=1445935016, startStation=shanghai, destStation=nanjing), Ticket(seatNo=1452278883, startStation=shanghai, destStation=nanjing), Ticket(seatNo=830548221, startStation=shanghai, destStation=nanjing), Ticket(seatNo=1655441840, startStation=shanghai, destStation=nanjing), Ticket(seatNo=678340688, startStation=shanghai, destStation=nanjing), Ticket(seatNo=1682320147, startStation=shanghai, destStation=nanjing), Ticket(seatNo=1195341149, startStation=shanghai, destStation=nanjing), Ticket(seatNo=973914808, startStation=shanghai, destStation=nanjing), Ticket(seatNo=1217764195, startStation=shanghai, destStation=nanjing), Ticket(seatNo=837692558, startStation=shanghai, destStation=nanjing), Ticket(seatNo=1203709814, startStation=shanghai, destStation=nanjing), Ticket(seatNo=984361044, startStation=shanghai, destStation=nanjing), Ticket(seatNo=675974723, startStation=shanghai, destStation=nanjing), Ticket(seatNo=1490992938, startStation=shanghai, destStation=nanjing), Ticket(seatNo=1201160931, startStation=shanghai, destStation=nanjing), Ticket(seatNo=1435884154, startStation=shanghai, destStation=nanjing), Ticket(seatNo=1297551695, startStation=shanghai, destStation=nanjing), Ticket(seatNo=1664074534, startStation=shanghai, destStation=nanjing), Ticket(seatNo=1921728155, startStation=shanghai, destStation=nanjing), Ticket(seatNo=1137714160, startStation=shanghai, destStation=nanjing), Ticket(seatNo=1988971469, startStation=shanghai, destStation=nanjing), Ticket(seatNo=1018160513, startStation=shanghai, destStation=nanjing), Ticket(seatNo=1550917166, startStation=shanghai, destStation=nanjing), Ticket(seatNo=1894695695, startStation=shanghai, destStation=nanjing), Ticket(seatNo=784843623, startStation=shanghai, destStation=nanjing), Ticket(seatNo=1932732784, startStation=shanghai, destStation=nanjing), Ticket(seatNo=1565956437, startStation=shanghai, destStation=nanjing), Ticket(seatNo=249855326, startStation=shanghai, destStation=nanjing), Ticket(seatNo=77833908, startStation=shanghai, destStation=nanjing), Ticket(seatNo=64395763, startStation=shanghai, destStation=nanjing), Ticket(seatNo=781572303, startStation=shanghai, destStation=nanjing), Ticket(seatNo=1060217224, startStation=shanghai, destStation=nanjing), Ticket(seatNo=210817532, startStation=shanghai, destStation=nanjing), Ticket(seatNo=1587135411, startStation=shanghai, destStation=nanjing), Ticket(seatNo=862437816, startStation=shanghai, destStation=nanjing), Ticket(seatNo=348991760, startStation=shanghai, destStation=nanjing), Ticket(seatNo=1479280287, startStation=shanghai, destStation=nanjing), Ticket(seatNo=349038530, startStation=shanghai, destStation=nanjing), Ticket(seatNo=90480773, startStation=shanghai, destStation=nanjing), Ticket(seatNo=1465059263, startStation=shanghai, destStation=nanjing), Ticket(seatNo=985339747, startStation=shanghai, destStation=nanjing), Ticket(seatNo=1498460243, startStation=shanghai, destStation=nanjing), Ticket(seatNo=671507041, startStation=shanghai, destStation=nanjing), Ticket(seatNo=965174800, startStation=shanghai, destStation=nanjing), Ticket(seatNo=1841324996, startStation=shanghai, destStation=nanjing), Ticket(seatNo=1248601454, startStation=shanghai, destStation=nanjing), Ticket(seatNo=1901083814, startStation=shanghai, destStation=nanjing), Ticket(seatNo=2077341681, startStation=shanghai, destStation=nanjing), Ticket(seatNo=1207577891, startStation=shanghai, destStation=nanjing), Ticket(seatNo=1454446323, startStation=shanghai, destStation=nanjing), Ticket(seatNo=234766556, startStation=shanghai, destStation=nanjing), Ticket(seatNo=1726109987, startStation=shanghai, destStation=nanjing), Ticket(seatNo=317002893, startStation=shanghai, destStation=nanjing), Ticket(seatNo=1499460332, startStation=shanghai, destStation=nanjing), Ticket(seatNo=267587626, startStation=shanghai, destStation=nanjing), Ticket(seatNo=747527520, startStation=shanghai, destStation=nanjing), Ticket(seatNo=207584255, startStation=shanghai, destStation=nanjing), Ticket(seatNo=636497848, startStation=shanghai, destStation=nanjing), Ticket(seatNo=134621623, startStation=shanghai, destStation=nanjing), Ticket(seatNo=1143973252, startStation=shanghai, destStation=nanjing), Ticket(seatNo=1285506393, startStation=shanghai, destStation=nanjing), Ticket(seatNo=1318597280, startStation=shanghai, destStation=nanjing), Ticket(seatNo=2109276771, startStation=shanghai, destStation=nanjing), Ticket(seatNo=746347294, startStation=shanghai, destStation=nanjing), Ticket(seatNo=360435965, startStation=shanghai, destStation=nanjing), Ticket(seatNo=1636266694, startStation=shanghai, destStation=nanjing), Ticket(seatNo=538009141, startStation=shanghai, destStation=nanjing), Ticket(seatNo=1944586976, startStation=shanghai, destStation=nanjing), Ticket(seatNo=1320680614, startStation=shanghai, destStation=nanjing), Ticket(seatNo=142490066, startStation=shanghai, destStation=nanjing), Ticket(seatNo=252466715, startStation=shanghai, destStation=nanjing), Ticket(seatNo=1806446874, startStation=shanghai, destStation=nanjing), Ticket(seatNo=1743761737, startStation=shanghai, destStation=nanjing), Ticket(seatNo=610439616, startStation=shanghai, destStation=nanjing), Ticket(seatNo=76166607, startStation=shanghai, destStation=nanjing), Ticket(seatNo=1265135696, startStation=shanghai, destStation=nanjing), Ticket(seatNo=1177274309, startStation=shanghai, destStation=nanjing), Ticket(seatNo=746628462, startStation=shanghai, destStation=nanjing), Ticket(seatNo=573722729, startStation=shanghai, destStation=nanjing), Ticket(seatNo=940056408, startStation=shanghai, destStation=nanjing), Ticket(seatNo=202317050, startStation=shanghai, destStation=nanjing), Ticket(seatNo=221602851, startStation=shanghai, destStation=nanjing), Ticket(seatNo=1431476535, startStation=shanghai, destStation=nanjing), Ticket(seatNo=606888208, startStation=shanghai, destStation=nanjing), Ticket(seatNo=813377677, startStation=shanghai, destStation=nanjing), Ticket(seatNo=1592122745, startStation=shanghai, destStation=nanjing), Ticket(seatNo=2128153780, startStation=shanghai, destStation=nanjing), Ticket(seatNo=568784077, startStation=shanghai, destStation=nanjing), Ticket(seatNo=990332202, startStation=shanghai, destStation=nanjing), Ticket(seatNo=1969469614, startStation=shanghai, destStation=nanjing), Ticket(seatNo=1456285444, startStation=shanghai, destStation=nanjing), Ticket(seatNo=1785859166, startStation=shanghai, destStation=nanjing)]}]\n"",""stream"":""stdout"",""time"":""2025-06-06T09:22:58.979950382Z""}"
2025-06-06T09:22:51.158659347Z,1674984171158659347,33.33.33.116,ts-preserve-other-service-66646bdb5b-fw7x9,server,9c7ee4bc2bc6191dc3a5fcd2505c7ab4,935711d689e2f760,"{""log"":""17:22:51.158 INFO  p.s.PreserveOtherServiceImpl#393 TraceID: 9c7ee4bc2bc6191dc3a5fcd2505c7ab4 SpanID: 935711d689e2f760 [createOrder][Preserve Other Service][Get Contacts By Id]\n"",""stream"":""stdout"",""time"":""2025-06-06T09:22:51.158659347Z""}"
2025-06-06T09:22:58.975491092Z,1674984178975491092,33.33.33.155,ts-order-other-service-6cdbf9b4cc-h7mqk,server,785ed9fe52a68b09516c6ec8f6320c74,d14d8f8fec385863,"{""log"":""17:22:58.975 INFO  o.c.OrderOtherController#42 TraceID: 785ed9fe52a68b09516c6ec8f6320c74 SpanID: d14d8f8fec385863 [getSoldTickets][Get Sold Ticket][Travel Date: 2023-01-29]\n"",""stream"":""stdout"",""time"":""2025-06-06T09:22:58.975491092Z""}"
2025-06-06T09:22:51.15854054Z,1674984171158540540,33.33.33.116,ts-preserve-other-service-66646bdb5b-fw7x9,server,9c7ee4bc2bc6191dc3a5fcd2505c7ab4,935711d689e2f760,"{""log"":""17:22:51.158 INFO  p.s.PreserveOtherServiceImpl#171 TraceID: 9c7ee4bc2bc6191dc3a5fcd2505c7ab4 SpanID: 935711d689e2f760 [preserve][Step 4][Do Order][Order Price][Price is: 350.0]\n"",""stream"":""stdout"",""time"":""2025-06-06T09:22:51.15854054Z""}"
2025-06-06T09:22:51.138886244Z,1674984171138886244,33.33.33.116,ts-preserve-other-service-66646bdb5b-fw7x9,server,9c7ee4bc2bc6191dc3a5fcd2505c7ab4,935711d689e2f760,"{""log"":""17:22:51.138 INFO  p.s.PreserveOtherServiceImpl#145 TraceID: 9c7ee4bc2bc6191dc3a5fcd2505c7ab4 SpanID: 935711d689e2f760 [preserve][Step 4][Do Order][Travel Date][Date is: 2023-01-29]\n"",""stream"":""stdout"",""time"":""2025-06-06T09:22:51.138886244Z""}"
2025-06-06T09:22:58.891072636Z,1674984178891072636,33.33.33.155,ts-order-other-service-6cdbf9b4cc-h7mqk,server,785ed9fe52a68b09516c6ec8f6320c74,16440ec75ed3ee29,"{""log"":""17:22:58.890 INFO  o.c.OrderOtherController#118 TraceID: 785ed9fe52a68b09516c6ec8f6320c74 SpanID: 16440ec75ed3ee29 [checkSecurityAboutOrder][Security Info Get][CheckDate:Sun Jan 29 17:22:58 CST 2023 , AccountId:4d2a46c7-71cb-4cf1-b5bb-b68406d9da6f]\n"",""stream"":""stdout"",""time"":""2025-06-06T09:22:58.891072636Z""}"
2025-06-06T09:22:51.096760543Z,1674984171096760543,33.33.33.116,ts-preserve-other-service-66646bdb5b-fw7x9,server,9c7ee4bc2bc6191dc3a5fcd2505c7ab4,935711d689e2f760,"{""log"":""17:22:51.096 INFO  p.s.PreserveOtherServiceImpl#101 TraceID: 9c7ee4bc2bc6191dc3a5fcd2505c7ab4 SpanID: 935711d689e2f760 [preserve][Step 3][Check tickets num][Tickets Enough]\n"",""stream"":""stdout"",""time"":""2025-06-06T09:22:51.096760543Z""}"
2025-06-06T09:22:58.914016963Z,1674984178914016963,33.33.33.79,ts-contacts-service-866bd68c97-xcqfx,server,785ed9fe52a68b09516c6ec8f6320c74,ec739aaa34502f47,"{""log"":""17:22:58.913 INFO  c.s.ContactsServiceImpl#34 TraceID: 785ed9fe52a68b09516c6ec8f6320c74 SpanID: ec739aaa34502f47 [findContactsById][contactsRepository.findById][Find contacts]\n"",""stream"":""stdout"",""time"":""2025-06-06T09:22:58.914016963Z""}"
2025-06-06T09:22:50.959268176Z,1674984170959268176,33.33.33.116,ts-preserve-other-service-66646bdb5b-fw7x9,server,9c7ee4bc2bc6191dc3a5fcd2505c7ab4,935711d689e2f760,"{""log"":""17:22:50.959 INFO  p.s.PreserveOtherServiceImpl#363 TraceID: 9c7ee4bc2bc6191dc3a5fcd2505c7ab4 SpanID: 935711d689e2f760 [getTripAllDetailInformation][Preserve Other Service][Get Trip All Detail Information]\n"",""stream"":""stdout"",""time"":""2025-06-06T09:22:50.959268176Z""}"
2025-06-06T09:22:58.908036613Z,1674984178908036613,33.33.33.79,ts-contacts-service-866bd68c97-xcqfx,server,785ed9fe52a68b09516c6ec8f6320c74,ec739aaa34502f47,"{""log"":""17:22:58.907 INFO  c.s.ContactsServiceImpl#31 TraceID: 785ed9fe52a68b09516c6ec8f6320c74 SpanID: ec739aaa34502f47 FIND CONTACTS BY ID: 415d1665-fbb2-4ec9-83f5-5ebe51dc1825\n"",""stream"":""stdout"",""time"":""2025-06-06T09:22:58.908036613Z""}"
2025-06-06T09:22:50.959135689Z,1674984170959135689,33.33.33.116,ts-preserve-other-service-66646bdb5b-fw7x9,server,9c7ee4bc2bc6191dc3a5fcd2505c7ab4,935711d689e2f760,"{""log"":""17:22:50.958 INFO  p.s.PreserveOtherServiceImpl#78 TraceID: 9c7ee4bc2bc6191dc3a5fcd2505c7ab4 SpanID: 935711d689e2f760 [preserve][Step 3][Check tickets num][TripId: Z1234]\n"",""stream"":""stdout"",""time"":""2025-06-06T09:22:50.959135689Z""}"
2025-06-06T09:22:50.958980188Z,1674984170958980188,33.33.33.116,ts-preserve-other-service-66646bdb5b-fw7x9,server,9c7ee4bc2bc6191dc3a5fcd2505c7ab4,935711d689e2f760,"{""log"":""17:22:50.958 INFO  p.s.PreserveOtherServiceImpl#68 TraceID: 9c7ee4bc2bc6191dc3a5fcd2505c7ab4 SpanID: 935711d689e2f760 [preserve][Step 2][Find contacts Complete][ContactsId: 415d1665-fbb2-4ec9-83f5-5ebe51dc1825]\n"",""stream"":""stdout"",""time"":""2025-06-06T09:22:50.958980188Z""}"
2025-06-06T09:22:58.907639869Z,1674984178907639869,33.33.33.79,ts-contacts-service-866bd68c97-xcqfx,server,785ed9fe52a68b09516c6ec8f6320c74,ec739aaa34502f47,"{""log"":""17:22:58.907 INFO  c.c.ContactsController#84 TraceID: 785ed9fe52a68b09516c6ec8f6320c74 SpanID: ec739aaa34502f47 [ContactsService][VerifyLogin Success]\n"",""stream"":""stdout"",""time"":""2025-06-06T09:22:58.907639869Z""}"
2025-06-06T09:22:50.943083932Z,1674984170943083932,33.33.33.116,ts-preserve-other-service-66646bdb5b-fw7x9,server,9c7ee4bc2bc6191dc3a5fcd2505c7ab4,935711d689e2f760,"{""log"":""17:22:50.942 INFO  p.s.PreserveOtherServiceImpl#378 TraceID: 9c7ee4bc2bc6191dc3a5fcd2505c7ab4 SpanID: 935711d689e2f760 [getContactsById][Preserve Other Service][Get Contacts By Id is]\n"",""stream"":""stdout"",""time"":""2025-06-06T09:22:50.943083932Z""}"
2025-06-06T09:22:58.907320318Z,1674984178907320318,33.33.33.79,ts-contacts-service-866bd68c97-xcqfx,server,785ed9fe52a68b09516c6ec8f6320c74,ec739aaa34502f47,"{""log"":""17:22:58.906 INFO  c.c.ContactsController#83 TraceID: 785ed9fe52a68b09516c6ec8f6320c74 SpanID: ec739aaa34502f47 [ContactsService][Contacts Id Print][id: 415d1665-fbb2-4ec9-83f5-5ebe51dc1825]\n"",""stream"":""stdout"",""time"":""2025-06-06T09:22:58.907320318Z""}"
2025-06-06T09:22:50.942985098Z,1674984170942985098,33.33.33.116,ts-preserve-other-service-66646bdb5b-fw7x9,server,9c7ee4bc2bc6191dc3a5fcd2505c7ab4,935711d689e2f760,"{""log"":""17:22:50.942 INFO  p.s.PreserveOtherServiceImpl#58 TraceID: 9c7ee4bc2bc6191dc3a5fcd2505c7ab4 SpanID: 935711d689e2f760 [preserve][Step 1][Check Security Complete][AccountId: 4d2a46c7-71cb-4cf1-b5bb-b68406d9da6f]\n"",""stream"":""stdout"",""time"":""2025-06-06T09:22:50.942985098Z""}"
2025-06-06T09:22:59.009340406Z,1674984179009340406,33.33.33.115,ts-config-service-5fcd447d84-wxwjd,server,785ed9fe52a68b09516c6ec8f6320c74,0371a7e7c0058028,"{""log"":""17:22:59.009 INFO  c.s.ConfigServiceImpl#65 TraceID: 785ed9fe52a68b09516c6ec8f6320c74 SpanID: 0371a7e7c0058028 [query][Query config success][config name: DirectTicketAllocationProportion]\n"",""stream"":""stdout"",""time"":""2025-06-06T09:22:59.009340406Z""}"
2025-06-06T09:22:50.910020566Z,1674984170910020566,33.33.33.116,ts-preserve-other-service-66646bdb5b-fw7x9,server,9c7ee4bc2bc6191dc3a5fcd2505c7ab4,935711d689e2f760,"{""log"":""17:22:50.909 INFO  p.s.PreserveOtherServiceImpl#348 TraceID: 9c7ee4bc2bc6191dc3a5fcd2505c7ab4 SpanID: 935711d689e2f760 [checkSecurity][Preserve Other Service][Check Account Security]\n"",""stream"":""stdout"",""time"":""2025-06-06T09:22:50.910020566Z""}"
2025-06-06T09:22:59.008533258Z,1674984179008533258,33.33.33.115,ts-config-service-5fcd447d84-wxwjd,server,785ed9fe52a68b09516c6ec8f6320c74,0371a7e7c0058028,"{""log"":""17:22:59.008 INFO  c.c.ConfigController#67 TraceID: 785ed9fe52a68b09516c6ec8f6320c74 SpanID: 0371a7e7c0058028 [retrieve][Retrieve config][configName: DirectTicketAllocationProportion]\n"",""stream"":""stdout"",""time"":""2025-06-06T09:22:59.008533258Z""}"
2025-06-06T09:22:50.909862253Z,1674984170909862253,33.33.33.116,ts-preserve-other-service-66646bdb5b-fw7x9,server,9c7ee4bc2bc6191dc3a5fcd2505c7ab4,935711d689e2f760,"{""log"":""17:22:50.909 INFO  p.s.PreserveOtherServiceImpl#48 TraceID: 9c7ee4bc2bc6191dc3a5fcd2505c7ab4 SpanID: 935711d689e2f760 [preserve][Verify Login] Success\n"",""stream"":""stdout"",""time"":""2025-06-06T09:22:50.909862253Z""}"
2025-06-06T09:22:58.987990277Z,1674984178987990277,33.33.33.115,ts-config-service-5fcd447d84-wxwjd,server,785ed9fe52a68b09516c6ec8f6320c74,671172b92b00c557,"{""log"":""17:22:58.987 INFO  c.s.ConfigServiceImpl#65 TraceID: 785ed9fe52a68b09516c6ec8f6320c74 SpanID: 671172b92b00c557 [query][Query config success][config name: DirectTicketAllocationProportion]\n"",""stream"":""stdout"",""time"":""2025-06-06T09:22:58.987990277Z""}"
2025-06-06T09:22:50.909766036Z,1674984170909766036,33.33.33.116,ts-preserve-other-service-66646bdb5b-fw7x9,server,9c7ee4bc2bc6191dc3a5fcd2505c7ab4,935711d689e2f760,"{""log"":""17:22:50.909 INFO  p.c.PreserveOtherController#35 TraceID: 9c7ee4bc2bc6191dc3a5fcd2505c7ab4 SpanID: 935711d689e2f760 [preserve][Preserve Account order][from shanghai to nanjing at 2023-01-29]\n"",""stream"":""stdout"",""time"":""2025-06-06T09:22:50.909766036Z""}"
2025-06-06T09:22:58.987080989Z,1674984178987080989,33.33.33.115,ts-config-service-5fcd447d84-wxwjd,server,785ed9fe52a68b09516c6ec8f6320c74,671172b92b00c557,"{""log"":""17:22:58.986 INFO  c.c.ConfigController#67 TraceID: 785ed9fe52a68b09516c6ec8f6320c74 SpanID: 671172b92b00c557 [retrieve][Retrieve config][configName: DirectTicketAllocationProportion]\n"",""stream"":""stdout"",""time"":""2025-06-06T09:22:58.987080989Z""}"
2025-06-06T09:22:50.920102027Z,1674984170920102027,33.33.33.76,ts-order-service-5b67c48447-mv5hb,server,9c7ee4bc2bc6191dc3a5fcd2505c7ab4,d821aadcc185a625,"{""log"":""17:22:50.919 INFO  o.c.OrderController#118 TraceID: 9c7ee4bc2bc6191dc3a5fcd2505c7ab4 SpanID: d821aadcc185a625 [checkSecurityAboutOrder][Security Info Get][AccountId:4d2a46c7-71cb-4cf1-b5bb-b68406d9da6f]\n"",""stream"":""stdout"",""time"":""2025-06-06T09:22:50.920102027Z""}"
2025-06-06T09:22:51.204659502Z,1674984171204659502,33.33.33.155,ts-order-other-service-6cdbf9b4cc-h7mqk,server,9c7ee4bc2bc6191dc3a5fcd2505c7ab4,0014a0f0f9a07d9f,"{""log"":""17:22:51.204 INFO  o.s.OrderOtherServiceImpl#100 TraceID: 9c7ee4bc2bc6191dc3a5fcd2505c7ab4 SpanID: 0014a0f0f9a07d9f [create][Order Create Success][OrderId:f0a59a13-2603-4b6e-b948-df296b847e25,Price: 350.0]\n"",""stream"":""stdout"",""time"":""2025-06-06T09:22:51.204659502Z""}"
2025-06-06T09:22:59.067729396Z,1674984179067729396,33.33.33.76,ts-basic-service-5dc8d4f9fd-46997,server,785ed9fe52a68b09516c6ec8f6320c74,146f63076edc8c04,"{""log"":""17:22:59.067 INFO  f.m.s.BasicServiceImpl#119 TraceID: 785ed9fe52a68b09516c6ec8f6320c74 SpanID: 146f63076edc8c04 [queryForTravel][all done][result: TravelResult(status=true, percent=1.0, trainType=TrainType(id=e24bb484-516a-4aad-b37f-517e7139e913, name=ZhiDa, economyClass=2147483647, confortClass=2147483647, averageSpeed=120), route=Route(id=0b23bd3e-876a-4af3-b920-c50a90c90b04, stations=[shanghai, nanjing, shijiazhuang, taiyuan], distances=[0, 350, 1000, 1300], startStation=shanghai, endStation=taiyuan), prices={confortClass=350.0, economyClass=122.49999999999999})]\n"",""stream"":""stdout"",""time"":""2025-06-06T09:22:59.067729396Z""}"
2025-06-06T09:22:51.162768212Z,1674984171162768212,33.33.33.155,ts-order-other-service-6cdbf9b4cc-h7mqk,server,9c7ee4bc2bc6191dc3a5fcd2505c7ab4,0014a0f0f9a07d9f,"{""log"":""17:22:51.162 INFO  o.s.OrderOtherServiceImpl#92 TraceID: 9c7ee4bc2bc6191dc3a5fcd2505c7ab4 SpanID: 0014a0f0f9a07d9f [create][Create Order][Ready Create Order]\n"",""stream"":""stdout"",""time"":""2025-06-06T09:22:51.162768212Z""}"
2025-06-06T09:22:59.0675513Z,1674984179067551300,33.33.33.76,ts-basic-service-5dc8d4f9fd-46997,server,785ed9fe52a68b09516c6ec8f6320c74,146f63076edc8c04,"{""log"":""17:22:59.067 INFO  f.m.s.BasicServiceImpl#100 TraceID: 785ed9fe52a68b09516c6ec8f6320c74 SpanID: 146f63076edc8c04 [queryForTravel][calculate price]\n"",""stream"":""stdout"",""time"":""2025-06-06T09:22:59.0675513Z""}"
2025-06-06T09:22:51.162623327Z,1674984171162623327,33.33.33.155,ts-order-other-service-6cdbf9b4cc-h7mqk,server,9c7ee4bc2bc6191dc3a5fcd2505c7ab4,0014a0f0f9a07d9f,"{""log"":""17:22:51.162 INFO  o.c.OrderOtherController#49 TraceID: 9c7ee4bc2bc6191dc3a5fcd2505c7ab4 SpanID: 0014a0f0f9a07d9f [create][Create Order][from shanghai to nanjing at 2023-01-29]\n"",""stream"":""stdout"",""time"":""2025-06-06T09:22:51.162623327Z""}"
2025-06-06T09:22:59.067204516Z,1674984179067204516,33.33.33.76,ts-basic-service-5dc8d4f9fd-46997,server,785ed9fe52a68b09516c6ec8f6320c74,146f63076edc8c04,"{""log"":""17:22:59.066 INFO  f.m.s.BasicServiceImpl#454 TraceID: 785ed9fe52a68b09516c6ec8f6320c74 SpanID: 146f63076edc8c04 [queryPriceConfigByRouteIdAndTrainType][Response Resutl to String][result: Response(status=1, msg=Success, data={id=b90a6ad7-ffad-4624-9655-48e9e185fa6c, trainType=ZhiDa, routeId=0b23bd3e-876a-4af3-b920-c50a90c90b04, basicPriceRate=0.35, firstClassPriceRate=1.0})]\n"",""stream"":""stdout"",""time"":""2025-06-06T09:22:59.067204516Z""}"
2025-06-06T09:22:59.059400228Z,1674984179059400228,33.33.33.76,ts-basic-service-5dc8d4f9fd-46997,server,785ed9fe52a68b09516c6ec8f6320c74,146f63076edc8c04,"{""log"":""17:22:59.059 INFO  f.m.s.BasicServiceImpl#444 TraceID: 785ed9fe52a68b09516c6ec8f6320c74 SpanID: 146f63076edc8c04 [queryPriceConfigByRouteIdAndTrainType][Query For Price Config][RouteId: 0b23bd3e-876a-4af3-b920-c50a90c90b04 ,TrainType: ZhiDa]\n"",""stream"":""stdout"",""time"":""2025-06-06T09:22:59.059400228Z""}"
2025-06-06T09:22:59.059287452Z,1674984179059287452,33.33.33.76,ts-basic-service-5dc8d4f9fd-46997,server,785ed9fe52a68b09516c6ec8f6320c74,146f63076edc8c04,"{""log"":""17:22:59.059 INFO  f.m.s.BasicServiceImpl#90 TraceID: 785ed9fe52a68b09516c6ec8f6320c74 SpanID: 146f63076edc8c04 [queryForTravel][query stations and distances][stations: [shanghai, nanjing, shijiazhuang, taiyuan] distances: [0, 350, 1000, 1300]]\n"",""stream"":""stdout"",""time"":""2025-06-06T09:22:59.059287452Z""}"
2025-06-06T09:22:59.059110661Z,1674984179059110661,33.33.33.76,ts-basic-service-5dc8d4f9fd-46997,server,785ed9fe52a68b09516c6ec8f6320c74,146f63076edc8c04,"{""log"":""17:22:59.058 INFO  f.m.s.BasicServiceImpl#89 TraceID: 785ed9fe52a68b09516c6ec8f6320c74 SpanID: 146f63076edc8c04 [queryForTravel][query start index and end index][indexStart: 0 indexEnd: 1]\n"",""stream"":""stdout"",""time"":""2025-06-06T09:22:59.059110661Z""}"
2025-06-06T09:22:59.058552863Z,1674984179058552863,33.33.33.76,ts-basic-service-5dc8d4f9fd-46997,server,785ed9fe52a68b09516c6ec8f6320c74,146f63076edc8c04,"{""log"":""17:22:59.058 INFO  f.m.s.BasicServiceImpl#438 TraceID: 785ed9fe52a68b09516c6ec8f6320c74 SpanID: 146f63076edc8c04 [getRouteByRouteId][Get Route By Id][Success]\n"",""stream"":""stdout"",""time"":""2025-06-06T09:22:59.058552863Z""}"
2025-06-06T09:22:59.045225854Z,1674984179045225854,33.33.33.76,ts-basic-service-5dc8d4f9fd-46997,server,785ed9fe52a68b09516c6ec8f6320c74,146f63076edc8c04,"{""log"":""17:22:59.044 INFO  f.m.s.BasicServiceImpl#425 TraceID: 785ed9fe52a68b09516c6ec8f6320c74 SpanID: 146f63076edc8c04 [getRouteByRouteId][Get Route By Id][Route ID: 0b23bd3e-876a-4af3-b920-c50a90c90b04]\n"",""stream"":""stdout"",""time"":""2025-06-06T09:22:59.045225854Z""}"
2025-06-06T09:22:59.03464492Z,1674984179034644920,33.33.33.76,ts-basic-service-5dc8d4f9fd-46997,server,785ed9fe52a68b09516c6ec8f6320c74,146f63076edc8c04,"{""log"":""17:22:59.034 INFO  f.m.s.BasicServiceImpl#391 TraceID: 785ed9fe52a68b09516c6ec8f6320c74 SpanID: 146f63076edc8c04 [queryTrainTypeByName][Query Train Type][Train Type name: ZhiDa]\n"",""stream"":""stdout"",""time"":""2025-06-06T09:22:59.03464492Z""}"
2025-06-06T09:22:59.025883895Z,1674984179025883895,33.33.33.76,ts-basic-service-5dc8d4f9fd-46997,server,785ed9fe52a68b09516c6ec8f6320c74,146f63076edc8c04,"{""log"":""17:22:59.025 INFO  f.m.s.BasicServiceImpl#360 TraceID: 785ed9fe52a68b09516c6ec8f6320c74 SpanID: 146f63076edc8c04 [checkStationExists][Check Station Exists][stationName: nanjing]\n"",""stream"":""stdout"",""time"":""2025-06-06T09:22:59.025883895Z""}"
2025-06-06T09:22:59.021726659Z,1674984179021726659,33.33.33.76,ts-basic-service-5dc8d4f9fd-46997,server,785ed9fe52a68b09516c6ec8f6320c74,146f63076edc8c04,"{""log"":""17:22:59.021 INFO  f.m.s.BasicServiceImpl#360 TraceID: 785ed9fe52a68b09516c6ec8f6320c74 SpanID: 146f63076edc8c04 [checkStationExists][Check Station Exists][stationName: shanghai]\n"",""stream"":""stdout"",""time"":""2025-06-06T09:22:59.021726659Z""}"
2025-06-06T09:22:59.021616061Z,1674984179021616061,33.33.33.76,ts-basic-service-5dc8d4f9fd-46997,server,785ed9fe52a68b09516c6ec8f6320c74,146f63076edc8c04,"{""log"":""17:22:59.021 INFO  f.m.c.BasicController#38 TraceID: 785ed9fe52a68b09516c6ec8f6320c74 SpanID: 146f63076edc8c04 [queryForTravel][Query for travel][Travel: Travel(trip=Trip(id=8a533bf9-bd12-4608-a8eb-606890982448, tripId=Z1234, trainTypeName=ZhiDa, routeId=0b23bd3e-876a-4af3-b920-c50a90c90b04, startStationName=shanghai, stationsName=nanjing, terminalStationName=beijing, startTime=2013-05-04 09:51:52, endTime=2013-05-04 15:51:52), startPlace=shanghai, endPlace=nanjing, departureTime=2023-01-29 17:22:59)]\n"",""stream"":""stdout"",""time"":""2025-06-06T09:22:59.021616061Z""}"
2025-06-06T09:22:58.966264692Z,1674984178966264692,33.33.33.76,ts-basic-service-5dc8d4f9fd-46997,server,785ed9fe52a68b09516c6ec8f6320c74,46a7320ebbfa1ab1,"{""log"":""17:22:58.966 INFO  f.m.s.BasicServiceImpl#119 TraceID: 785ed9fe52a68b09516c6ec8f6320c74 SpanID: 46a7320ebbfa1ab1 [queryForTravel][all done][result: TravelResult(status=true, percent=1.0, trainType=TrainType(id=e24bb484-516a-4aad-b37f-517e7139e913, name=ZhiDa, economyClass=2147483647, confortClass=2147483647, averageSpeed=120), route=Route(id=0b23bd3e-876a-4af3-b920-c50a90c90b04, stations=[shanghai, nanjing, shijiazhuang, taiyuan], distances=[0, 350, 1000, 1300], startStation=shanghai, endStation=taiyuan), prices={confortClass=350.0, economyClass=122.49999999999999})]\n"",""stream"":""stdout"",""time"":""2025-06-06T09:22:58.966264692Z""}"
2025-06-06T09:22:58.966103211Z,1674984178966103211,33.33.33.76,ts-basic-service-5dc8d4f9fd-46997,server,785ed9fe52a68b09516c6ec8f6320c74,46a7320ebbfa1ab1,"{""log"":""17:22:58.965 INFO  f.m.s.BasicServiceImpl#100 TraceID: 785ed9fe52a68b09516c6ec8f6320c74 SpanID: 46a7320ebbfa1ab1 [queryForTravel][calculate price]\n"",""stream"":""stdout"",""time"":""2025-06-06T09:22:58.966103211Z""}"
2025-06-06T09:22:58.965798008Z,1674984178965798008,33.33.33.76,ts-basic-service-5dc8d4f9fd-46997,server,785ed9fe52a68b09516c6ec8f6320c74,46a7320ebbfa1ab1,"{""log"":""17:22:58.965 INFO  f.m.s.BasicServiceImpl#454 TraceID: 785ed9fe52a68b09516c6ec8f6320c74 SpanID: 46a7320ebbfa1ab1 [queryPriceConfigByRouteIdAndTrainType][Response Resutl to String][result: Response(status=1, msg=Success, data={id=b90a6ad7-ffad-4624-9655-48e9e185fa6c, trainType=ZhiDa, routeId=0b23bd3e-876a-4af3-b920-c50a90c90b04, basicPriceRate=0.35, firstClassPriceRate=1.0})]\n"",""stream"":""stdout"",""time"":""2025-06-06T09:22:58.965798008Z""}"
2025-06-06T09:22:58.958835937Z,1674984178958835937,33.33.33.76,ts-basic-service-5dc8d4f9fd-46997,server,785ed9fe52a68b09516c6ec8f6320c74,46a7320ebbfa1ab1,"{""log"":""17:22:58.958 INFO  f.m.s.BasicServiceImpl#444 TraceID: 785ed9fe52a68b09516c6ec8f6320c74 SpanID: 46a7320ebbfa1ab1 [queryPriceConfigByRouteIdAndTrainType][Query For Price Config][RouteId: 0b23bd3e-876a-4af3-b920-c50a90c90b04 ,TrainType: ZhiDa]\n"",""stream"":""stdout"",""time"":""2025-06-06T09:22:58.958835937Z""}"
2025-06-06T09:22:58.958712368Z,1674984178958712368,33.33.33.76,ts-basic-service-5dc8d4f9fd-46997,server,785ed9fe52a68b09516c6ec8f6320c74,46a7320ebbfa1ab1,"{""log"":""17:22:58.958 INFO  f.m.s.BasicServiceImpl#90 TraceID: 785ed9fe52a68b09516c6ec8f6320c74 SpanID: 46a7320ebbfa1ab1 [queryForTravel][query stations and distances][stations: [shanghai, nanjing, shijiazhuang, taiyuan] distances: [0, 350, 1000, 1300]]\n"",""stream"":""stdout"",""time"":""2025-06-06T09:22:58.958712368Z""}"
2025-06-06T09:22:58.958549178Z,1674984178958549178,33.33.33.76,ts-basic-service-5dc8d4f9fd-46997,server,785ed9fe52a68b09516c6ec8f6320c74,46a7320ebbfa1ab1,"{""log"":""17:22:58.958 INFO  f.m.s.BasicServiceImpl#89 TraceID: 785ed9fe52a68b09516c6ec8f6320c74 SpanID: 46a7320ebbfa1ab1 [queryForTravel][query start index and end index][indexStart: 0 indexEnd: 1]\n"",""stream"":""stdout"",""time"":""2025-06-06T09:22:58.958549178Z""}"
2025-06-06T09:22:58.958160621Z,1674984178958160621,33.33.33.76,ts-basic-service-5dc8d4f9fd-46997,server,785ed9fe52a68b09516c6ec8f6320c74,46a7320ebbfa1ab1,"{""log"":""17:22:58.957 INFO  f.m.s.BasicServiceImpl#438 TraceID: 785ed9fe52a68b09516c6ec8f6320c74 SpanID: 46a7320ebbfa1ab1 [getRouteByRouteId][Get Route By Id][Success]\n"",""stream"":""stdout"",""time"":""2025-06-06T09:22:58.958160621Z""}"
2025-06-06T09:22:58.944422279Z,1674984178944422279,33.33.33.76,ts-basic-service-5dc8d4f9fd-46997,server,785ed9fe52a68b09516c6ec8f6320c74,46a7320ebbfa1ab1,"{""log"":""17:22:58.944 INFO  f.m.s.BasicServiceImpl#425 TraceID: 785ed9fe52a68b09516c6ec8f6320c74 SpanID: 46a7320ebbfa1ab1 [getRouteByRouteId][Get Route By Id][Route ID: 0b23bd3e-876a-4af3-b920-c50a90c90b04]\n"",""stream"":""stdout"",""time"":""2025-06-06T09:22:58.944422279Z""}"
2025-06-06T09:22:58.93709556Z,1674984178937095560,33.33.33.76,ts-basic-service-5dc8d4f9fd-46997,server,785ed9fe52a68b09516c6ec8f6320c74,46a7320ebbfa1ab1,"{""log"":""17:22:58.936 INFO  f.m.s.BasicServiceImpl#391 TraceID: 785ed9fe52a68b09516c6ec8f6320c74 SpanID: 46a7320ebbfa1ab1 [queryTrainTypeByName][Query Train Type][Train Type name: ZhiDa]\n"",""stream"":""stdout"",""time"":""2025-06-06T09:22:58.93709556Z""}"
2025-06-06T09:22:58.932665471Z,1674984178932665471,33.33.33.76,ts-basic-service-5dc8d4f9fd-46997,server,785ed9fe52a68b09516c6ec8f6320c74,46a7320ebbfa1ab1,"{""log"":""17:22:58.932 INFO  f.m.s.BasicServiceImpl#360 TraceID: 785ed9fe52a68b09516c6ec8f6320c74 SpanID: 46a7320ebbfa1ab1 [checkStationExists][Check Station Exists][stationName: nanjing]\n"",""stream"":""stdout"",""time"":""2025-06-06T09:22:58.932665471Z""}"
2025-06-06T09:22:58.926275162Z,1674984178926275162,33.33.33.76,ts-basic-service-5dc8d4f9fd-46997,server,785ed9fe52a68b09516c6ec8f6320c74,46a7320ebbfa1ab1,"{""log"":""17:22:58.926 INFO  f.m.s.BasicServiceImpl#360 TraceID: 785ed9fe52a68b09516c6ec8f6320c74 SpanID: 46a7320ebbfa1ab1 [checkStationExists][Check Station Exists][stationName: shanghai]\n"",""stream"":""stdout"",""time"":""2025-06-06T09:22:58.926275162Z""}"
2025-06-06T09:22:58.926172601Z,1674984178926172601,33.33.33.76,ts-basic-service-5dc8d4f9fd-46997,server,785ed9fe52a68b09516c6ec8f6320c74,46a7320ebbfa1ab1,"{""log"":""17:22:58.925 INFO  f.m.c.BasicController#38 TraceID: 785ed9fe52a68b09516c6ec8f6320c74 SpanID: 46a7320ebbfa1ab1 [queryForTravel][Query for travel][Travel: Travel(trip=Trip(id=8a533bf9-bd12-4608-a8eb-606890982448, tripId=Z1234, trainTypeName=ZhiDa, routeId=0b23bd3e-876a-4af3-b920-c50a90c90b04, startStationName=shanghai, stationsName=nanjing, terminalStationName=beijing, startTime=2013-05-04 09:51:52, endTime=2013-05-04 15:51:52), startPlace=shanghai, endPlace=nanjing, departureTime=2023-01-29)]\n"",""stream"":""stdout"",""time"":""2025-06-06T09:22:58.926172601Z""}"
2025-06-06T09:22:51.152737043Z,1674984171152737043,33.33.33.155,ts-order-other-service-6cdbf9b4cc-h7mqk,server,9c7ee4bc2bc6191dc3a5fcd2505c7ab4,79b63e78f618708d,"{""log"":""17:22:51.152 INFO  o.s.OrderOtherServiceImpl#67 TraceID: 9c7ee4bc2bc6191dc3a5fcd2505c7ab4 SpanID: 79b63e78f618708d [getSoldTickets][Left ticket info][info is: LeftTicketInfo{soldTickets=[Ticket(seatNo=388817927, startStation=shanghai, destStation=nanjing), Ticket(seatNo=512319188, startStation=shanghai, destStation=nanjing), Ticket(seatNo=650950163, startStation=shanghai, destStation=nanjing), Ticket(seatNo=1408310701, startStation=shanghai, destStation=nanjing), Ticket(seatNo=681456978, startStation=shanghai, destStation=nanjing), Ticket(seatNo=1278422345, startStation=shanghai, destStation=nanjing), Ticket(seatNo=113640569, startStation=shanghai, destStation=nanjing), Ticket(seatNo=1706091788, startStation=shanghai, destStation=nanjing), Ticket(seatNo=719931591, startStation=shanghai, destStation=nanjing), Ticket(seatNo=324348558, startStation=shanghai, destStation=nanjing), Ticket(seatNo=437134557, startStation=shanghai, destStation=nanjing), Ticket(seatNo=1180305654, startStation=shanghai, destStation=nanjing), Ticket(seatNo=218664224, startStation=shanghai, destStation=nanjing), Ticket(seatNo=1531256885, startStation=shanghai, destStation=nanjing), Ticket(seatNo=282865016, startStation=shanghai, destStation=nanjing), Ticket(seatNo=290573193, startStation=shanghai, destStation=nanjing), Ticket(seatNo=2091646075, startStation=shanghai, destStation=nanjing), Ticket(seatNo=1529246592, startStation=shanghai, destStation=nanjing), Ticket(seatNo=518358183, startStation=shanghai, destStation=nanjing), Ticket(seatNo=1578574107, startStation=shanghai, destStation=nanjing), Ticket(seatNo=864103707, startStation=shanghai, destStation=nanjing), Ticket(seatNo=1101722819, startStation=shanghai, destStation=nanjing), Ticket(seatNo=1110043211, startStation=shanghai, destStation=nanjing), Ticket(seatNo=2115304579, startStation=shanghai, destStation=nanjing), Ticket(seatNo=517895253, startStation=shanghai, destStation=nanjing), Ticket(seatNo=112374996, startStation=shanghai, destStation=nanjing), Ticket(seatNo=1222554072, startStation=shanghai, destStation=nanjing), Ticket(seatNo=1445221655, startStation=shanghai, destStation=nanjing), Ticket(seatNo=55335899, startStation=shanghai, destStation=nanjing), Ticket(seatNo=1402723531, startStation=shanghai, destStation=nanjing), Ticket(seatNo=520072209, startStation=shanghai, destStation=nanjing), Ticket(seatNo=1063924165, startStation=shanghai, destStation=nanjing), Ticket(seatNo=828062078, startStation=shanghai, destStation=nanjing), Ticket(seatNo=364950093, startStation=shanghai, destStation=nanjing), Ticket(seatNo=2090617881, startStation=shanghai, destStation=nanjing), Ticket(seatNo=1605189805, startStation=shanghai, destStation=nanjing), Ticket(seatNo=182083286, startStation=shanghai, destStation=nanjing), Ticket(seatNo=1956808479, startStation=shanghai, destStation=nanjing), Ticket(seatNo=1479771875, startStation=shanghai, destStation=nanjing), Ticket(seatNo=1340473816, startStation=shanghai, destStation=nanjing), Ticket(seatNo=2058528320, startStation=shanghai, destStation=nanjing), Ticket(seatNo=1862239339, startStation=shanghai, destStation=nanjing), Ticket(seatNo=756196424, startStation=shanghai, destStation=nanjing), Ticket(seatNo=1554210637, startStation=shanghai, destStation=nanjing), Ticket(seatNo=2131607583, startStation=shanghai, destStation=nanjing), Ticket(seatNo=1114945650, startStation=shanghai, destStation=nanjing), Ticket(seatNo=978840618, startStation=shanghai, destStation=nanjing), Ticket(seatNo=1696192204, startStation=shanghai, destStation=nanjing), Ticket(seatNo=159217444, startStation=shanghai, destStation=nanjing), Ticket(seatNo=1472397446, startStation=shanghai, destStation=nanjing), Ticket(seatNo=863762562, startStation=shanghai, destStation=nanjing), Ticket(seatNo=762240728, startStation=shanghai, destStation=nanjing), Ticket(seatNo=733090960, startStation=shanghai, destStation=nanjing), Ticket(seatNo=1385200790, startStation=shanghai, destStation=nanjing), Ticket(seatNo=1483334408, startStation=shanghai, destStation=nanjing), Ticket(seatNo=1230952670, startStation=shanghai, destStation=nanjing), Ticket(seatNo=1760486203, startStation=shanghai, destStation=nanjing), Ticket(seatNo=1631472666, startStation=shanghai, destStation=nanjing), Ticket(seatNo=882144838, startStation=shanghai, destStation=nanjing), Ticket(seatNo=210246843, startStation=shanghai, destStation=nanjing), Ticket(seatNo=427259238, startStation=shanghai, destStation=nanjing), Ticket(seatNo=1232572404, startStation=shanghai, destStation=nanjing), Ticket(seatNo=1304478712, startStation=shanghai, destStation=nanjing), Ticket(seatNo=2016232602, startStation=shanghai, destStation=nanjing), Ticket(seatNo=76670888, startStation=shanghai, destStation=nanjing), Ticket(seatNo=1754550335, startStation=shanghai, destStation=nanjing), Ticket(seatNo=1491838595, startStation=shanghai, destStation=nanjing), Ticket(seatNo=1330605393, startStation=shanghai, destStation=nanjing), Ticket(seatNo=226825480, startStation=shanghai, destStation=nanjing), Ticket(seatNo=1787175945, startStation=shanghai, destStation=nanjing), Ticket(seatNo=590443336, startStation=shanghai, destStation=nanjing), Ticket(seatNo=427944411, startStation=shanghai, destStation=nanjing), Ticket(seatNo=1638437656, startStation=shanghai, destStation=nanjing), Ticket(seatNo=1361381257, startStation=shanghai, destStation=nanjing), Ticket(seatNo=1482512162, startStation=shanghai, destStation=nanjing), Ticket(seatNo=400526011, startStation=shanghai, destStation=nanjing), Ticket(seatNo=1749342441, startStation=shanghai, destStation=nanjing), Ticket(seatNo=2117918027, startStation=shanghai, destStation=nanjing), Ticket(seatNo=654927142, startStation=shanghai, destStation=nanjing), Ticket(seatNo=1977897455, startStation=shanghai, destStation=nanjing), Ticket(seatNo=641977830, startStation=shanghai, destStation=nanjing), Ticket(seatNo=1021188806, startStation=shanghai, destStation=nanjing), Ticket(seatNo=1445935016, startStation=shanghai, destStation=nanjing), Ticket(seatNo=1452278883, startStation=shanghai, destStation=nanjing), Ticket(seatNo=830548221, startStation=shanghai, destStation=nanjing), Ticket(seatNo=1655441840, startStation=shanghai, destStation=nanjing), Ticket(seatNo=678340688, startStation=shanghai, destStation=nanjing), Ticket(seatNo=1682320147, startStation=shanghai, destStation=nanjing), Ticket(seatNo=1195341149, startStation=shanghai, destStation=nanjing), Ticket(seatNo=973914808, startStation=shanghai, destStation=nanjing), Ticket(seatNo=1217764195, startStation=shanghai, destStation=nanjing), Ticket(seatNo=837692558, startStation=shanghai, destStation=nanjing), Ticket(seatNo=1203709814, startStation=shanghai, destStation=nanjing), Ticket(seatNo=984361044, startStation=shanghai, destStation=nanjing), Ticket(seatNo=675974723, startStation=shanghai, destStation=nanjing), Ticket(seatNo=1490992938, startStation=shanghai, destStation=nanjing), Ticket(seatNo=1201160931, startStation=shanghai, destStation=nanjing), Ticket(seatNo=1435884154, startStation=shanghai, destStation=nanjing), Ticket(seatNo=1297551695, startStation=shanghai, destStation=nanjing), Ticket(seatNo=1664074534, startStation=shanghai, destStation=nanjing), Ticket(seatNo=1921728155, startStation=shanghai, destStation=nanjing), Ticket(seatNo=1137714160, startStation=shanghai, destStation=nanjing), Ticket(seatNo=1988971469, startStation=shanghai, destStation=nanjing), Ticket(seatNo=1018160513, startStation=shanghai, destStation=nanjing), Ticket(seatNo=1550917166, startStation=shanghai, destStation=nanjing), Ticket(seatNo=1894695695, startStation=shanghai, destStation=nanjing), Ticket(seatNo=784843623, startStation=shanghai, destStation=nanjing), Ticket(seatNo=1932732784, startStation=shanghai, destStation=nanjing), Ticket(seatNo=1565956437, startStation=shanghai, destStation=nanjing), Ticket(seatNo=249855326, startStation=shanghai, destStation=nanjing), Ticket(seatNo=77833908, startStation=shanghai, destStation=nanjing), Ticket(seatNo=64395763, startStation=shanghai, destStation=nanjing), Ticket(seatNo=781572303, startStation=shanghai, destStation=nanjing), Ticket(seatNo=1060217224, startStation=shanghai, destStation=nanjing), Ticket(seatNo=210817532, startStation=shanghai, destStation=nanjing), Ticket(seatNo=1587135411, startStation=shanghai, destStation=nanjing), Ticket(seatNo=862437816, startStation=shanghai, destStation=nanjing), Ticket(seatNo=348991760, startStation=shanghai, destStation=nanjing), Ticket(seatNo=1479280287, startStation=shanghai, destStation=nanjing), Ticket(seatNo=349038530, startStation=shanghai, destStation=nanjing), Ticket(seatNo=90480773, startStation=shanghai, destStation=nanjing), Ticket(seatNo=1465059263, startStation=shanghai, destStation=nanjing), Ticket(seatNo=985339747, startStation=shanghai, destStation=nanjing), Ticket(seatNo=1498460243, startStation=shanghai, destStation=nanjing), Ticket(seatNo=671507041, startStation=shanghai, destStation=nanjing), Ticket(seatNo=965174800, startStation=shanghai, destStation=nanjing), Ticket(seatNo=1841324996, startStation=shanghai, destStation=nanjing), Ticket(seatNo=1248601454, startStation=shanghai, destStation=nanjing), Ticket(seatNo=1901083814, startStation=shanghai, destStation=nanjing), Ticket(seatNo=2077341681, startStation=shanghai, destStation=nanjing), Ticket(seatNo=1207577891, startStation=shanghai, destStation=nanjing), Ticket(seatNo=1454446323, startStation=shanghai, destStation=nanjing), Ticket(seatNo=234766556, startStation=shanghai, destStation=nanjing), Ticket(seatNo=1726109987, startStation=shanghai, destStation=nanjing), Ticket(seatNo=317002893, startStation=shanghai, destStation=nanjing), Ticket(seatNo=1499460332, startStation=shanghai, destStation=nanjing), Ticket(seatNo=267587626, startStation=shanghai, destStation=nanjing), Ticket(seatNo=747527520, startStation=shanghai, destStation=nanjing), Ticket(seatNo=207584255, startStation=shanghai, destStation=nanjing), Ticket(seatNo=636497848, startStation=shanghai, destStation=nanjing), Ticket(seatNo=134621623, startStation=shanghai, destStation=nanjing), Ticket(seatNo=1143973252, startStation=shanghai, destStation=nanjing), Ticket(seatNo=1285506393, startStation=shanghai, destStation=nanjing), Ticket(seatNo=1318597280, startStation=shanghai, destStation=nanjing), Ticket(seatNo=2109276771, startStation=shanghai, destStation=nanjing), Ticket(seatNo=746347294, startStation=shanghai, destStation=nanjing), Ticket(seatNo=1636266694, startStation=shanghai, destStation=nanjing), Ticket(seatNo=538009141, startStation=shanghai, destStation=nanjing), Ticket(seatNo=1944586976, startStation=shanghai, destStation=nanjing), Ticket(seatNo=1320680614, startStation=shanghai, destStation=nanjing), Ticket(seatNo=142490066, startStation=shanghai, destStation=nanjing), Ticket(seatNo=252466715, startStation=shanghai, destStation=nanjing), Ticket(seatNo=1806446874, startStation=shanghai, destStation=nanjing), Ticket(seatNo=1743761737, startStation=shanghai, destStation=nanjing), Ticket(seatNo=610439616, startStation=shanghai, destStation=nanjing), Ticket(seatNo=76166607, startStation=shanghai, destStation=nanjing), Ticket(seatNo=1265135696, startStation=shanghai, destStation=nanjing), Ticket(seatNo=1177274309, startStation=shanghai, destStation=nanjing), Ticket(seatNo=746628462, startStation=shanghai, destStation=nanjing), Ticket(seatNo=573722729, startStation=shanghai, destStation=nanjing), Ticket(seatNo=940056408, startStation=shanghai, destStation=nanjing), Ticket(seatNo=202317050, startStation=shanghai, destStation=nanjing), Ticket(seatNo=221602851, startStation=shanghai, destStation=nanjing), Ticket(seatNo=1431476535, startStation=shanghai, destStation=nanjing), Ticket(seatNo=606888208, startStation=shanghai, destStation=nanjing), Ticket(seatNo=813377677, startStation=shanghai, destStation=nanjing), Ticket(seatNo=1592122745, startStation=shanghai, destStation=nanjing), Ticket(seatNo=2128153780, startStation=shanghai, destStation=nanjing), Ticket(seatNo=568784077, startStation=shanghai, destStation=nanjing), Ticket(seatNo=990332202, startStation=shanghai, destStation=nanjing), Ticket(seatNo=1969469614, startStation=shanghai, destStation=nanjing), Ticket(seatNo=1456285444, startStation=shanghai, destStation=nanjing), Ticket(seatNo=1785859166, startStation=shanghai, destStation=nanjing)]}]\n"",""stream"":""stdout"",""time"":""2025-06-06T09:22:51.152737043Z""}"
2025-06-06T09:22:51.148346129Z,1674984171148346129,33.33.33.155,ts-order-other-service-6cdbf9b4cc-h7mqk,server,9c7ee4bc2bc6191dc3a5fcd2505c7ab4,79b63e78f618708d,"{""log"":""17:22:51.147 INFO  o.c.OrderOtherController#42 TraceID: 9c7ee4bc2bc6191dc3a5fcd2505c7ab4 SpanID: 79b63e78f618708d [getSoldTickets][Get Sold Ticket][Travel Date: 2023-01-29]\n"",""stream"":""stdout"",""time"":""2025-06-06T09:22:51.148346129Z""}"
2025-06-06T09:22:51.069722931Z,1674984171069722931,33.33.33.155,ts-order-other-service-6cdbf9b4cc-h7mqk,server,9c7ee4bc2bc6191dc3a5fcd2505c7ab4,854a6bc5c966e987,"{""log"":""17:22:51.069 INFO  o.s.OrderOtherServiceImpl#67 TraceID: 9c7ee4bc2bc6191dc3a5fcd2505c7ab4 SpanID: 854a6bc5c966e987 [getSoldTickets][Left ticket info][info is: LeftTicketInfo{soldTickets=[Ticket(seatNo=388817927, startStation=shanghai, destStation=nanjing), Ticket(seatNo=512319188, startStation=shanghai, destStation=nanjing), Ticket(seatNo=650950163, startStation=shanghai, destStation=nanjing), Ticket(seatNo=1408310701, startStation=shanghai, destStation=nanjing), Ticket(seatNo=681456978, startStation=shanghai, destStation=nanjing), Ticket(seatNo=1278422345, startStation=shanghai, destStation=nanjing), Ticket(seatNo=113640569, startStation=shanghai, destStation=nanjing), Ticket(seatNo=1706091788, startStation=shanghai, destStation=nanjing), Ticket(seatNo=719931591, startStation=shanghai, destStation=nanjing), Ticket(seatNo=324348558, startStation=shanghai, destStation=nanjing), Ticket(seatNo=437134557, startStation=shanghai, destStation=nanjing), Ticket(seatNo=1180305654, startStation=shanghai, destStation=nanjing), Ticket(seatNo=218664224, startStation=shanghai, destStation=nanjing), Ticket(seatNo=1531256885, startStation=shanghai, destStation=nanjing), Ticket(seatNo=282865016, startStation=shanghai, destStation=nanjing), Ticket(seatNo=290573193, startStation=shanghai, destStation=nanjing), Ticket(seatNo=2091646075, startStation=shanghai, destStation=nanjing), Ticket(seatNo=1529246592, startStation=shanghai, destStation=nanjing), Ticket(seatNo=518358183, startStation=shanghai, destStation=nanjing), Ticket(seatNo=1578574107, startStation=shanghai, destStation=nanjing), Ticket(seatNo=864103707, startStation=shanghai, destStation=nanjing), Ticket(seatNo=1101722819, startStation=shanghai, destStation=nanjing), Ticket(seatNo=1110043211, startStation=shanghai, destStation=nanjing), Ticket(seatNo=2115304579, startStation=shanghai, destStation=nanjing), Ticket(seatNo=517895253, startStation=shanghai, destStation=nanjing), Ticket(seatNo=112374996, startStation=shanghai, destStation=nanjing), Ticket(seatNo=1222554072, startStation=shanghai, destStation=nanjing), Ticket(seatNo=1445221655, startStation=shanghai, destStation=nanjing), Ticket(seatNo=55335899, startStation=shanghai, destStation=nanjing), Ticket(seatNo=1402723531, startStation=shanghai, destStation=nanjing), Ticket(seatNo=520072209, startStation=shanghai, destStation=nanjing), Ticket(seatNo=1063924165, startStation=shanghai, destStation=nanjing), Ticket(seatNo=828062078, startStation=shanghai, destStation=nanjing), Ticket(seatNo=364950093, startStation=shanghai, destStation=nanjing), Ticket(seatNo=2090617881, startStation=shanghai, destStation=nanjing), Ticket(seatNo=1605189805, startStation=shanghai, destStation=nanjing), Ticket(seatNo=182083286, startStation=shanghai, destStation=nanjing), Ticket(seatNo=1956808479, startStation=shanghai, destStation=nanjing), Ticket(seatNo=1479771875, startStation=shanghai, destStation=nanjing), Ticket(seatNo=1340473816, startStation=shanghai, destStation=nanjing), Ticket(seatNo=2058528320, startStation=shanghai, destStation=nanjing), Ticket(seatNo=1862239339, startStation=shanghai, destStation=nanjing), Ticket(seatNo=756196424, startStation=shanghai, destStation=nanjing), Ticket(seatNo=1554210637, startStation=shanghai, destStation=nanjing), Ticket(seatNo=2131607583, startStation=shanghai, destStation=nanjing), Ticket(seatNo=1114945650, startStation=shanghai, destStation=nanjing), Ticket(seatNo=978840618, startStation=shanghai, destStation=nanjing), Ticket(seatNo=1696192204, startStation=shanghai, destStation=nanjing), Ticket(seatNo=159217444, startStation=shanghai, destStation=nanjing), Ticket(seatNo=1472397446, startStation=shanghai, destStation=nanjing), Ticket(seatNo=863762562, startStation=shanghai, destStation=nanjing), Ticket(seatNo=762240728, startStation=shanghai, destStation=nanjing), Ticket(seatNo=733090960, startStation=shanghai, destStation=nanjing), Ticket(seatNo=1385200790, startStation=shanghai, destStation=nanjing), Ticket(seatNo=1483334408, startStation=shanghai, destStation=nanjing), Ticket(seatNo=1230952670, startStation=shanghai, destStation=nanjing), Ticket(seatNo=1760486203, startStation=shanghai, destStation=nanjing), Ticket(seatNo=1631472666, startStation=shanghai, destStation=nanjing), Ticket(seatNo=882144838, startStation=shanghai, destStation=nanjing), Ticket(seatNo=210246843, startStation=shanghai, destStation=nanjing), Ticket(seatNo=427259238, startStation=shanghai, destStation=nanjing), Ticket(seatNo=1232572404, startStation=shanghai, destStation=nanjing), Ticket(seatNo=1304478712, startStation=shanghai, destStation=nanjing), Ticket(seatNo=2016232602, startStation=shanghai, destStation=nanjing), Ticket(seatNo=76670888, startStation=shanghai, destStation=nanjing), Ticket(seatNo=1754550335, startStation=shanghai, destStation=nanjing), Ticket(seatNo=1491838595, startStation=shanghai, destStation=nanjing), Ticket(seatNo=1330605393, startStation=shanghai, destStation=nanjing), Ticket(seatNo=226825480, startStation=shanghai, destStation=nanjing), Ticket(seatNo=1787175945, startStation=shanghai, destStation=nanjing), Ticket(seatNo=590443336, startStation=shanghai, destStation=nanjing), Ticket(seatNo=427944411, startStation=shanghai, destStation=nanjing), Ticket(seatNo=1638437656, startStation=shanghai, destStation=nanjing), Ticket(seatNo=1361381257, startStation=shanghai, destStation=nanjing), Ticket(seatNo=1482512162, startStation=shanghai, destStation=nanjing), Ticket(seatNo=400526011, startStation=shanghai, destStation=nanjing), Ticket(seatNo=1749342441, startStation=shanghai, destStation=nanjing), Ticket(seatNo=2117918027, startStation=shanghai, destStation=nanjing), Ticket(seatNo=654927142, startStation=shanghai, destStation=nanjing), Ticket(seatNo=1977897455, startStation=shanghai, destStation=nanjing), Ticket(seatNo=641977830, startStation=shanghai, destStation=nanjing), Ticket(seatNo=1021188806, startStation=shanghai, destStation=nanjing), Ticket(seatNo=1445935016, startStation=shanghai, destStation=nanjing), Ticket(seatNo=1452278883, startStation=shanghai, destStation=nanjing), Ticket(seatNo=830548221, startStation=shanghai, destStation=nanjing), Ticket(seatNo=1655441840, startStation=shanghai, destStation=nanjing), Ticket(seatNo=678340688, startStation=shanghai, destStation=nanjing), Ticket(seatNo=1682320147, startStation=shanghai, destStation=nanjing), Ticket(seatNo=1195341149, startStation=shanghai, destStation=nanjing), Ticket(seatNo=973914808, startStation=shanghai, destStation=nanjing), Ticket(seatNo=1217764195, startStation=shanghai, destStation=nanjing), Ticket(seatNo=837692558, startStation=shanghai, destStation=nanjing), Ticket(seatNo=1203709814, startStation=shanghai, destStation=nanjing), Ticket(seatNo=984361044, startStation=shanghai, destStation=nanjing), Ticket(seatNo=675974723, startStation=shanghai, destStation=nanjing), Ticket(seatNo=1490992938, startStation=shanghai, destStation=nanjing), Ticket(seatNo=1201160931, startStation=shanghai, destStation=nanjing), Ticket(seatNo=1435884154, startStation=shanghai, destStation=nanjing), Ticket(seatNo=1297551695, startStation=shanghai, destStation=nanjing), Ticket(seatNo=1664074534, startStation=shanghai, destStation=nanjing), Ticket(seatNo=1921728155, startStation=shanghai, destStation=nanjing), Ticket(seatNo=1137714160, startStation=shanghai, destStation=nanjing), Ticket(seatNo=1988971469, startStation=shanghai, destStation=nanjing), Ticket(seatNo=1018160513, startStation=shanghai, destStation=nanjing), Ticket(seatNo=1550917166, startStation=shanghai, destStation=nanjing), Ticket(seatNo=1894695695, startStation=shanghai, destStation=nanjing), Ticket(seatNo=784843623, startStation=shanghai, destStation=nanjing), Ticket(seatNo=1932732784, startStation=shanghai, destStation=nanjing), Ticket(seatNo=1565956437, startStation=shanghai, destStation=nanjing), Ticket(seatNo=249855326, startStation=shanghai, destStation=nanjing), Ticket(seatNo=77833908, startStation=shanghai, destStation=nanjing), Ticket(seatNo=64395763, startStation=shanghai, destStation=nanjing), Ticket(seatNo=781572303, startStation=shanghai, destStation=nanjing), Ticket(seatNo=1060217224, startStation=shanghai, destStation=nanjing), Ticket(seatNo=210817532, startStation=shanghai, destStation=nanjing), Ticket(seatNo=1587135411, startStation=shanghai, destStation=nanjing), Ticket(seatNo=862437816, startStation=shanghai, destStation=nanjing), Ticket(seatNo=348991760, startStation=shanghai, destStation=nanjing), Ticket(seatNo=1479280287, startStation=shanghai, destStation=nanjing), Ticket(seatNo=349038530, startStation=shanghai, destStation=nanjing), Ticket(seatNo=90480773, startStation=shanghai, destStation=nanjing), Ticket(seatNo=1465059263, startStation=shanghai, destStation=nanjing), Ticket(seatNo=985339747, startStation=shanghai, destStation=nanjing), Ticket(seatNo=1498460243, startStation=shanghai, destStation=nanjing), Ticket(seatNo=671507041, startStation=shanghai, destStation=nanjing), Ticket(seatNo=965174800, startStation=shanghai, destStation=nanjing), Ticket(seatNo=1841324996, startStation=shanghai, destStation=nanjing), Ticket(seatNo=1248601454, startStation=shanghai, destStation=nanjing), Ticket(seatNo=1901083814, startStation=shanghai, destStation=nanjing), Ticket(seatNo=2077341681, startStation=shanghai, destStation=nanjing), Ticket(seatNo=1207577891, startStation=shanghai, destStation=nanjing), Ticket(seatNo=1454446323, startStation=shanghai, destStation=nanjing), Ticket(seatNo=234766556, startStation=shanghai, destStation=nanjing), Ticket(seatNo=1726109987, startStation=shanghai, destStation=nanjing), Ticket(seatNo=317002893, startStation=shanghai, destStation=nanjing), Ticket(seatNo=1499460332, startStation=shanghai, destStation=nanjing), Ticket(seatNo=267587626, startStation=shanghai, destStation=nanjing), Ticket(seatNo=747527520, startStation=shanghai, destStation=nanjing), Ticket(seatNo=207584255, startStation=shanghai, destStation=nanjing), Ticket(seatNo=636497848, startStation=shanghai, destStation=nanjing), Ticket(seatNo=134621623, startStation=shanghai, destStation=nanjing), Ticket(seatNo=1143973252, startStation=shanghai, destStation=nanjing), Ticket(seatNo=1285506393, startStation=shanghai, destStation=nanjing), Ticket(seatNo=1318597280, startStation=shanghai, destStation=nanjing), Ticket(seatNo=2109276771, startStation=shanghai, destStation=nanjing), Ticket(seatNo=746347294, startStation=shanghai, destStation=nanjing), Ticket(seatNo=1636266694, startStation=shanghai, destStation=nanjing), Ticket(seatNo=538009141, startStation=shanghai, destStation=nanjing), Ticket(seatNo=1944586976, startStation=shanghai, destStation=nanjing), Ticket(seatNo=1320680614, startStation=shanghai, destStation=nanjing), Ticket(seatNo=142490066, startStation=shanghai, destStation=nanjing), Ticket(seatNo=252466715, startStation=shanghai, destStation=nanjing), Ticket(seatNo=1806446874, startStation=shanghai, destStation=nanjing), Ticket(seatNo=1743761737, startStation=shanghai, destStation=nanjing), Ticket(seatNo=610439616, startStation=shanghai, destStation=nanjing), Ticket(seatNo=76166607, startStation=shanghai, destStation=nanjing), Ticket(seatNo=1265135696, startStation=shanghai, destStation=nanjing), Ticket(seatNo=1177274309, startStation=shanghai, destStation=nanjing), Ticket(seatNo=746628462, startStation=shanghai, destStation=nanjing), Ticket(seatNo=573722729, startStation=shanghai, destStation=nanjing), Ticket(seatNo=940056408, startStation=shanghai, destStation=nanjing), Ticket(seatNo=202317050, startStation=shanghai, destStation=nanjing), Ticket(seatNo=221602851, startStation=shanghai, destStation=nanjing), Ticket(seatNo=1431476535, startStation=shanghai, destStation=nanjing), Ticket(seatNo=606888208, startStation=shanghai, destStation=nanjing), Ticket(seatNo=813377677, startStation=shanghai, destStation=nanjing), Ticket(seatNo=1592122745, startStation=shanghai, destStation=nanjing), Ticket(seatNo=2128153780, startStation=shanghai, destStation=nanjing), Ticket(seatNo=568784077, startStation=shanghai, destStation=nanjing), Ticket(seatNo=990332202, startStation=shanghai, destStation=nanjing), Ticket(seatNo=1969469614, startStation=shanghai, destStation=nanjing), Ticket(seatNo=1456285444, startStation=shanghai, destStation=nanjing), Ticket(seatNo=1785859166, startStation=shanghai, destStation=nanjing)]}]\n"",""stream"":""stdout"",""time"":""2025-06-06T09:22:51.069722931Z""}"
2025-06-06T09:22:51.065174857Z,1674984171065174857,33.33.33.155,ts-order-other-service-6cdbf9b4cc-h7mqk,server,9c7ee4bc2bc6191dc3a5fcd2505c7ab4,854a6bc5c966e987,"{""log"":""17:22:51.064 INFO  o.c.OrderOtherController#42 TraceID: 9c7ee4bc2bc6191dc3a5fcd2505c7ab4 SpanID: 854a6bc5c966e987 [getSoldTickets][Get Sold Ticket][Travel Date: 2023-01-29]\n"",""stream"":""stdout"",""time"":""2025-06-06T09:22:51.065174857Z""}"
2025-06-06T09:22:51.022773366Z,1674984171022773366,33.33.33.155,ts-order-other-service-6cdbf9b4cc-h7mqk,server,9c7ee4bc2bc6191dc3a5fcd2505c7ab4,0af2194f86295a52,"{""log"":""17:22:51.022 INFO  o.s.OrderOtherServiceImpl#67 TraceID: 9c7ee4bc2bc6191dc3a5fcd2505c7ab4 SpanID: 0af2194f86295a52 [getSoldTickets][Left ticket info][info is: LeftTicketInfo{soldTickets=[Ticket(seatNo=388817927, startStation=shanghai, destStation=nanjing), Ticket(seatNo=512319188, startStation=shanghai, destStation=nanjing), Ticket(seatNo=650950163, startStation=shanghai, destStation=nanjing), Ticket(seatNo=1408310701, startStation=shanghai, destStation=nanjing), Ticket(seatNo=681456978, startStation=shanghai, destStation=nanjing), Ticket(seatNo=1278422345, startStation=shanghai, destStation=nanjing), Ticket(seatNo=113640569, startStation=shanghai, destStation=nanjing), Ticket(seatNo=1706091788, startStation=shanghai, destStation=nanjing), Ticket(seatNo=719931591, startStation=shanghai, destStation=nanjing), Ticket(seatNo=324348558, startStation=shanghai, destStation=nanjing), Ticket(seatNo=437134557, startStation=shanghai, destStation=nanjing), Ticket(seatNo=1180305654, startStation=shanghai, destStation=nanjing), Ticket(seatNo=218664224, startStation=shanghai, destStation=nanjing), Ticket(seatNo=1531256885, startStation=shanghai, destStation=nanjing), Ticket(seatNo=282865016, startStation=shanghai, destStation=nanjing), Ticket(seatNo=290573193, startStation=shanghai, destStation=nanjing), Ticket(seatNo=2091646075, startStation=shanghai, destStation=nanjing), Ticket(seatNo=1529246592, startStation=shanghai, destStation=nanjing), Ticket(seatNo=518358183, startStation=shanghai, destStation=nanjing), Ticket(seatNo=1578574107, startStation=shanghai, destStation=nanjing), Ticket(seatNo=864103707, startStation=shanghai, destStation=nanjing), Ticket(seatNo=1101722819, startStation=shanghai, destStation=nanjing), Ticket(seatNo=1110043211, startStation=shanghai, destStation=nanjing), Ticket(seatNo=2115304579, startStation=shanghai, destStation=nanjing), Ticket(seatNo=517895253, startStation=shanghai, destStation=nanjing), Ticket(seatNo=112374996, startStation=shanghai, destStation=nanjing), Ticket(seatNo=1222554072, startStation=shanghai, destStation=nanjing), Ticket(seatNo=1445221655, startStation=shanghai, destStation=nanjing), Ticket(seatNo=55335899, startStation=shanghai, destStation=nanjing), Ticket(seatNo=1402723531, startStation=shanghai, destStation=nanjing), Ticket(seatNo=520072209, startStation=shanghai, destStation=nanjing), Ticket(seatNo=1063924165, startStation=shanghai, destStation=nanjing), Ticket(seatNo=828062078, startStation=shanghai, destStation=nanjing), Ticket(seatNo=364950093, startStation=shanghai, destStation=nanjing), Ticket(seatNo=2090617881, startStation=shanghai, destStation=nanjing), Ticket(seatNo=1605189805, startStation=shanghai, destStation=nanjing), Ticket(seatNo=182083286, startStation=shanghai, destStation=nanjing), Ticket(seatNo=1956808479, startStation=shanghai, destStation=nanjing), Ticket(seatNo=1479771875, startStation=shanghai, destStation=nanjing), Ticket(seatNo=1340473816, startStation=shanghai, destStation=nanjing), Ticket(seatNo=2058528320, startStation=shanghai, destStation=nanjing), Ticket(seatNo=1862239339, startStation=shanghai, destStation=nanjing), Ticket(seatNo=756196424, startStation=shanghai, destStation=nanjing), Ticket(seatNo=1554210637, startStation=shanghai, destStation=nanjing), Ticket(seatNo=2131607583, startStation=shanghai, destStation=nanjing), Ticket(seatNo=1114945650, startStation=shanghai, destStation=nanjing), Ticket(seatNo=978840618, startStation=shanghai, destStation=nanjing), Ticket(seatNo=1696192204, startStation=shanghai, destStation=nanjing), Ticket(seatNo=159217444, startStation=shanghai, destStation=nanjing), Ticket(seatNo=1472397446, startStation=shanghai, destStation=nanjing), Ticket(seatNo=863762562, startStation=shanghai, destStation=nanjing), Ticket(seatNo=762240728, startStation=shanghai, destStation=nanjing), Ticket(seatNo=733090960, startStation=shanghai, destStation=nanjing), Ticket(seatNo=1385200790, startStation=shanghai, destStation=nanjing), Ticket(seatNo=1483334408, startStation=shanghai, destStation=nanjing), Ticket(seatNo=1230952670, startStation=shanghai, destStation=nanjing), Ticket(seatNo=1760486203, startStation=shanghai, destStation=nanjing), Ticket(seatNo=1631472666, startStation=shanghai, destStation=nanjing), Ticket(seatNo=882144838, startStation=shanghai, destStation=nanjing), Ticket(seatNo=210246843, startStation=shanghai, destStation=nanjing), Ticket(seatNo=427259238, startStation=shanghai, destStation=nanjing), Ticket(seatNo=1232572404, startStation=shanghai, destStation=nanjing), Ticket(seatNo=1304478712, startStation=shanghai, destStation=nanjing), Ticket(seatNo=2016232602, startStation=shanghai, destStation=nanjing), Ticket(seatNo=76670888, startStation=shanghai, destStation=nanjing), Ticket(seatNo=1754550335, startStation=shanghai, destStation=nanjing), Ticket(seatNo=1491838595, startStation=shanghai, destStation=nanjing), Ticket(seatNo=1330605393, startStation=shanghai, destStation=nanjing), Ticket(seatNo=226825480, startStation=shanghai, destStation=nanjing), Ticket(seatNo=1787175945, startStation=shanghai, destStation=nanjing), Ticket(seatNo=590443336, startStation=shanghai, destStation=nanjing), Ticket(seatNo=427944411, startStation=shanghai, destStation=nanjing), Ticket(seatNo=1638437656, startStation=shanghai, destStation=nanjing), Ticket(seatNo=1361381257, startStation=shanghai, destStation=nanjing), Ticket(seatNo=1482512162, startStation=shanghai, destStation=nanjing), Ticket(seatNo=400526011, startStation=shanghai, destStation=nanjing), Ticket(seatNo=1749342441, startStation=shanghai, destStation=nanjing), Ticket(seatNo=2117918027, startStation=shanghai, destStation=nanjing), Ticket(seatNo=654927142, startStation=shanghai, destStation=nanjing), Ticket(seatNo=1977897455, startStation=shanghai, destStation=nanjing), Ticket(seatNo=641977830, startStation=shanghai, destStation=nanjing), Ticket(seatNo=1021188806, startStation=shanghai, destStation=nanjing), Ticket(seatNo=1445935016, startStation=shanghai, destStation=nanjing), Ticket(seatNo=1452278883, startStation=shanghai, destStation=nanjing), Ticket(seatNo=830548221, startStation=shanghai, destStation=nanjing), Ticket(seatNo=1655441840, startStation=shanghai, destStation=nanjing), Ticket(seatNo=678340688, startStation=shanghai, destStation=nanjing), Ticket(seatNo=1682320147, startStation=shanghai, destStation=nanjing), Ticket(seatNo=1195341149, startStation=shanghai, destStation=nanjing), Ticket(seatNo=973914808, startStation=shanghai, destStation=nanjing), Ticket(seatNo=1217764195, startStation=shanghai, destStation=nanjing), Ticket(seatNo=837692558, startStation=shanghai, destStation=nanjing), Ticket(seatNo=1203709814, startStation=shanghai, destStation=nanjing), Ticket(seatNo=984361044, startStation=shanghai, destStation=nanjing), Ticket(seatNo=675974723, startStation=shanghai, destStation=nanjing), Ticket(seatNo=1490992938, startStation=shanghai, destStation=nanjing), Ticket(seatNo=1201160931, startStation=shanghai, destStation=nanjing), Ticket(seatNo=1435884154, startStation=shanghai, destStation=nanjing), Ticket(seatNo=1297551695, startStation=shanghai, destStation=nanjing), Ticket(seatNo=1664074534, startStation=shanghai, destStation=nanjing), Ticket(seatNo=1921728155, startStation=shanghai, destStation=nanjing), Ticket(seatNo=1137714160, startStation=shanghai, destStation=nanjing), Ticket(seatNo=1988971469, startStation=shanghai, destStation=nanjing), Ticket(seatNo=1018160513, startStation=shanghai, destStation=nanjing), Ticket(seatNo=1550917166, startStation=shanghai, destStation=nanjing), Ticket(seatNo=1894695695, startStation=shanghai, destStation=nanjing), Ticket(seatNo=784843623, startStation=shanghai, destStation=nanjing), Ticket(seatNo=1932732784, startStation=shanghai, destStation=nanjing), Ticket(seatNo=1565956437, startStation=shanghai, destStation=nanjing), Ticket(seatNo=249855326, startStation=shanghai, destStation=nanjing), Ticket(seatNo=77833908, startStation=shanghai, destStation=nanjing), Ticket(seatNo=64395763, startStation=shanghai, destStation=nanjing), Ticket(seatNo=781572303, startStation=shanghai, destStation=nanjing), Ticket(seatNo=1060217224, startStation=shanghai, destStation=nanjing), Ticket(seatNo=210817532, startStation=shanghai, destStation=nanjing), Ticket(seatNo=1587135411, startStation=shanghai, destStation=nanjing), Ticket(seatNo=862437816, startStation=shanghai, destStation=nanjing), Ticket(seatNo=348991760, startStation=shanghai, destStation=nanjing), Ticket(seatNo=1479280287, startStation=shanghai, destStation=nanjing), Ticket(seatNo=349038530, startStation=shanghai, destStation=nanjing), Ticket(seatNo=90480773, startStation=shanghai, destStation=nanjing), Ticket(seatNo=1465059263, startStation=shanghai, destStation=nanjing), Ticket(seatNo=985339747, startStation=shanghai, destStation=nanjing), Ticket(seatNo=1498460243, startStation=shanghai, destStation=nanjing), Ticket(seatNo=671507041, startStation=shanghai, destStation=nanjing), Ticket(seatNo=965174800, startStation=shanghai, destStation=nanjing), Ticket(seatNo=1841324996, startStation=shanghai, destStation=nanjing), Ticket(seatNo=1248601454, startStation=shanghai, destStation=nanjing), Ticket(seatNo=1901083814, startStation=shanghai, destStation=nanjing), Ticket(seatNo=2077341681, startStation=shanghai, destStation=nanjing), Ticket(seatNo=1207577891, startStation=shanghai, destStation=nanjing), Ticket(seatNo=1454446323, startStation=shanghai, destStation=nanjing), Ticket(seatNo=234766556, startStation=shanghai, destStation=nanjing), Ticket(seatNo=1726109987, startStation=shanghai, destStation=nanjing), Ticket(seatNo=317002893, startStation=shanghai, destStation=nanjing), Ticket(seatNo=1499460332, startStation=shanghai, destStation=nanjing), Ticket(seatNo=267587626, startStation=shanghai, destStation=nanjing), Ticket(seatNo=747527520, startStation=shanghai, destStation=nanjing), Ticket(seatNo=207584255, startStation=shanghai, destStation=nanjing), Ticket(seatNo=636497848, startStation=shanghai, destStation=nanjing), Ticket(seatNo=134621623, startStation=shanghai, destStation=nanjing), Ticket(seatNo=1143973252, startStation=shanghai, destStation=nanjing), Ticket(seatNo=1285506393, startStation=shanghai, destStation=nanjing), Ticket(seatNo=1318597280, startStation=shanghai, destStation=nanjing), Ticket(seatNo=2109276771, startStation=shanghai, destStation=nanjing), Ticket(seatNo=746347294, startStation=shanghai, destStation=nanjing), Ticket(seatNo=1636266694, startStation=shanghai, destStation=nanjing), Ticket(seatNo=538009141, startStation=shanghai, destStation=nanjing), Ticket(seatNo=1944586976, startStation=shanghai, destStation=nanjing), Ticket(seatNo=1320680614, startStation=shanghai, destStation=nanjing), Ticket(seatNo=142490066, startStation=shanghai, destStation=nanjing), Ticket(seatNo=252466715, startStation=shanghai, destStation=nanjing), Ticket(seatNo=1806446874, startStation=shanghai, destStation=nanjing), Ticket(seatNo=1743761737, startStation=shanghai, destStation=nanjing), Ticket(seatNo=610439616, startStation=shanghai, destStation=nanjing), Ticket(seatNo=76166607, startStation=shanghai, destStation=nanjing), Ticket(seatNo=1265135696, startStation=shanghai, destStation=nanjing), Ticket(seatNo=1177274309, startStation=shanghai, destStation=nanjing), Ticket(seatNo=746628462, startStation=shanghai, destStation=nanjing), Ticket(seatNo=573722729, startStation=shanghai, destStation=nanjing), Ticket(seatNo=940056408, startStation=shanghai, destStation=nanjing), Ticket(seatNo=202317050, startStation=shanghai, destStation=nanjing), Ticket(seatNo=221602851, startStation=shanghai, destStation=nanjing), Ticket(seatNo=1431476535, startStation=shanghai, destStation=nanjing), Ticket(seatNo=606888208, startStation=shanghai, destStation=nanjing), Ticket(seatNo=813377677, startStation=shanghai, destStation=nanjing), Ticket(seatNo=1592122745, startStation=shanghai, destStation=nanjing), Ticket(seatNo=2128153780, startStation=shanghai, destStation=nanjing), Ticket(seatNo=568784077, startStation=shanghai, destStation=nanjing), Ticket(seatNo=990332202, startStation=shanghai, destStation=nanjing), Ticket(seatNo=1969469614, startStation=shanghai, destStation=nanjing), Ticket(seatNo=1456285444, startStation=shanghai, destStation=nanjing), Ticket(seatNo=1785859166, startStation=shanghai, destStation=nanjing)]}]\n"",""stream"":""stdout"",""time"":""2025-06-06T09:22:51.022773366Z""}"
2025-06-06T09:22:51.018528612Z,1674984171018528612,33.33.33.155,ts-order-other-service-6cdbf9b4cc-h7mqk,server,9c7ee4bc2bc6191dc3a5fcd2505c7ab4,0af2194f86295a52,"{""log"":""17:22:51.018 INFO  o.c.OrderOtherController#42 TraceID: 9c7ee4bc2bc6191dc3a5fcd2505c7ab4 SpanID: 0af2194f86295a52 [getSoldTickets][Get Sold Ticket][Travel Date: 2023-01-29]\n"",""stream"":""stdout"",""time"":""2025-06-06T09:22:51.018528612Z""}"
2025-06-06T09:22:50.933009113Z,1674984170933009113,33.33.33.155,ts-order-other-service-6cdbf9b4cc-h7mqk,server,9c7ee4bc2bc6191dc3a5fcd2505c7ab4,40f7d9d50d3d8be9,"{""log"":""17:22:50.932 INFO  o.c.OrderOtherController#118 TraceID: 9c7ee4bc2bc6191dc3a5fcd2505c7ab4 SpanID: 40f7d9d50d3d8be9 [checkSecurityAboutOrder][Security Info Get][CheckDate:Sun Jan 29 17:22:50 CST 2023 , AccountId:4d2a46c7-71cb-4cf1-b5bb-b68406d9da6f]\n"",""stream"":""stdout"",""time"":""2025-06-06T09:22:50.933009113Z""}"
2025-06-06T09:22:51.220566332Z,1674984171220566332,33.33.33.155,ts-food-service-f5756978c-k8vqf,server,9c7ee4bc2bc6191dc3a5fcd2505c7ab4,c1844f843d0a236d,"{""log"":""17:22:51.220 INFO  f.s.FoodServiceImpl#143 TraceID: 9c7ee4bc2bc6191dc3a5fcd2505c7ab4 SpanID: c1844f843d0a236d [createFoodOrder][AddFoodOrder][delivery info send to mq][delivery info: {\""orderId\"":\""f0a59a13-2603-4b6e-b948-df296b847e25\"",\""foodName\"":\""Soup\"",\""storeName\"":\""Roman Holiday\"",\""stationName\"":\""Su Zhou\""}]\n"",""stream"":""stdout"",""time"":""2025-06-06T09:22:51.220566332Z""}"
2025-06-06T09:22:51.220037904Z,1674984171220037904,33.33.33.155,ts-food-service-f5756978c-k8vqf,server,9c7ee4bc2bc6191dc3a5fcd2505c7ab4,c1844f843d0a236d,"{""log"":""17:22:51.219 INFO  f.mq.RabbitSend#20 TraceID: 9c7ee4bc2bc6191dc3a5fcd2505c7ab4 SpanID: c1844f843d0a236d Send info to mq:{\""orderId\"":\""f0a59a13-2603-4b6e-b948-df296b847e25\"",\""foodName\"":\""Soup\"",\""storeName\"":\""Roman Holiday\"",\""stationName\"":\""Su Zhou\""}\n"",""stream"":""stdout"",""time"":""2025-06-06T09:22:51.220037904Z""}"
2025-06-06T09:22:51.2191643Z,1674984171219164300,33.33.33.155,ts-food-service-f5756978c-k8vqf,server,9c7ee4bc2bc6191dc3a5fcd2505c7ab4,c1844f843d0a236d,"{""log"":""17:22:51.218 INFO  f.s.FoodServiceImpl#132 TraceID: 9c7ee4bc2bc6191dc3a5fcd2505c7ab4 SpanID: c1844f843d0a236d [createFoodOrder][AddFoodOrder Success]\n"",""stream"":""stdout"",""time"":""2025-06-06T09:22:51.2191643Z""}"
2025-06-06T09:22:51.2120148Z,1674984171212014800,33.33.33.155,ts-food-service-f5756978c-k8vqf,server,9c7ee4bc2bc6191dc3a5fcd2505c7ab4,c1844f843d0a236d,"{""log"":""17:22:51.211 INFO  f.c.FoodController#58 TraceID: 9c7ee4bc2bc6191dc3a5fcd2505c7ab4 SpanID: c1844f843d0a236d [createFoodOrder][Try to Create a FoodOrder!]\n"",""stream"":""stdout"",""time"":""2025-06-06T09:22:51.2120148Z""}"
2025-06-06T09:22:51.230648552Z,1674984171230648552,33.33.33.76,ts-delivery-service-7d97b69596-lmsfv,server,9c7ee4bc2bc6191dc3a5fcd2505c7ab4,f300a9ddff8bffbb,"{""log"":""17:22:51.230 INFO  d.m.RabbitReceive#52 TraceID: 9c7ee4bc2bc6191dc3a5fcd2505c7ab4 SpanID: f300a9ddff8bffbb [process][Save delivery object into database success]\n"",""stream"":""stdout"",""time"":""2025-06-06T09:22:51.230648552Z""}"
2025-06-06T09:22:51.223939582Z,1674984171223939582,33.33.33.76,ts-delivery-service-7d97b69596-lmsfv,server,9c7ee4bc2bc6191dc3a5fcd2505c7ab4,f300a9ddff8bffbb,"{""log"":""17:22:51.223 INFO  d.m.RabbitReceive#44 TraceID: 9c7ee4bc2bc6191dc3a5fcd2505c7ab4 SpanID: f300a9ddff8bffbb [process][Receive delivery object][delivery object: {}]Delivery(id=null, orderId=f0a59a13-2603-4b6e-b948-df296b847e25, foodName=Soup, storeName=Roman Holiday, stationName=Su Zhou)\n"",""stream"":""stdout"",""time"":""2025-06-06T09:22:51.223939582Z""}"
2025-06-06T09:22:51.222761759Z,1674984171222761759,33.33.33.76,ts-delivery-service-7d97b69596-lmsfv,server,9c7ee4bc2bc6191dc3a5fcd2505c7ab4,f300a9ddff8bffbb,"{""log"":""17:22:51.222 INFO  d.m.RabbitReceive#37 TraceID: 9c7ee4bc2bc6191dc3a5fcd2505c7ab4 SpanID: f300a9ddff8bffbb [process][Delivery service]\n"",""stream"":""stdout"",""time"":""2025-06-06T09:22:51.222761759Z""}"
2025-06-06T09:22:50.956697926Z,1674984170956697926,33.33.33.79,ts-contacts-service-866bd68c97-xcqfx,server,9c7ee4bc2bc6191dc3a5fcd2505c7ab4,8a29bc74a1b0a623,"{""log"":""17:22:50.955 INFO  c.s.ContactsServiceImpl#34 TraceID: 9c7ee4bc2bc6191dc3a5fcd2505c7ab4 SpanID: 8a29bc74a1b0a623 [findContactsById][contactsRepository.findById][Find contacts]\n"",""stream"":""stdout"",""time"":""2025-06-06T09:22:50.956697926Z""}"
2025-06-06T09:22:50.95083196Z,1674984170950831960,33.33.33.79,ts-contacts-service-866bd68c97-xcqfx,server,9c7ee4bc2bc6191dc3a5fcd2505c7ab4,8a29bc74a1b0a623,"{""log"":""17:22:50.950 INFO  c.s.ContactsServiceImpl#31 TraceID: 9c7ee4bc2bc6191dc3a5fcd2505c7ab4 SpanID: 8a29bc74a1b0a623 FIND CONTACTS BY ID: 415d1665-fbb2-4ec9-83f5-5ebe51dc1825\n"",""stream"":""stdout"",""time"":""2025-06-06T09:22:50.95083196Z""}"
2025-06-06T09:22:50.950450712Z,1674984170950450712,33.33.33.79,ts-contacts-service-866bd68c97-xcqfx,server,9c7ee4bc2bc6191dc3a5fcd2505c7ab4,8a29bc74a1b0a623,"{""log"":""17:22:50.949 INFO  c.c.ContactsController#84 TraceID: 9c7ee4bc2bc6191dc3a5fcd2505c7ab4 SpanID: 8a29bc74a1b0a623 [ContactsService][VerifyLogin Success]\n"",""stream"":""stdout"",""time"":""2025-06-06T09:22:50.950450712Z""}"
2025-06-06T09:22:50.950123881Z,1674984170950123881,33.33.33.79,ts-contacts-service-866bd68c97-xcqfx,server,9c7ee4bc2bc6191dc3a5fcd2505c7ab4,8a29bc74a1b0a623,"{""log"":""17:22:50.949 INFO  c.c.ContactsController#83 TraceID: 9c7ee4bc2bc6191dc3a5fcd2505c7ab4 SpanID: 8a29bc74a1b0a623 [ContactsService][Contacts Id Print][id: 415d1665-fbb2-4ec9-83f5-5ebe51dc1825]\n"",""stream"":""stdout"",""time"":""2025-06-06T09:22:50.950123881Z""}"
2025-06-06T09:22:51.089735207Z,1674984171089735207,33.33.33.115,ts-config-service-5fcd447d84-wxwjd,server,9c7ee4bc2bc6191dc3a5fcd2505c7ab4,78dcffd2d3f46efd,"{""log"":""17:22:51.089 INFO  c.s.ConfigServiceImpl#65 TraceID: 9c7ee4bc2bc6191dc3a5fcd2505c7ab4 SpanID: 78dcffd2d3f46efd [query][Query config success][config name: DirectTicketAllocationProportion]\n"",""stream"":""stdout"",""time"":""2025-06-06T09:22:51.089735207Z""}"
2025-06-06T09:22:51.088835964Z,1674984171088835964,33.33.33.115,ts-config-service-5fcd447d84-wxwjd,server,9c7ee4bc2bc6191dc3a5fcd2505c7ab4,78dcffd2d3f46efd,"{""log"":""17:22:51.088 INFO  c.c.ConfigController#67 TraceID: 9c7ee4bc2bc6191dc3a5fcd2505c7ab4 SpanID: 78dcffd2d3f46efd [retrieve][Retrieve config][configName: DirectTicketAllocationProportion]\n"",""stream"":""stdout"",""time"":""2025-06-06T09:22:51.088835964Z""}"
2025-06-06T09:22:51.030429735Z,1674984171030429735,33.33.33.115,ts-config-service-5fcd447d84-wxwjd,server,9c7ee4bc2bc6191dc3a5fcd2505c7ab4,725f3eb4eb7325a6,"{""log"":""17:22:51.030 INFO  c.s.ConfigServiceImpl#65 TraceID: 9c7ee4bc2bc6191dc3a5fcd2505c7ab4 SpanID: 725f3eb4eb7325a6 [query][Query config success][config name: DirectTicketAllocationProportion]\n"",""stream"":""stdout"",""time"":""2025-06-06T09:22:51.030429735Z""}"
2025-06-06T09:22:51.029481858Z,1674984171029481858,33.33.33.115,ts-config-service-5fcd447d84-wxwjd,server,9c7ee4bc2bc6191dc3a5fcd2505c7ab4,725f3eb4eb7325a6,"{""log"":""17:22:51.029 INFO  c.c.ConfigController#67 TraceID: 9c7ee4bc2bc6191dc3a5fcd2505c7ab4 SpanID: 725f3eb4eb7325a6 [retrieve][Retrieve config][configName: DirectTicketAllocationProportion]\n"",""stream"":""stdout"",""time"":""2025-06-06T09:22:51.029481858Z""}"
2025-06-06T09:22:51.137516364Z,1674984171137516364,33.33.33.76,ts-basic-service-5dc8d4f9fd-46997,server,9c7ee4bc2bc6191dc3a5fcd2505c7ab4,0f54d202d23797ce,"{""log"":""17:22:51.137 INFO  f.m.s.BasicServiceImpl#119 TraceID: 9c7ee4bc2bc6191dc3a5fcd2505c7ab4 SpanID: 0f54d202d23797ce [queryForTravel][all done][result: TravelResult(status=true, percent=1.0, trainType=TrainType(id=e24bb484-516a-4aad-b37f-517e7139e913, name=ZhiDa, economyClass=2147483647, confortClass=2147483647, averageSpeed=120), route=Route(id=0b23bd3e-876a-4af3-b920-c50a90c90b04, stations=[shanghai, nanjing, shijiazhuang, taiyuan], distances=[0, 350, 1000, 1300], startStation=shanghai, endStation=taiyuan), prices={confortClass=350.0, economyClass=122.49999999999999})]\n"",""stream"":""stdout"",""time"":""2025-06-06T09:22:51.137516364Z""}"
2025-06-06T09:22:51.137284727Z,1674984171137284727,33.33.33.76,ts-basic-service-5dc8d4f9fd-46997,server,9c7ee4bc2bc6191dc3a5fcd2505c7ab4,0f54d202d23797ce,"{""log"":""17:22:51.137 INFO  f.m.s.BasicServiceImpl#100 TraceID: 9c7ee4bc2bc6191dc3a5fcd2505c7ab4 SpanID: 0f54d202d23797ce [queryForTravel][calculate price]\n"",""stream"":""stdout"",""time"":""2025-06-06T09:22:51.137284727Z""}"
2025-06-06T09:22:51.136949227Z,1674984171136949227,33.33.33.76,ts-basic-service-5dc8d4f9fd-46997,server,9c7ee4bc2bc6191dc3a5fcd2505c7ab4,0f54d202d23797ce,"{""log"":""17:22:51.136 INFO  f.m.s.BasicServiceImpl#454 TraceID: 9c7ee4bc2bc6191dc3a5fcd2505c7ab4 SpanID: 0f54d202d23797ce [queryPriceConfigByRouteIdAndTrainType][Response Resutl to String][result: Response(status=1, msg=Success, data={id=b90a6ad7-ffad-4624-9655-48e9e185fa6c, trainType=ZhiDa, routeId=0b23bd3e-876a-4af3-b920-c50a90c90b04, basicPriceRate=0.35, firstClassPriceRate=1.0})]\n"",""stream"":""stdout"",""time"":""2025-06-06T09:22:51.136949227Z""}"
2025-06-06T09:22:51.129145062Z,1674984171129145062,33.33.33.76,ts-basic-service-5dc8d4f9fd-46997,server,9c7ee4bc2bc6191dc3a5fcd2505c7ab4,0f54d202d23797ce,"{""log"":""17:22:51.128 INFO  f.m.s.BasicServiceImpl#444 TraceID: 9c7ee4bc2bc6191dc3a5fcd2505c7ab4 SpanID: 0f54d202d23797ce [queryPriceConfigByRouteIdAndTrainType][Query For Price Config][RouteId: 0b23bd3e-876a-4af3-b920-c50a90c90b04 ,TrainType: ZhiDa]\n"",""stream"":""stdout"",""time"":""2025-06-06T09:22:51.129145062Z""}"
2025-06-06T09:22:51.128993312Z,1674984171128993312,33.33.33.76,ts-basic-service-5dc8d4f9fd-46997,server,9c7ee4bc2bc6191dc3a5fcd2505c7ab4,0f54d202d23797ce,"{""log"":""17:22:51.128 INFO  f.m.s.BasicServiceImpl#90 TraceID: 9c7ee4bc2bc6191dc3a5fcd2505c7ab4 SpanID: 0f54d202d23797ce [queryForTravel][query stations and distances][stations: [shanghai, nanjing, shijiazhuang, taiyuan] distances: [0, 350, 1000, 1300]]\n"",""stream"":""stdout"",""time"":""2025-06-06T09:22:51.128993312Z""}"
2025-06-06T09:22:51.128788312Z,1674984171128788312,33.33.33.76,ts-basic-service-5dc8d4f9fd-46997,server,9c7ee4bc2bc6191dc3a5fcd2505c7ab4,0f54d202d23797ce,"{""log"":""17:22:51.128 INFO  f.m.s.BasicServiceImpl#89 TraceID: 9c7ee4bc2bc6191dc3a5fcd2505c7ab4 SpanID: 0f54d202d23797ce [queryForTravel][query start index and end index][indexStart: 0 indexEnd: 1]\n"",""stream"":""stdout"",""time"":""2025-06-06T09:22:51.128788312Z""}"
2025-06-06T09:22:51.128338681Z,1674984171128338681,33.33.33.76,ts-basic-service-5dc8d4f9fd-46997,server,9c7ee4bc2bc6191dc3a5fcd2505c7ab4,0f54d202d23797ce,"{""log"":""17:22:51.128 INFO  f.m.s.BasicServiceImpl#438 TraceID: 9c7ee4bc2bc6191dc3a5fcd2505c7ab4 SpanID: 0f54d202d23797ce [getRouteByRouteId][Get Route By Id][Success]\n"",""stream"":""stdout"",""time"":""2025-06-06T09:22:51.128338681Z""}"
2025-06-06T09:22:51.116424568Z,1674984171116424568,33.33.33.76,ts-basic-service-5dc8d4f9fd-46997,server,9c7ee4bc2bc6191dc3a5fcd2505c7ab4,0f54d202d23797ce,"{""log"":""17:22:51.116 INFO  f.m.s.BasicServiceImpl#425 TraceID: 9c7ee4bc2bc6191dc3a5fcd2505c7ab4 SpanID: 0f54d202d23797ce [getRouteByRouteId][Get Route By Id][Route ID: 0b23bd3e-876a-4af3-b920-c50a90c90b04]\n"",""stream"":""stdout"",""time"":""2025-06-06T09:22:51.116424568Z""}"
2025-06-06T09:22:51.109087352Z,1674984171109087352,33.33.33.76,ts-basic-service-5dc8d4f9fd-46997,server,9c7ee4bc2bc6191dc3a5fcd2505c7ab4,0f54d202d23797ce,"{""log"":""17:22:51.108 INFO  f.m.s.BasicServiceImpl#391 TraceID: 9c7ee4bc2bc6191dc3a5fcd2505c7ab4 SpanID: 0f54d202d23797ce [queryTrainTypeByName][Query Train Type][Train Type name: ZhiDa]\n"",""stream"":""stdout"",""time"":""2025-06-06T09:22:51.109087352Z""}"
2025-06-06T09:22:51.106313313Z,1674984171106313313,33.33.33.76,ts-basic-service-5dc8d4f9fd-46997,server,9c7ee4bc2bc6191dc3a5fcd2505c7ab4,0f54d202d23797ce,"{""log"":""17:22:51.106 INFO  f.m.s.BasicServiceImpl#360 TraceID: 9c7ee4bc2bc6191dc3a5fcd2505c7ab4 SpanID: 0f54d202d23797ce [checkStationExists][Check Station Exists][stationName: nanjing]\n"",""stream"":""stdout"",""time"":""2025-06-06T09:22:51.106313313Z""}"
2025-06-06T09:22:51.101996695Z,1674984171101996695,33.33.33.76,ts-basic-service-5dc8d4f9fd-46997,server,9c7ee4bc2bc6191dc3a5fcd2505c7ab4,0f54d202d23797ce,"{""log"":""17:22:51.101 INFO  f.m.s.BasicServiceImpl#360 TraceID: 9c7ee4bc2bc6191dc3a5fcd2505c7ab4 SpanID: 0f54d202d23797ce [checkStationExists][Check Station Exists][stationName: shanghai]\n"",""stream"":""stdout"",""time"":""2025-06-06T09:22:51.101996695Z""}"
2025-06-06T09:22:51.101870815Z,1674984171101870815,33.33.33.76,ts-basic-service-5dc8d4f9fd-46997,server,9c7ee4bc2bc6191dc3a5fcd2505c7ab4,0f54d202d23797ce,"{""log"":""17:22:51.101 INFO  f.m.c.BasicController#38 TraceID: 9c7ee4bc2bc6191dc3a5fcd2505c7ab4 SpanID: 0f54d202d23797ce [queryForTravel][Query for travel][Travel: Travel(trip=Trip(id=8a533bf9-bd12-4608-a8eb-606890982448, tripId=Z1234, trainTypeName=ZhiDa, routeId=0b23bd3e-876a-4af3-b920-c50a90c90b04, startStationName=shanghai, stationsName=nanjing, terminalStationName=beijing, startTime=2013-05-04 09:51:52, endTime=2013-05-04 15:51:52), startPlace=shanghai, endPlace=nanjing, departureTime=2023-01-29 17:22:51)]\n"",""stream"":""stdout"",""time"":""2025-06-06T09:22:51.101870815Z""}"
2025-06-06T09:22:51.009404307Z,1674984171009404307,33.33.33.76,ts-basic-service-5dc8d4f9fd-46997,server,9c7ee4bc2bc6191dc3a5fcd2505c7ab4,22b6b16cc20be6ee,"{""log"":""17:22:51.009 INFO  f.m.s.BasicServiceImpl#119 TraceID: 9c7ee4bc2bc6191dc3a5fcd2505c7ab4 SpanID: 22b6b16cc20be6ee [queryForTravel][all done][result: TravelResult(status=true, percent=1.0, trainType=TrainType(id=e24bb484-516a-4aad-b37f-517e7139e913, name=ZhiDa, economyClass=2147483647, confortClass=2147483647, averageSpeed=120), route=Route(id=0b23bd3e-876a-4af3-b920-c50a90c90b04, stations=[shanghai, nanjing, shijiazhuang, taiyuan], distances=[0, 350, 1000, 1300], startStation=shanghai, endStation=taiyuan), prices={confortClass=350.0, economyClass=122.49999999999999})]\n"",""stream"":""stdout"",""time"":""2025-06-06T09:22:51.009404307Z""}"
2025-06-06T09:22:51.009234209Z,1674984171009234209,33.33.33.76,ts-basic-service-5dc8d4f9fd-46997,server,9c7ee4bc2bc6191dc3a5fcd2505c7ab4,22b6b16cc20be6ee,"{""log"":""17:22:51.009 INFO  f.m.s.BasicServiceImpl#100 TraceID: 9c7ee4bc2bc6191dc3a5fcd2505c7ab4 SpanID: 22b6b16cc20be6ee [queryForTravel][calculate price]\n"",""stream"":""stdout"",""time"":""2025-06-06T09:22:51.009234209Z""}"
2025-06-06T09:22:51.008936978Z,1674984171008936978,33.33.33.76,ts-basic-service-5dc8d4f9fd-46997,server,9c7ee4bc2bc6191dc3a5fcd2505c7ab4,22b6b16cc20be6ee,"{""log"":""17:22:51.008 INFO  f.m.s.BasicServiceImpl#454 TraceID: 9c7ee4bc2bc6191dc3a5fcd2505c7ab4 SpanID: 22b6b16cc20be6ee [queryPriceConfigByRouteIdAndTrainType][Response Resutl to String][result: Response(status=1, msg=Success, data={id=b90a6ad7-ffad-4624-9655-48e9e185fa6c, trainType=ZhiDa, routeId=0b23bd3e-876a-4af3-b920-c50a90c90b04, basicPriceRate=0.35, firstClassPriceRate=1.0})]\n"",""stream"":""stdout"",""time"":""2025-06-06T09:22:51.008936978Z""}"
2025-06-06T09:22:51.001471531Z,1674984171001471531,33.33.33.76,ts-basic-service-5dc8d4f9fd-46997,server,9c7ee4bc2bc6191dc3a5fcd2505c7ab4,22b6b16cc20be6ee,"{""log"":""17:22:51.001 INFO  f.m.s.BasicServiceImpl#444 TraceID: 9c7ee4bc2bc6191dc3a5fcd2505c7ab4 SpanID: 22b6b16cc20be6ee [queryPriceConfigByRouteIdAndTrainType][Query For Price Config][RouteId: 0b23bd3e-876a-4af3-b920-c50a90c90b04 ,TrainType: ZhiDa]\n"",""stream"":""stdout"",""time"":""2025-06-06T09:22:51.001471531Z""}"
2025-06-06T09:22:51.001345538Z,1674984171001345538,33.33.33.76,ts-basic-service-5dc8d4f9fd-46997,server,9c7ee4bc2bc6191dc3a5fcd2505c7ab4,22b6b16cc20be6ee,"{""log"":""17:22:51.001 INFO  f.m.s.BasicServiceImpl#90 TraceID: 9c7ee4bc2bc6191dc3a5fcd2505c7ab4 SpanID: 22b6b16cc20be6ee [queryForTravel][query stations and distances][stations: [shanghai, nanjing, shijiazhuang, taiyuan] distances: [0, 350, 1000, 1300]]\n"",""stream"":""stdout"",""time"":""2025-06-06T09:22:51.001345538Z""}"
2025-06-06T09:22:51.001218234Z,1674984171001218234,33.33.33.76,ts-basic-service-5dc8d4f9fd-46997,server,9c7ee4bc2bc6191dc3a5fcd2505c7ab4,22b6b16cc20be6ee,"{""log"":""17:22:51.000 INFO  f.m.s.BasicServiceImpl#89 TraceID: 9c7ee4bc2bc6191dc3a5fcd2505c7ab4 SpanID: 22b6b16cc20be6ee [queryForTravel][query start index and end index][indexStart: 0 indexEnd: 1]\n"",""stream"":""stdout"",""time"":""2025-06-06T09:22:51.001218234Z""}"
2025-06-06T09:22:51.000814661Z,1674984171000814661,33.33.33.76,ts-basic-service-5dc8d4f9fd-46997,server,9c7ee4bc2bc6191dc3a5fcd2505c7ab4,22b6b16cc20be6ee,"{""log"":""17:22:51.000 INFO  f.m.s.BasicServiceImpl#438 TraceID: 9c7ee4bc2bc6191dc3a5fcd2505c7ab4 SpanID: 22b6b16cc20be6ee [getRouteByRouteId][Get Route By Id][Success]\n"",""stream"":""stdout"",""time"":""2025-06-06T09:22:51.000814661Z""}"
2025-06-06T09:22:50.983979751Z,1674984170983979751,33.33.33.76,ts-basic-service-5dc8d4f9fd-46997,server,9c7ee4bc2bc6191dc3a5fcd2505c7ab4,22b6b16cc20be6ee,"{""log"":""17:22:50.983 INFO  f.m.s.BasicServiceImpl#425 TraceID: 9c7ee4bc2bc6191dc3a5fcd2505c7ab4 SpanID: 22b6b16cc20be6ee [getRouteByRouteId][Get Route By Id][Route ID: 0b23bd3e-876a-4af3-b920-c50a90c90b04]\n"",""stream"":""stdout"",""time"":""2025-06-06T09:22:50.983979751Z""}"
2025-06-06T09:22:50.97666383Z,1674984170976663830,33.33.33.76,ts-basic-service-5dc8d4f9fd-46997,server,9c7ee4bc2bc6191dc3a5fcd2505c7ab4,22b6b16cc20be6ee,"{""log"":""17:22:50.976 INFO  f.m.s.BasicServiceImpl#391 TraceID: 9c7ee4bc2bc6191dc3a5fcd2505c7ab4 SpanID: 22b6b16cc20be6ee [queryTrainTypeByName][Query Train Type][Train Type name: ZhiDa]\n"",""stream"":""stdout"",""time"":""2025-06-06T09:22:50.97666383Z""}"
2025-06-06T09:22:50.97364597Z,1674984170973645970,33.33.33.76,ts-basic-service-5dc8d4f9fd-46997,server,9c7ee4bc2bc6191dc3a5fcd2505c7ab4,22b6b16cc20be6ee,"{""log"":""17:22:50.973 INFO  f.m.s.BasicServiceImpl#360 TraceID: 9c7ee4bc2bc6191dc3a5fcd2505c7ab4 SpanID: 22b6b16cc20be6ee [checkStationExists][Check Station Exists][stationName: nanjing]\n"",""stream"":""stdout"",""time"":""2025-06-06T09:22:50.97364597Z""}"
2025-06-06T09:22:50.968596121Z,1674984170968596121,33.33.33.76,ts-basic-service-5dc8d4f9fd-46997,server,9c7ee4bc2bc6191dc3a5fcd2505c7ab4,22b6b16cc20be6ee,"{""log"":""17:22:50.968 INFO  f.m.s.BasicServiceImpl#360 TraceID: 9c7ee4bc2bc6191dc3a5fcd2505c7ab4 SpanID: 22b6b16cc20be6ee [checkStationExists][Check Station Exists][stationName: shanghai]\n"",""stream"":""stdout"",""time"":""2025-06-06T09:22:50.968596121Z""}"
2025-06-06T09:22:50.968494681Z,1674984170968494681,33.33.33.76,ts-basic-service-5dc8d4f9fd-46997,server,9c7ee4bc2bc6191dc3a5fcd2505c7ab4,22b6b16cc20be6ee,"{""log"":""17:22:50.967 INFO  f.m.c.BasicController#38 TraceID: 9c7ee4bc2bc6191dc3a5fcd2505c7ab4 SpanID: 22b6b16cc20be6ee [queryForTravel][Query for travel][Travel: Travel(trip=Trip(id=8a533bf9-bd12-4608-a8eb-606890982448, tripId=Z1234, trainTypeName=ZhiDa, routeId=0b23bd3e-876a-4af3-b920-c50a90c90b04, startStationName=shanghai, stationsName=nanjing, terminalStationName=beijing, startTime=2013-05-04 09:51:52, endTime=2013-05-04 15:51:52), startPlace=shanghai, endPlace=nanjing, departureTime=2023-01-29)]\n"",""stream"":""stdout"",""time"":""2025-06-06T09:22:50.968494681Z""}"
2025-06-06T09:22:44.312516012Z,1674984164312516012,33.33.33.76,ts-user-service-687d654649-lrcwv,server,52c313f89955b70f9214e11aefde04ba,b3f264607d053da5,"{""log"":""17:22:44.312 INFO  u.c.UserController#48 TraceID: 52c313f89955b70f9214e11aefde04ba SpanID: b3f264607d053da5 [getUserByUserId][Get user by user id][UserId: 4d2a46c7-71cb-4cf1-b5bb-b68406d9da6f]\n"",""stream"":""stdout"",""time"":""2025-06-06T09:22:44.312516012Z""}"
2025-06-06T09:22:44.039321883Z,1674984164039321883,33.33.33.167,ts-travel2-service-5c66d57d58-6mp2b,server,52c313f89955b70f9214e11aefde04ba,01a482fc57e39619,"{""log"":""17:22:44.039 INFO  t.s.TravelServiceImpl#372 TraceID: 52c313f89955b70f9214e11aefde04ba SpanID: 01a482fc57e39619 [getTickets][Calculate distance][calculate time：175  time: Sat May 04 12:46:52 CST 2013]\n"",""stream"":""stdout"",""time"":""2025-06-06T09:22:44.039321883Z""}"
2025-06-06T09:22:44.039173367Z,1674984164039173367,33.33.33.167,ts-travel2-service-5c66d57d58-6mp2b,server,52c313f89955b70f9214e11aefde04ba,01a482fc57e39619,"{""log"":""17:22:44.038 INFO  t.s.TravelServiceImpl#366 TraceID: 52c313f89955b70f9214e11aefde04ba SpanID: 01a482fc57e39619 [getTickets][Calculate distance][calculate time：0  time: Sat May 04 09:51:52 CST 2013]\n"",""stream"":""stdout"",""time"":""2025-06-06T09:22:44.039173367Z""}"
2025-06-06T09:22:44.039058291Z,1674984164039058291,33.33.33.167,ts-travel2-service-5c66d57d58-6mp2b,server,52c313f89955b70f9214e11aefde04ba,01a482fc57e39619,"{""log"":""17:22:44.038 INFO  t.s.TravelServiceImpl#469 TraceID: 52c313f89955b70f9214e11aefde04ba SpanID: 01a482fc57e39619 [getRestTicketNumber][Get Rest tickets num][num is: Response(status=1, msg=Get Left Ticket of Internal Success, data=1073741651)]\n"",""stream"":""stdout"",""time"":""2025-06-06T09:22:44.039058291Z""}"
2025-06-06T09:22:43.794600672Z,1674984163794600672,33.33.33.167,ts-travel2-service-5c66d57d58-6mp2b,server,52c313f89955b70f9214e11aefde04ba,01a482fc57e39619,"{""log"":""17:22:43.794 INFO  t.s.TravelServiceImpl#459 TraceID: 52c313f89955b70f9214e11aefde04ba SpanID: 01a482fc57e39619 [getRestTicketNumber][Seat request][request: Seat(travelDate=2023-01-29, trainNumber=Z1234, startStation=shanghai, destStation=nanjing, seatType=3, totalNum=2147483647, stations=[shanghai, nanjing, shijiazhuang, taiyuan])]\n"",""stream"":""stdout"",""time"":""2025-06-06T09:22:43.794600672Z""}"
2025-06-06T09:22:43.794402175Z,1674984163794402175,33.33.33.167,ts-travel2-service-5c66d57d58-6mp2b,server,52c313f89955b70f9214e11aefde04ba,01a482fc57e39619,"{""log"":""17:22:43.793 INFO  t.s.TravelServiceImpl#469 TraceID: 52c313f89955b70f9214e11aefde04ba SpanID: 01a482fc57e39619 [getRestTicketNumber][Get Rest tickets num][num is: Response(status=1, msg=Get Left Ticket of Internal Success, data=1073741651)]\n"",""stream"":""stdout"",""time"":""2025-06-06T09:22:43.794402175Z""}"
2025-06-06T09:22:43.75737015Z,1674984163757370150,33.33.33.167,ts-travel2-service-5c66d57d58-6mp2b,server,52c313f89955b70f9214e11aefde04ba,01a482fc57e39619,"{""log"":""17:22:43.756 INFO  t.s.TravelServiceImpl#459 TraceID: 52c313f89955b70f9214e11aefde04ba SpanID: 01a482fc57e39619 [getRestTicketNumber][Seat request][request: Seat(travelDate=2023-01-29, trainNumber=Z1234, startStation=shanghai, destStation=nanjing, seatType=2, totalNum=2147483647, stations=[shanghai, nanjing, shijiazhuang, taiyuan])]\n"",""stream"":""stdout"",""time"":""2025-06-06T09:22:43.75737015Z""}"
2025-06-06T09:22:43.703366178Z,1674984163703366178,33.33.33.167,ts-travel2-service-5c66d57d58-6mp2b,server,52c313f89955b70f9214e11aefde04ba,01a482fc57e39619,"{""log"":""17:22:43.702 INFO  t.c.Travel2Controller#129 TraceID: 52c313f89955b70f9214e11aefde04ba SpanID: 01a482fc57e39619 [getTripAllDetailInfo][Get trip detail][TripId: Z1234]\n"",""stream"":""stdout"",""time"":""2025-06-06T09:22:43.703366178Z""}"
2025-06-06T09:22:44.05790869Z,1674984164057908690,33.33.33.79,ts-train-service-86f5f97bc9-dkqmf,server,52c313f89955b70f9214e11aefde04ba,c9fe0f25b1aab37c,"{""log"":""17:22:44.056 INFO  t.c.TrainController#60 TraceID: 52c313f89955b70f9214e11aefde04ba SpanID: c9fe0f25b1aab37c [retrieveByName][Retrieve train][TrainTypeName: ZhiDa]\n"",""stream"":""stdout"",""time"":""2025-06-06T09:22:44.05790869Z""}"
2025-06-06T09:22:43.719716374Z,1674984163719716374,33.33.33.79,ts-train-service-86f5f97bc9-dkqmf,server,52c313f89955b70f9214e11aefde04ba,a8fa136bd956e054,"{""log"":""17:22:43.718 INFO  t.c.TrainController#60 TraceID: 52c313f89955b70f9214e11aefde04ba SpanID: a8fa136bd956e054 [retrieveByName][Retrieve train][TrainTypeName: ZhiDa]\n"",""stream"":""stdout"",""time"":""2025-06-06T09:22:43.719716374Z""}"
2025-06-06T09:22:44.052364262Z,1674984164052364262,33.33.33.76,ts-station-service-7f4f5f6f77-5qb6j,server,52c313f89955b70f9214e11aefde04ba,14a18bf7076bfc0e,"{""log"":""17:22:44.052 INFO  f.m.c.StationController#63 TraceID: 52c313f89955b70f9214e11aefde04ba SpanID: 14a18bf7076bfc0e [queryForId][Query for station id][StationName: nanjing]\n"",""stream"":""stdout"",""time"":""2025-06-06T09:22:44.052364262Z""}"
2025-06-06T09:22:44.04861696Z,1674984164048616960,33.33.33.76,ts-station-service-7f4f5f6f77-5qb6j,server,52c313f89955b70f9214e11aefde04ba,ef9421f1ec85e87b,"{""log"":""17:22:44.048 INFO  f.m.c.StationController#63 TraceID: 52c313f89955b70f9214e11aefde04ba SpanID: ef9421f1ec85e87b [queryForId][Query for station id][StationName: shanghai]\n"",""stream"":""stdout"",""time"":""2025-06-06T09:22:44.04861696Z""}"
2025-06-06T09:22:43.714013074Z,1674984163714013074,33.33.33.76,ts-station-service-7f4f5f6f77-5qb6j,server,52c313f89955b70f9214e11aefde04ba,f0b45539bdaed3bc,"{""log"":""17:22:43.713 INFO  f.m.c.StationController#63 TraceID: 52c313f89955b70f9214e11aefde04ba SpanID: f0b45539bdaed3bc [queryForId][Query for station id][StationName: nanjing]\n"",""stream"":""stdout"",""time"":""2025-06-06T09:22:43.714013074Z""}"
2025-06-06T09:22:43.710279784Z,1674984163710279784,33.33.33.76,ts-station-service-7f4f5f6f77-5qb6j,server,52c313f89955b70f9214e11aefde04ba,aa853e37c4568917,"{""log"":""17:22:43.709 INFO  f.m.c.StationController#63 TraceID: 52c313f89955b70f9214e11aefde04ba SpanID: aa853e37c4568917 [queryForId][Query for station id][StationName: shanghai]\n"",""stream"":""stdout"",""time"":""2025-06-06T09:22:43.710279784Z""}"
2025-06-06T09:22:43.682198976Z,1674984163682198976,33.33.33.115,ts-security-service-cb9788d56-mrzv2,ts-security-service,52c313f89955b70f9214e11aefde04ba,7c760f22befd7064,"{""log"":""17:22:43.681 INFO  s.s.SecurityServiceImpl#119 TraceID: 52c313f89955b70f9214e11aefde04ba SpanID: 7c760f22befd7064 [check][Max][Max In One Hour: 2147483647  Max Not Use: 2147483647]\n"",""stream"":""stdout"",""time"":""2025-06-06T09:22:43.682198976Z""}"
2025-06-06T09:22:43.6795156Z,1674984163679515600,33.33.33.115,ts-security-service-cb9788d56-mrzv2,ts-security-service,52c313f89955b70f9214e11aefde04ba,7c760f22befd7064,"{""log"":""17:22:43.679 INFO  s.s.SecurityServiceImpl#156 TraceID: 52c313f89955b70f9214e11aefde04ba SpanID: 7c760f22befd7064 [getSecurityOrderOtherInfoFromOrder][Get Order Other Info For Security][Last One Hour: 173  Total Valid Order: 116]\n"",""stream"":""stdout"",""time"":""2025-06-06T09:22:43.6795156Z""}"
2025-06-06T09:22:43.671744956Z,1674984163671744956,33.33.33.115,ts-security-service-cb9788d56-mrzv2,ts-security-service,52c313f89955b70f9214e11aefde04ba,7c760f22befd7064,"{""log"":""17:22:43.671 INFO  s.s.SecurityServiceImpl#141 TraceID: 52c313f89955b70f9214e11aefde04ba SpanID: 7c760f22befd7064 [getSecurityOrderInfoFromOrder][Get Order Info For Security][Last One Hour: 323  Total Valid Order: 161]\n"",""stream"":""stdout"",""time"":""2025-06-06T09:22:43.671744956Z""}"
2025-06-06T09:22:43.660492719Z,1674984163660492719,33.33.33.115,ts-security-service-cb9788d56-mrzv2,ts-security-service,52c313f89955b70f9214e11aefde04ba,7c760f22befd7064,"{""log"":""17:22:43.660 INFO  s.c.SecurityController#62 TraceID: 52c313f89955b70f9214e11aefde04ba SpanID: 7c760f22befd7064 [check][Check Security][Check Account Id: 4d2a46c7-71cb-4cf1-b5bb-b68406d9da6f]\n"",""stream"":""stdout"",""time"":""2025-06-06T09:22:43.660492719Z""}"
2025-06-06T09:22:44.114539273Z,1674984164114539273,33.33.33.82,ts-seat-service-5c95b49cff-tdsdz,server,52c313f89955b70f9214e11aefde04ba,f1bb40acf6370e35,"{""log"":""17:22:44.113 INFO  s.s.SeatServiceImpl#114 TraceID: 52c313f89955b70f9214e11aefde04ba SpanID: f1bb40acf6370e35 [distributeSeat][Assign new tickets][Use a new seat number][seat number:1452278883]\n"",""stream"":""stdout"",""time"":""2025-06-06T09:22:44.114539273Z""}"
2025-06-06T09:22:44.11420733Z,1674984164114207330,33.33.33.82,ts-seat-service-5c95b49cff-tdsdz,server,52c313f89955b70f9214e11aefde04ba,f1bb40acf6370e35,"{""log"":""17:22:44.113 INFO  s.s.SeatServiceImpl#79 TraceID: 52c313f89955b70f9214e11aefde04ba SpanID: f1bb40acf6370e35 [distributeSeat][Left ticket info][info is : Response(status=1, msg=Success, data=LeftTicketInfo{soldTickets=[Ticket(seatNo=388817927, startStation=shanghai, destStation=nanjing), Ticket(seatNo=512319188, startStation=shanghai, destStation=nanjing), Ticket(seatNo=650950163, startStation=shanghai, destStation=nanjing), Ticket(seatNo=1408310701, startStation=shanghai, destStation=nanjing), Ticket(seatNo=681456978, startStation=shanghai, destStation=nanjing), Ticket(seatNo=1278422345, startStation=shanghai, destStation=nanjing), Ticket(seatNo=113640569, startStation=shanghai, destStation=nanjing), Ticket(seatNo=1706091788, startStation=shanghai, destStation=nanjing), Ticket(seatNo=719931591, startStation=shanghai, destStation=nanjing), Ticket(seatNo=324348558, startStation=shanghai, destStation=nanjing), Ticket(seatNo=437134557, startStation=shanghai, destStation=nanjing), Ticket(seatNo=1180305654, startStation=shanghai, destStation=nanjing), Ticket(seatNo=218664224, startStation=shanghai, destStation=nanjing), Ticket(seatNo=1531256885, startStation=shanghai, destStation=nanjing), Ticket(seatNo=282865016, startStation=shanghai, destStation=nanjing), Ticket(seatNo=290573193, startStation=shanghai, destStation=nanjing), Ticket(seatNo=2091646075, startStation=shanghai, destStation=nanjing), Ticket(seatNo=1529246592, startStation=shanghai, destStation=nanjing), Ticket(seatNo=518358183, startStation=shanghai, destStation=nanjing), Ticket(seatNo=1578574107, startStation=shanghai, destStation=nanjing), Ticket(seatNo=864103707, startStation=shanghai, destStation=nanjing), Ticket(seatNo=1101722819, startStation=shanghai, destStation=nanjing), Ticket(seatNo=1110043211, startStation=shanghai, destStation=nanjing), Ticket(seatNo=2115304579, startStation=shanghai, destStation=nanjing), Ticket(seatNo=517895253, startStation=shanghai, destStation=nanjing), Ticket(seatNo=112374996, startStation=shanghai, destStation=nanjing), Ticket(seatNo=1222554072, startStation=shanghai, destStation=nanjing), Ticket(seatNo=1445221655, startStation=shanghai, destStation=nanjing), Ticket(seatNo=55335899, startStation=shanghai, destStation=nanjing), Ticket(seatNo=1402723531, startStation=shanghai, destStation=nanjing), Ticket(seatNo=520072209, startStation=shanghai, destStation=nanjing), Ticket(seatNo=1063924165, startStation=shanghai, destStation=nanjing), Ticket(seatNo=828062078, startStation=shanghai, destStation=nanjing), Ticket(seatNo=364950093, startStation=shanghai, destStation=nanjing), Ticket(seatNo=2090617881, startStation=shanghai, destStation=nanjing), Ticket(seatNo=1605189805, startStation=shanghai, destStation=nanjing), Ticket(seatNo=182083286, startStation=shanghai, destStation=nanjing), Ticket(seatNo=1956808479, startStation=shanghai, destStation=nanjing), Ticket(seatNo=1479771875, startStation=shanghai, destStation=nanjing), Ticket(seatNo=1340473816, startStation=shanghai, destStation=nanjing), Ticket(seatNo=2058528320, startStation=shanghai, destStation=nanjing), Ticket(seatNo=1862239339, startStation=shanghai, destStation=nanjing), Ticket(seatNo=756196424, startStation=shanghai, destStation=nanjing), Ticket(seatNo=1554210637, startStation=shanghai, destStation=nanjing), Ticket(seatNo=2131607583, startStation=shanghai, destStation=nanjing), Ticket(seatNo=1114945650, startStation=shanghai, destStation=nanjing), Ticket(seatNo=978840618, startStation=shanghai, destStation=nanjing), Ticket(seatNo=1696192204, startStation=shanghai, destStation=nanjing), Ticket(seatNo=159217444, startStation=shanghai, destStation=nanjing), Ticket(seatNo=1472397446, startStation=shanghai, destStation=nanjing), Ticket(seatNo=863762562, startStation=shanghai, destStation=nanjing), Ticket(seatNo=762240728, startStation=shanghai, destStation=nanjing), Ticket(seatNo=733090960, startStation=shanghai, destStation=nanjing), Ticket(seatNo=1385200790, startStation=shanghai, destStation=nanjing), Ticket(seatNo=1483334408, startStation=shanghai, destStation=nanjing), Ticket(seatNo=1230952670, startStation=shanghai, destStation=nanjing), Ticket(seatNo=1760486203, startStation=shanghai, destStation=nanjing), Ticket(seatNo=1631472666, startStation=shanghai, destStation=nanjing), Ticket(seatNo=882144838, startStation=shanghai, destStation=nanjing), Ticket(seatNo=210246843, startStation=shanghai, destStation=nanjing), Ticket(seatNo=427259238, startStation=shanghai, destStation=nanjing), Ticket(seatNo=1232572404, startStation=shanghai, destStation=nanjing), Ticket(seatNo=1304478712, startStation=shanghai, destStation=nanjing), Ticket(seatNo=2016232602, startStation=shanghai, destStation=nanjing), Ticket(seatNo=76670888, startStation=shanghai, destStation=nanjing), Ticket(seatNo=1754550335, startStation=shanghai, destStation=nanjing), Ticket(seatNo=1491838595, startStation=shanghai, destStation=nanjing), Ticket(seatNo=1330605393, startStation=shanghai, destStation=nanjing), Ticket(seatNo=226825480, startStation=shanghai, destStation=nanjing), Ticket(seatNo=1787175945, startStation=shanghai, destStation=nanjing), Ticket(seatNo=590443336, startStation=shanghai, destStation=nanjing), Ticket(seatNo=427944411, startStation=shanghai, destStation=nanjing), Ticket(seatNo=1638437656, startStation=shanghai, destStation=nanjing), Ticket(seatNo=1361381257, startStation=shanghai, destStation=nanjing), Ticket(seatNo=1482512162, startStation=shanghai, destStation=nanjing), Ticket(seatNo=400526011, startStation=shanghai, destStation=nanjing), Ticket(seatNo=1749342441, startStation=shanghai, destStation=nanjing), Ticket(seatNo=2117918027, startStation=shanghai, destStation=nanjing), Ticket(seatNo=654927142, startStation=shanghai, destStation=nanjing), Ticket(seatNo=1977897455, startStation=shanghai, destStation=nanjing), Ticket(seatNo=641977830, startStation=shanghai, destStation=nanjing), Ticket(seatNo=1021188806, startStation=shanghai, destStation=nanjing), Ticket(seatNo=1445935016, startStation=shanghai, destStation=nanjing), Ticket(seatNo=830548221, startStation=shanghai, destStation=nanjing), Ticket(seatNo=1655441840, startStation=shanghai, destStation=nanjing), Ticket(seatNo=678340688, startStation=shanghai, destStation=nanjing), Ticket(seatNo=1682320147, startStation=shanghai, destStation=nanjing), Ticket(seatNo=1195341149, startStation=shanghai, destStation=nanjing), Ticket(seatNo=973914808, startStation=shanghai, destStation=nanjing), Ticket(seatNo=1217764195, startStation=shanghai, destStation=nanjing), Ticket(seatNo=837692558, startStation=shanghai, destStation=nanjing), Ticket(seatNo=1203709814, startStation=shanghai, destStation=nanjing), Ticket(seatNo=984361044, startStation=shanghai, destStation=nanjing), Ticket(seatNo=675974723, startStation=shanghai, destStation=nanjing), Ticket(seatNo=1490992938, startStation=shanghai, destStation=nanjing), Ticket(seatNo=1201160931, startStation=shanghai, destStation=nanjing), Ticket(seatNo=1435884154, startStation=shanghai, destStation=nanjing), Ticket(seatNo=1297551695, startStation=shanghai, destStation=nanjing), Ticket(seatNo=1664074534, startStation=shanghai, destStation=nanjing), Ticket(seatNo=1921728155, startStation=shanghai, destStation=nanjing), Ticket(seatNo=1137714160, startStation=shanghai, destStation=nanjing), Ticket(seatNo=1988971469, startStation=shanghai, destStation=nanjing), Ticket(seatNo=1018160513, startStation=shanghai, destStation=nanjing), Ticket(seatNo=1550917166, startStation=shanghai, destStation=nanjing), Ticket(seatNo=1894695695, startStation=shanghai, destStation=nanjing), Ticket(seatNo=784843623, startStation=shanghai, destStation=nanjing), Ticket(seatNo=1932732784, startStation=shanghai, destStation=nanjing), Ticket(seatNo=1565956437, startStation=shanghai, destStation=nanjing), Ticket(seatNo=249855326, startStation=shanghai, destStation=nanjing), Ticket(seatNo=77833908, startStation=shanghai, destStation=nanjing), Ticket(seatNo=64395763, startStation=shanghai, destStation=nanjing), Ticket(seatNo=781572303, startStation=shanghai, destStation=nanjing), Ticket(seatNo=1060217224, startStation=shanghai, destStation=nanjing), Ticket(seatNo=210817532, startStation=shanghai, destStation=nanjing), Ticket(seatNo=1587135411, startStation=shanghai, destStation=nanjing), Ticket(seatNo=862437816, startStation=shanghai, destStation=nanjing), Ticket(seatNo=348991760, startStation=shanghai, destStation=nanjing), Ticket(seatNo=1479280287, startStation=shanghai, destStation=nanjing), Ticket(seatNo=349038530, startStation=shanghai, destStation=nanjing), Ticket(seatNo=90480773, startStation=shanghai, destStation=nanjing), Ticket(seatNo=1465059263, startStation=shanghai, destStation=nanjing), Ticket(seatNo=985339747, startStation=shanghai, destStation=nanjing), Ticket(seatNo=1498460243, startStation=shanghai, destStation=nanjing), Ticket(seatNo=671507041, startStation=shanghai, destStation=nanjing), Ticket(seatNo=965174800, startStation=shanghai, destStation=nanjing), Ticket(seatNo=1841324996, startStation=shanghai, destStation=nanjing), Ticket(seatNo=1248601454, startStation=shanghai, destStation=nanjing), Ticket(seatNo=1901083814, startStation=shanghai, destStation=nanjing), Ticket(seatNo=2077341681, startStation=shanghai, destStation=nanjing), Ticket(seatNo=1207577891, startStation=shanghai, destStation=nanjing), Ticket(seatNo=1454446323, startStation=shanghai, destStation=nanjing), Ticket(seatNo=234766556, startStation=shanghai, destStation=nanjing), Ticket(seatNo=1726109987, startStation=shanghai, destStation=nanjing), Ticket(seatNo=317002893, startStation=shanghai, destStation=nanjing), Ticket(seatNo=1499460332, startStation=shanghai, destStation=nanjing), Ticket(seatNo=267587626, startStation=shanghai, destStation=nanjing), Ticket(seatNo=747527520, startStation=shanghai, destStation=nanjing), Ticket(seatNo=207584255, startStation=shanghai, destStation=nanjing), Ticket(seatNo=636497848, startStation=shanghai, destStation=nanjing), Ticket(seatNo=134621623, startStation=shanghai, destStation=nanjing), Ticket(seatNo=1143973252, startStation=shanghai, destStation=nanjing), Ticket(seatNo=1285506393, startStation=shanghai, destStation=nanjing), Ticket(seatNo=1318597280, startStation=shanghai, destStation=nanjing), Ticket(seatNo=2109276771, startStation=shanghai, destStation=nanjing), Ticket(seatNo=746347294, startStation=shanghai, destStation=nanjing), Ticket(seatNo=1636266694, startStation=shanghai, destStation=nanjing), Ticket(seatNo=538009141, startStation=shanghai, destStation=nanjing), Ticket(seatNo=1944586976, startStation=shanghai, destStation=nanjing), Ticket(seatNo=1320680614, startStation=shanghai, destStation=nanjing), Ticket(seatNo=142490066, startStation=shanghai, destStation=nanjing), Ticket(seatNo=252466715, startStation=shanghai, destStation=nanjing), Ticket(seatNo=1806446874, startStation=shanghai, destStation=nanjing), Ticket(seatNo=1743761737, startStation=shanghai, destStation=nanjing), Ticket(seatNo=610439616, startStation=shanghai, destStation=nanjing), Ticket(seatNo=76166607, startStation=shanghai, destStation=nanjing), Ticket(seatNo=1265135696, startStation=shanghai, destStation=nanjing), Ticket(seatNo=1177274309, startStation=shanghai, destStation=nanjing), Ticket(seatNo=746628462, startStation=shanghai, destStation=nanjing), Ticket(seatNo=573722729, startStation=shanghai, destStation=nanjing), Ticket(seatNo=940056408, startStation=shanghai, destStation=nanjing), Ticket(seatNo=202317050, startStation=shanghai, destStation=nanjing), Ticket(seatNo=221602851, startStation=shanghai, destStation=nanjing), Ticket(seatNo=1431476535, startStation=shanghai, destStation=nanjing), Ticket(seatNo=606888208, startStation=shanghai, destStation=nanjing), Ticket(seatNo=813377677, startStation=shanghai, destStation=nanjing), Ticket(seatNo=1592122745, startStation=shanghai, destStation=nanjing), Ticket(seatNo=2128153780, startStation=shanghai, destStation=nanjing), Ticket(seatNo=568784077, startStation=shanghai, destStation=nanjing), Ticket(seatNo=990332202, startStation=shanghai, destStation=nanjing), Ticket(seatNo=1969469614, startStation=shanghai, destStation=nanjing), Ticket(seatNo=1456285444, startStation=shanghai, destStation=nanjing), Ticket(seatNo=1785859166, startStation=shanghai, destStation=nanjing)]})]\n"",""stream"":""stdout"",""time"":""2025-06-06T09:22:44.11420733Z""}"
2025-06-06T09:22:44.091143399Z,1674984164091143399,33.33.33.82,ts-seat-service-5c95b49cff-tdsdz,server,52c313f89955b70f9214e11aefde04ba,f1bb40acf6370e35,"{""log"":""17:22:44.090 INFO  s.s.SeatServiceImpl#69 TraceID: 52c313f89955b70f9214e11aefde04ba SpanID: f1bb40acf6370e35 [distributeSeat][TrainNumber start][Other Capital Except D and G]\n"",""stream"":""stdout"",""time"":""2025-06-06T09:22:44.091143399Z""}"
2025-06-06T09:22:44.09077978Z,1674984164090779780,33.33.33.82,ts-seat-service-5c95b49cff-tdsdz,server,52c313f89955b70f9214e11aefde04ba,f1bb40acf6370e35,"{""log"":""17:22:44.090 INFO  s.c.SeatController#41 TraceID: 52c313f89955b70f9214e11aefde04ba SpanID: f1bb40acf6370e35 [distributeSeat][Create seat][TravelDate: 2023-01-29,TrainNumber: Z1234,SeatType: 3]\n"",""stream"":""stdout"",""time"":""2025-06-06T09:22:44.09077978Z""}"
2025-06-06T09:22:44.036493997Z,1674984164036493997,33.33.33.82,ts-seat-service-5c95b49cff-tdsdz,server,52c313f89955b70f9214e11aefde04ba,6dc07c226d4cb4b8,"{""log"":""17:22:44.036 INFO  s.s.SeatServiceImpl#217 TraceID: 52c313f89955b70f9214e11aefde04ba SpanID: 6dc07c226d4cb4b8 [getDirectProportion][Configs is : Config(name=DirectTicketAllocationProportion, value=0.5, description=Allocation Proportion Of The Direct Ticket - From Start To End)]\n"",""stream"":""stdout"",""time"":""2025-06-06T09:22:44.036493997Z""}"
2025-06-06T09:22:44.030650373Z,1674984164030650373,33.33.33.82,ts-seat-service-5c95b49cff-tdsdz,server,52c313f89955b70f9214e11aefde04ba,6dc07c226d4cb4b8,"{""log"":""17:22:44.029 INFO  s.s.SeatServiceImpl#166 TraceID: 52c313f89955b70f9214e11aefde04ba SpanID: 6dc07c226d4cb4b8 [getLeftTicketOfInterval][Get Order tickets result][result is \u003c200,Response(status=1, msg=Success, data=LeftTicketInfo{soldTickets=[Ticket(seatNo=388817927, startStation=shanghai, destStation=nanjing), Ticket(seatNo=512319188, startStation=shanghai, destStation=nanjing), Ticket(seatNo=650950163, startStation=shanghai, destStation=nanjing), Ticket(seatNo=1408310701, startStation=shanghai, destStation=nanjing), Ticket(seatNo=681456978, startStation=shanghai, destStation=nanjing), Ticket(seatNo=1278422345, startStation=shanghai, destStation=nanjing), Ticket(seatNo=113640569, startStation=shanghai, destStation=nanjing), Ticket(seatNo=1706091788, startStation=shanghai, destStation=nanjing), Ticket(seatNo=719931591, startStation=shanghai, destStation=nanjing), Ticket(seatNo=324348558, startStation=shanghai, destStation=nanjing), Ticket(seatNo=437134557, startStation=shanghai, destStation=nanjing), Ticket(seatNo=1180305654, startStation=shanghai, destStation=nanjing), Ticket(seatNo=218664224, startStation=shanghai, destStation=nanjing), Ticket(seatNo=1531256885, startStation=shanghai, destStation=nanjing), Ticket(seatNo=282865016, startStation=shanghai, destStation=nanjing), Ticket(seatNo=290573193, startStation=shanghai, destStation=nanjing), Ticket(seatNo=2091646075, startStation=shanghai, destStation=nanjing), Ticket(seatNo=1529246592, startStation=shanghai, destStation=nanjing), Ticket(seatNo=518358183, startStation=shanghai, destStation=nanjing), Ticket(seatNo=1578574107, startStation=shanghai, destStation=nanjing), Ticket(seatNo=864103707, startStation=shanghai, destStation=nanjing), Ticket(seatNo=1101722819, startStation=shanghai, destStation=nanjing), Ticket(seatNo=1110043211, startStation=shanghai, destStation=nanjing), Ticket(seatNo=2115304579, startStation=shanghai, destStation=nanjing), Ticket(seatNo=517895253, startStation=shanghai, destStation=nanjing), Ticket(seatNo=112374996, startStation=shanghai, destStation=nanjing), Ticket(seatNo=1222554072, startStation=shanghai, destStation=nanjing), Ticket(seatNo=1445221655, startStation=shanghai, destStation=nanjing), Ticket(seatNo=55335899, startStation=shanghai, destStation=nanjing), Ticket(seatNo=1402723531, startStation=shanghai, destStation=nanjing), Ticket(seatNo=520072209, startStation=shanghai, destStation=nanjing), Ticket(seatNo=1063924165, startStation=shanghai, destStation=nanjing), Ticket(seatNo=828062078, startStation=shanghai, destStation=nanjing), Ticket(seatNo=364950093, startStation=shanghai, destStation=nanjing), Ticket(seatNo=2090617881, startStation=shanghai, destStation=nanjing), Ticket(seatNo=1605189805, startStation=shanghai, destStation=nanjing), Ticket(seatNo=182083286, startStation=shanghai, destStation=nanjing), Ticket(seatNo=1956808479, startStation=shanghai, destStation=nanjing), Ticket(seatNo=1479771875, startStation=shanghai, destStation=nanjing), Ticket(seatNo=1340473816, startStation=shanghai, destStation=nanjing), Ticket(seatNo=2058528320, startStation=shanghai, destStation=nanjing), Ticket(seatNo=1862239339, startStation=shanghai, destStation=nanjing), Ticket(seatNo=756196424, startStation=shanghai, destStation=nanjing), Ticket(seatNo=1554210637, startStation=shanghai, destStation=nanjing), Ticket(seatNo=2131607583, startStation=shanghai, destStation=nanjing), Ticket(seatNo=1114945650, startStation=shanghai, destStation=nanjing), Ticket(seatNo=978840618, startStation=shanghai, destStation=nanjing), Ticket(seatNo=1696192204, startStation=shanghai, destStation=nanjing), Ticket(seatNo=159217444, startStation=shanghai, destStation=nanjing), Ticket(seatNo=1472397446, startStation=shanghai, destStation=nanjing), Ticket(seatNo=863762562, startStation=shanghai, destStation=nanjing), Ticket(seatNo=762240728, startStation=shanghai, destStation=nanjing), Ticket(seatNo=733090960, startStation=shanghai, destStation=nanjing), Ticket(seatNo=1385200790, startStation=shanghai, destStation=nanjing), Ticket(seatNo=1483334408, startStation=shanghai, destStation=nanjing), Ticket(seatNo=1230952670, startStation=shanghai, destStation=nanjing), Ticket(seatNo=1760486203, startStation=shanghai, destStation=nanjing), Ticket(seatNo=1631472666, startStation=shanghai, destStation=nanjing), Ticket(seatNo=882144838, startStation=shanghai, destStation=nanjing), Ticket(seatNo=210246843, startStation=shanghai, destStation=nanjing), Ticket(seatNo=427259238, startStation=shanghai, destStation=nanjing), Ticket(seatNo=1232572404, startStation=shanghai, destStation=nanjing), Ticket(seatNo=1304478712, startStation=shanghai, destStation=nanjing), Ticket(seatNo=2016232602, startStation=shanghai, destStation=nanjing), Ticket(seatNo=76670888, startStation=shanghai, destStation=nanjing), Ticket(seatNo=1754550335, startStation=shanghai, destStation=nanjing), Ticket(seatNo=1491838595, startStation=shanghai, destStation=nanjing), Ticket(seatNo=1330605393, startStation=shanghai, destStation=nanjing), Ticket(seatNo=226825480, startStation=shanghai, destStation=nanjing), Ticket(seatNo=1787175945, startStation=shanghai, destStation=nanjing), Ticket(seatNo=590443336, startStation=shanghai, destStation=nanjing), Ticket(seatNo=427944411, startStation=shanghai, destStation=nanjing), Ticket(seatNo=1638437656, startStation=shanghai, destStation=nanjing), Ticket(seatNo=1361381257, startStation=shanghai, destStation=nanjing), Ticket(seatNo=1482512162, startStation=shanghai, destStation=nanjing), Ticket(seatNo=400526011, startStation=shanghai, destStation=nanjing), Ticket(seatNo=1749342441, startStation=shanghai, destStation=nanjing), Ticket(seatNo=2117918027, startStation=shanghai, destStation=nanjing), Ticket(seatNo=654927142, startStation=shanghai, destStation=nanjing), Ticket(seatNo=1977897455, startStation=shanghai, destStation=nanjing), Ticket(seatNo=641977830, startStation=shanghai, destStation=nanjing), Ticket(seatNo=1021188806, startStation=shanghai, destStation=nanjing), Ticket(seatNo=1445935016, startStation=shanghai, destStation=nanjing), Ticket(seatNo=830548221, startStation=shanghai, destStation=nanjing), Ticket(seatNo=1655441840, startStation=shanghai, destStation=nanjing), Ticket(seatNo=678340688, startStation=shanghai, destStation=nanjing), Ticket(seatNo=1682320147, startStation=shanghai, destStation=nanjing), Ticket(seatNo=1195341149, startStation=shanghai, destStation=nanjing), Ticket(seatNo=973914808, startStation=shanghai, destStation=nanjing), Ticket(seatNo=1217764195, startStation=shanghai, destStation=nanjing), Ticket(seatNo=837692558, startStation=shanghai, destStation=nanjing), Ticket(seatNo=1203709814, startStation=shanghai, destStation=nanjing), Ticket(seatNo=984361044, startStation=shanghai, destStation=nanjing), Ticket(seatNo=675974723, startStation=shanghai, destStation=nanjing), Ticket(seatNo=1490992938, startStation=shanghai, destStation=nanjing), Ticket(seatNo=1201160931, startStation=shanghai, destStation=nanjing), Ticket(seatNo=1435884154, startStation=shanghai, destStation=nanjing), Ticket(seatNo=1297551695, startStation=shanghai, destStation=nanjing), Ticket(seatNo=1664074534, startStation=shanghai, destStation=nanjing), Ticket(seatNo=1921728155, startStation=shanghai, destStation=nanjing), Ticket(seatNo=1137714160, startStation=shanghai, destStation=nanjing), Ticket(seatNo=1988971469, startStation=shanghai, destStation=nanjing), Ticket(seatNo=1018160513, startStation=shanghai, destStation=nanjing), Ticket(seatNo=1550917166, startStation=shanghai, destStation=nanjing), Ticket(seatNo=1894695695, startStation=shanghai, destStation=nanjing), Ticket(seatNo=784843623, startStation=shanghai, destStation=nanjing), Ticket(seatNo=1932732784, startStation=shanghai, destStation=nanjing), Ticket(seatNo=1565956437, startStation=shanghai, destStation=nanjing), Ticket(seatNo=249855326, startStation=shanghai, destStation=nanjing), Ticket(seatNo=77833908, startStation=shanghai, destStation=nanjing), Ticket(seatNo=64395763, startStation=shanghai, destStation=nanjing), Ticket(seatNo=781572303, startStation=shanghai, destStation=nanjing), Ticket(seatNo=1060217224, startStation=shanghai, destStation=nanjing), Ticket(seatNo=210817532, startStation=shanghai, destStation=nanjing), Ticket(seatNo=1587135411, startStation=shanghai, destStation=nanjing), Ticket(seatNo=862437816, startStation=shanghai, destStation=nanjing), Ticket(seatNo=348991760, startStation=shanghai, destStation=nanjing), Ticket(seatNo=1479280287, startStation=shanghai, destStation=nanjing), Ticket(seatNo=349038530, startStation=shanghai, destStation=nanjing), Ticket(seatNo=90480773, startStation=shanghai, destStation=nanjing), Ticket(seatNo=1465059263, startStation=shanghai, destStation=nanjing), Ticket(seatNo=985339747, startStation=shanghai, destStation=nanjing), Ticket(seatNo=1498460243, startStation=shanghai, destStation=nanjing), Ticket(seatNo=671507041, startStation=shanghai, destStation=nanjing), Ticket(seatNo=965174800, startStation=shanghai, destStation=nanjing), Ticket(seatNo=1841324996, startStation=shanghai, destStation=nanjing), Ticket(seatNo=1248601454, startStation=shanghai, destStation=nanjing), Ticket(seatNo=1901083814, startStation=shanghai, destStation=nanjing), Ticket(seatNo=2077341681, startStation=shanghai, destStation=nanjing), Ticket(seatNo=1207577891, startStation=shanghai, destStation=nanjing), Ticket(seatNo=1454446323, startStation=shanghai, destStation=nanjing), Ticket(seatNo=234766556, startStation=shanghai, destStation=nanjing), Ticket(seatNo=1726109987, startStation=shanghai, destStation=nanjing), Ticket(seatNo=317002893, startStation=shanghai, destStation=nanjing), Ticket(seatNo=1499460332, startStation=shanghai, destStation=nanjing), Ticket(seatNo=267587626, startStation=shanghai, destStation=nanjing), Ticket(seatNo=747527520, startStation=shanghai, destStation=nanjing), Ticket(seatNo=207584255, startStation=shanghai, destStation=nanjing), Ticket(seatNo=636497848, startStation=shanghai, destStation=nanjing), Ticket(seatNo=134621623, startStation=shanghai, destStation=nanjing), Ticket(seatNo=1143973252, startStation=shanghai, destStation=nanjing), Ticket(seatNo=1285506393, startStation=shanghai, destStation=nanjing), Ticket(seatNo=1318597280, startStation=shanghai, destStation=nanjing), Ticket(seatNo=2109276771, startStation=shanghai, destStation=nanjing), Ticket(seatNo=746347294, startStation=shanghai, destStation=nanjing), Ticket(seatNo=1636266694, startStation=shanghai, destStation=nanjing), Ticket(seatNo=538009141, startStation=shanghai, destStation=nanjing), Ticket(seatNo=1944586976, startStation=shanghai, destStation=nanjing), Ticket(seatNo=1320680614, startStation=shanghai, destStation=nanjing), Ticket(seatNo=142490066, startStation=shanghai, destStation=nanjing), Ticket(seatNo=252466715, startStation=shanghai, destStation=nanjing), Ticket(seatNo=1806446874, startStation=shanghai, destStation=nanjing), Ticket(seatNo=1743761737, startStation=shanghai, destStation=nanjing), Ticket(seatNo=610439616, startStation=shanghai, destStation=nanjing), Ticket(seatNo=76166607, startStation=shanghai, destStation=nanjing), Ticket(seatNo=1265135696, startStation=shanghai, destStation=nanjing), Ticket(seatNo=1177274309, startStation=shanghai, destStation=nanjing), Ticket(seatNo=746628462, startStation=shanghai, destStation=nanjing), Ticket(seatNo=573722729, startStation=shanghai, destStation=nanjing), Ticket(seatNo=940056408, startStation=shanghai, destStation=nanjing), Ticket(seatNo=202317050, startStation=shanghai, destStation=nanjing), Ticket(seatNo=221602851, startStation=shanghai, destStation=nanjing), Ticket(seatNo=1431476535, startStation=shanghai, destStation=nanjing), Ticket(seatNo=606888208, startStation=shanghai, destStation=nanjing), Ticket(seatNo=813377677, startStation=shanghai, destStation=nanjing), Ticket(seatNo=1592122745, startStation=shanghai, destStation=nanjing), Ticket(seatNo=2128153780, startStation=shanghai, destStation=nanjing), Ticket(seatNo=568784077, startStation=shanghai, destStation=nanjing), Ticket(seatNo=990332202, startStation=shanghai, destStation=nanjing), Ticket(seatNo=1969469614, startStation=shanghai, destStation=nanjing), Ticket(seatNo=1456285444, startStation=shanghai, destStation=nanjing), Ticket(seatNo=1785859166, startStation=shanghai, destStation=nanjing)]}),[vary:\""Origin,Access-Control-Request-Method,Access-Control-Request-Headers\"", x-content-type-options:\""nosniff\"", x-xss-protection:\""1; mode=block\"", cache-control:\""no-cache, no-store, max-age=0, must-revalidate\"", pragma:\""no-cache\"", expires:\""0\"", x-frame-options:\""DENY\"", content-type:\""application/json\"", date:\""Sun, 29 Jan 2023 09:22:43 GMT\"", x-envoy-upstream-service-time:\""7\"", server:\""envoy\"", transfer-encoding:\""chunked\""]\u003e]\n"",""stream"":""stdout"",""time"":""2025-06-06T09:22:44.030650373Z""}"
2025-06-06T09:22:44.019600363Z,1674984164019600363,33.33.33.82,ts-seat-service-5c95b49cff-tdsdz,server,52c313f89955b70f9214e11aefde04ba,6dc07c226d4cb4b8,"{""log"":""17:22:44.019 INFO  s.s.SeatServiceImpl#154 TraceID: 52c313f89955b70f9214e11aefde04ba SpanID: 6dc07c226d4cb4b8 [getLeftTicketOfInterval][TrainNumber start with other capital][trainNumber:Z1234]\n"",""stream"":""stdout"",""time"":""2025-06-06T09:22:44.019600363Z""}"
2025-06-06T09:22:44.01929317Z,1674984164019293170,33.33.33.82,ts-seat-service-5c95b49cff-tdsdz,server,52c313f89955b70f9214e11aefde04ba,6dc07c226d4cb4b8,"{""log"":""17:22:44.018 INFO  s.s.SeatServiceImpl#137 TraceID: 52c313f89955b70f9214e11aefde04ba SpanID: 6dc07c226d4cb4b8 [getLeftTicketOfInterval][Seat request][request:Seat(travelDate=2023-01-29, trainNumber=Z1234, startStation=shanghai, destStation=nanjing, seatType=3, totalNum=2147483647, stations=[shanghai, nanjing, shijiazhuang, taiyuan])]\n"",""stream"":""stdout"",""time"":""2025-06-06T09:22:44.01929317Z""}"
2025-06-06T09:22:44.018886282Z,1674984164018886282,33.33.33.82,ts-seat-service-5c95b49cff-tdsdz,server,52c313f89955b70f9214e11aefde04ba,6dc07c226d4cb4b8,"{""log"":""17:22:44.018 INFO  s.c.SeatController#57 TraceID: 52c313f89955b70f9214e11aefde04ba SpanID: 6dc07c226d4cb4b8 [getLeftTicketOfInterval][Get left ticket of interval][TravelDate: 2023-01-29,TrainNumber: Z1234,SeatType: 3]\n"",""stream"":""stdout"",""time"":""2025-06-06T09:22:44.018886282Z""}"
2025-06-06T09:22:43.792188367Z,1674984163792188367,33.33.33.82,ts-seat-service-5c95b49cff-tdsdz,server,52c313f89955b70f9214e11aefde04ba,59649da3f5d23aa6,"{""log"":""17:22:43.791 INFO  s.s.SeatServiceImpl#217 TraceID: 52c313f89955b70f9214e11aefde04ba SpanID: 59649da3f5d23aa6 [getDirectProportion][Configs is : Config(name=DirectTicketAllocationProportion, value=0.5, description=Allocation Proportion Of The Direct Ticket - From Start To End)]\n"",""stream"":""stdout"",""time"":""2025-06-06T09:22:43.792188367Z""}"
2025-06-06T09:22:43.786770491Z,1674984163786770491,33.33.33.82,ts-seat-service-5c95b49cff-tdsdz,server,52c313f89955b70f9214e11aefde04ba,59649da3f5d23aa6,"{""log"":""17:22:43.771 INFO  s.s.SeatServiceImpl#166 TraceID: 52c313f89955b70f9214e11aefde04ba SpanID: 59649da3f5d23aa6 [getLeftTicketOfInterval][Get Order tickets result][result is \u003c200,Response(status=1, msg=Success, data=LeftTicketInfo{soldTickets=[Ticket(seatNo=388817927, startStation=shanghai, destStation=nanjing), Ticket(seatNo=512319188, startStation=shanghai, destStation=nanjing), Ticket(seatNo=650950163, startStation=shanghai, destStation=nanjing), Ticket(seatNo=1408310701, startStation=shanghai, destStation=nanjing), Ticket(seatNo=681456978, startStation=shanghai, destStation=nanjing), Ticket(seatNo=1278422345, startStation=shanghai, destStation=nanjing), Ticket(seatNo=113640569, startStation=shanghai, destStation=nanjing), Ticket(seatNo=1706091788, startStation=shanghai, destStation=nanjing), Ticket(seatNo=719931591, startStation=shanghai, destStation=nanjing), Ticket(seatNo=324348558, startStation=shanghai, destStation=nanjing), Ticket(seatNo=437134557, startStation=shanghai, destStation=nanjing), Ticket(seatNo=1180305654, startStation=shanghai, destStation=nanjing), Ticket(seatNo=218664224, startStation=shanghai, destStation=nanjing), Ticket(seatNo=1531256885, startStation=shanghai, destStation=nanjing), Ticket(seatNo=282865016, startStation=shanghai, destStation=nanjing), Ticket(seatNo=290573193, startStation=shanghai, destStation=nanjing), Ticket(seatNo=2091646075, startStation=shanghai, destStation=nanjing), Ticket(seatNo=1529246592, startStation=shanghai, destStation=nanjing), Ticket(seatNo=518358183, startStation=shanghai, destStation=nanjing), Ticket(seatNo=1578574107, startStation=shanghai, destStation=nanjing), Ticket(seatNo=864103707, startStation=shanghai, destStation=nanjing), Ticket(seatNo=1101722819, startStation=shanghai, destStation=nanjing), Ticket(seatNo=1110043211, startStation=shanghai, destStation=nanjing), Ticket(seatNo=2115304579, startStation=shanghai, destStation=nanjing), Ticket(seatNo=517895253, startStation=shanghai, destStation=nanjing), Ticket(seatNo=112374996, startStation=shanghai, destStation=nanjing), Ticket(seatNo=1222554072, startStation=shanghai, destStation=nanjing), Ticket(seatNo=1445221655, startStation=shanghai, destStation=nanjing), Ticket(seatNo=55335899, startStation=shanghai, destStation=nanjing), Ticket(seatNo=1402723531, startStation=shanghai, destStation=nanjing), Ticket(seatNo=520072209, startStation=shanghai, destStation=nanjing), Ticket(seatNo=1063924165, startStation=shanghai, destStation=nanjing), Ticket(seatNo=828062078, startStation=shanghai, destStation=nanjing), Ticket(seatNo=364950093, startStation=shanghai, destStation=nanjing), Ticket(seatNo=2090617881, startStation=shanghai, destStation=nanjing), Ticket(seatNo=1605189805, startStation=shanghai, destStation=nanjing), Ticket(seatNo=182083286, startStation=shanghai, destStation=nanjing), Ticket(seatNo=1956808479, startStation=shanghai, destStation=nanjing), Ticket(seatNo=1479771875, startStation=shanghai, destStation=nanjing), Ticket(seatNo=1340473816, startStation=shanghai, destStation=nanjing), Ticket(seatNo=2058528320, startStation=shanghai, destStation=nanjing), Ticket(seatNo=1862239339, startStation=shanghai, destStation=nanjing), Ticket(seatNo=756196424, startStation=shanghai, destStation=nanjing), Ticket(seatNo=1554210637, startStation=shanghai, destStation=nanjing), Ticket(seatNo=2131607583, startStation=shanghai, destStation=nanjing), Ticket(seatNo=1114945650, startStation=shanghai, destStation=nanjing), Ticket(seatNo=978840618, startStation=shanghai, destStation=nanjing), Ticket(seatNo=1696192204, startStation=shanghai, destStation=nanjing), Ticket(seatNo=159217444, startStation=shanghai, destStation=nanjing), Ticket(seatNo=1472397446, startStation=shanghai, destStation=nanjing), Ticket(seatNo=863762562, startStation=shanghai, destStation=nanjing), Ticket(seatNo=762240728, startStation=shanghai, destStation=nanjing), Ticket(seatNo=733090960, startStation=shanghai, destStation=nanjing), Ticket(seatNo=1385200790, startStation=shanghai, destStation=nanjing), Ticket(seatNo=1483334408, startStation=shanghai, destStation=nanjing), Ticket(seatNo=1230952670, startStation=shanghai, destStation=nanjing), Ticket(seatNo=1760486203, startStation=shanghai, destStation=nanjing), Ticket(seatNo=1631472666, startStation=shanghai, destStation=nanjing), Ticket(seatNo=882144838, startStation=shanghai, destStation=nanjing), Ticket(seatNo=210246843, startStation=shanghai, destStation=nanjing), Ticket(seatNo=427259238, startStation=shanghai, destStation=nanjing), Ticket(seatNo=1232572404, startStation=shanghai, destStation=nanjing), Ticket(seatNo=1304478712, startStation=shanghai, destStation=nanjing), Ticket(seatNo=2016232602, startStation=shanghai, destStation=nanjing), Ticket(seatNo=76670888, startStation=shanghai, destStation=nanjing), Ticket(seatNo=1754550335, startStation=shanghai, destStation=nanjing), Ticket(seatNo=1491838595, startStation=shanghai, destStation=nanjing), Ticket(seatNo=1330605393, startStation=shanghai, destStation=nanjing), Ticket(seatNo=226825480, startStation=shanghai, destStation=nanjing), Ticket(seatNo=1787175945, startStation=shanghai, destStation=nanjing), Ticket(seatNo=590443336, startStation=shanghai, destStation=nanjing), Ticket(seatNo=427944411, startStation=shanghai, destStation=nanjing), Ticket(seatNo=1638437656, startStation=shanghai, destStation=nanjing), Ticket(seatNo=1361381257, startStation=shanghai, destStation=nanjing), Ticket(seatNo=1482512162, startStation=shanghai, destStation=nanjing), Ticket(seatNo=400526011, startStation=shanghai, destStation=nanjing), Ticket(seatNo=1749342441, startStation=shanghai, destStation=nanjing), Ticket(seatNo=2117918027, startStation=shanghai, destStation=nanjing), Ticket(seatNo=654927142, startStation=shanghai, destStation=nanjing), Ticket(seatNo=1977897455, startStation=shanghai, destStation=nanjing), Ticket(seatNo=641977830, startStation=shanghai, destStation=nanjing), Ticket(seatNo=1021188806, startStation=shanghai, destStation=nanjing), Ticket(seatNo=1445935016, startStation=shanghai, destStation=nanjing), Ticket(seatNo=830548221, startStation=shanghai, destStation=nanjing), Ticket(seatNo=1655441840, startStation=shanghai, destStation=nanjing), Ticket(seatNo=678340688, startStation=shanghai, destStation=nanjing), Ticket(seatNo=1682320147, startStation=shanghai, destStation=nanjing), Ticket(seatNo=1195341149, startStation=shanghai, destStation=nanjing), Ticket(seatNo=973914808, startStation=shanghai, destStation=nanjing), Ticket(seatNo=1217764195, startStation=shanghai, destStation=nanjing), Ticket(seatNo=837692558, startStation=shanghai, destStation=nanjing), Ticket(seatNo=1203709814, startStation=shanghai, destStation=nanjing), Ticket(seatNo=984361044, startStation=shanghai, destStation=nanjing), Ticket(seatNo=675974723, startStation=shanghai, destStation=nanjing), Ticket(seatNo=1490992938, startStation=shanghai, destStation=nanjing), Ticket(seatNo=1201160931, startStation=shanghai, destStation=nanjing), Ticket(seatNo=1435884154, startStation=shanghai, destStation=nanjing), Ticket(seatNo=1297551695, startStation=shanghai, destStation=nanjing), Ticket(seatNo=1664074534, startStation=shanghai, destStation=nanjing), Ticket(seatNo=1921728155, startStation=shanghai, destStation=nanjing), Ticket(seatNo=1137714160, startStation=shanghai, destStation=nanjing), Ticket(seatNo=1988971469, startStation=shanghai, destStation=nanjing), Ticket(seatNo=1018160513, startStation=shanghai, destStation=nanjing), Ticket(seatNo=1550917166, startStation=shanghai, destStation=nanjing), Ticket(seatNo=1894695695, startStation=shanghai, destStation=nanjing), Ticket(seatNo=784843623, startStation=shanghai, destStation=nanjing), Ticket(seatNo=1932732784, startStation=shanghai, destStation=nanjing), Ticket(seatNo=1565956437, startStation=shanghai, destStation=nanjing), Ticket(seatNo=249855326, startStation=shanghai, destStation=nanjing), Ticket(seatNo=77833908, startStation=shanghai, destStation=nanjing), Ticket(seatNo=64395763, startStation=shanghai, destStation=nanjing), Ticket(seatNo=781572303, startStation=shanghai, destStation=nanjing), Ticket(seatNo=1060217224, startStation=shanghai, destStation=nanjing), Ticket(seatNo=210817532, startStation=shanghai, destStation=nanjing), Ticket(seatNo=1587135411, startStation=shanghai, destStation=nanjing), Ticket(seatNo=862437816, startStation=shanghai, destStation=nanjing), Ticket(seatNo=348991760, startStation=shanghai, destStation=nanjing), Ticket(seatNo=1479280287, startStation=shanghai, destStation=nanjing), Ticket(seatNo=349038530, startStation=shanghai, destStation=nanjing), Ticket(seatNo=90480773, startStation=shanghai, destStation=nanjing), Ticket(seatNo=1465059263, startStation=shanghai, destStation=nanjing), Ticket(seatNo=985339747, startStation=shanghai, destStation=nanjing), Ticket(seatNo=1498460243, startStation=shanghai, destStation=nanjing), Ticket(seatNo=671507041, startStation=shanghai, destStation=nanjing), Ticket(seatNo=965174800, startStation=shanghai, destStation=nanjing), Ticket(seatNo=1841324996, startStation=shanghai, destStation=nanjing), Ticket(seatNo=1248601454, startStation=shanghai, destStation=nanjing), Ticket(seatNo=1901083814, startStation=shanghai, destStation=nanjing), Ticket(seatNo=2077341681, startStation=shanghai, destStation=nanjing), Ticket(seatNo=1207577891, startStation=shanghai, destStation=nanjing), Ticket(seatNo=1454446323, startStation=shanghai, destStation=nanjing), Ticket(seatNo=234766556, startStation=shanghai, destStation=nanjing), Ticket(seatNo=1726109987, startStation=shanghai, destStation=nanjing), Ticket(seatNo=317002893, startStation=shanghai, destStation=nanjing), Ticket(seatNo=1499460332, startStation=shanghai, destStation=nanjing), Ticket(seatNo=267587626, startStation=shanghai, destStation=nanjing), Ticket(seatNo=747527520, startStation=shanghai, destStation=nanjing), Ticket(seatNo=207584255, startStation=shanghai, destStation=nanjing), Ticket(seatNo=636497848, startStation=shanghai, destStation=nanjing), Ticket(seatNo=134621623, startStation=shanghai, destStation=nanjing), Ticket(seatNo=1143973252, startStation=shanghai, destStation=nanjing), Ticket(seatNo=1285506393, startStation=shanghai, destStation=nanjing), Ticket(seatNo=1318597280, startStation=shanghai, destStation=nanjing), Ticket(seatNo=2109276771, startStation=shanghai, destStation=nanjing), Ticket(seatNo=746347294, startStation=shanghai, destStation=nanjing), Ticket(seatNo=1636266694, startStation=shanghai, destStation=nanjing), Ticket(seatNo=538009141, startStation=shanghai, destStation=nanjing), Ticket(seatNo=1944586976, startStation=shanghai, destStation=nanjing), Ticket(seatNo=1320680614, startStation=shanghai, destStation=nanjing), Ticket(seatNo=142490066, startStation=shanghai, destStation=nanjing), Ticket(seatNo=252466715, startStation=shanghai, destStation=nanjing), Ticket(seatNo=1806446874, startStation=shanghai, destStation=nanjing), Ticket(seatNo=1743761737, startStation=shanghai, destStation=nanjing), Ticket(seatNo=610439616, startStation=shanghai, destStation=nanjing), Ticket(seatNo=76166607, startStation=shanghai, destStation=nanjing), Ticket(seatNo=1265135696, startStation=shanghai, destStation=nanjing), Ticket(seatNo=1177274309, startStation=shanghai, destStation=nanjing), Ticket(seatNo=746628462, startStation=shanghai, destStation=nanjing), Ticket(seatNo=573722729, startStation=shanghai, destStation=nanjing), Ticket(seatNo=940056408, startStation=shanghai, destStation=nanjing), Ticket(seatNo=202317050, startStation=shanghai, destStation=nanjing), Ticket(seatNo=221602851, startStation=shanghai, destStation=nanjing), Ticket(seatNo=1431476535, startStation=shanghai, destStation=nanjing), Ticket(seatNo=606888208, startStation=shanghai, destStation=nanjing), Ticket(seatNo=813377677, startStation=shanghai, destStation=nanjing), Ticket(seatNo=1592122745, startStation=shanghai, destStation=nanjing), Ticket(seatNo=2128153780, startStation=shanghai, destStation=nanjing), Ticket(seatNo=568784077, startStation=shanghai, destStation=nanjing), Ticket(seatNo=990332202, startStation=shanghai, destStation=nanjing), Ticket(seatNo=1969469614, startStation=shanghai, destStation=nanjing), Ticket(seatNo=1456285444, startStation=shanghai, destStation=nanjing), Ticket(seatNo=1785859166, startStation=shanghai, destStation=nanjing)]}),[vary:\""Origin,Access-Control-Request-Method,Access-Control-Request-Headers\"", x-content-type-options:\""nosniff\"", x-xss-protection:\""1; mode=block\"", cache-control:\""no-cache, no-store, max-age=0, must-revalidate\"", pragma:\""no-cache\"", expires:\""0\"", x-frame-options:\""DENY\"", content-type:\""application/json\"", date:\""Sun, 29 Jan 2023 09:22:43 GMT\"", x-envoy-upstream-service-time:\""7\"", server:\""envoy\"", transfer-encoding:\""chunked\""]\u003e]\n"",""stream"":""stdout"",""time"":""2025-06-06T09:22:43.786770491Z""}"
2025-06-06T09:22:43.761398349Z,1674984163761398349,33.33.33.82,ts-seat-service-5c95b49cff-tdsdz,server,52c313f89955b70f9214e11aefde04ba,59649da3f5d23aa6,"{""log"":""17:22:43.760 INFO  s.s.SeatServiceImpl#154 TraceID: 52c313f89955b70f9214e11aefde04ba SpanID: 59649da3f5d23aa6 [getLeftTicketOfInterval][TrainNumber start with other capital][trainNumber:Z1234]\n"",""stream"":""stdout"",""time"":""2025-06-06T09:22:43.761398349Z""}"
2025-06-06T09:22:43.760972326Z,1674984163760972326,33.33.33.82,ts-seat-service-5c95b49cff-tdsdz,server,52c313f89955b70f9214e11aefde04ba,59649da3f5d23aa6,"{""log"":""17:22:43.760 INFO  s.s.SeatServiceImpl#137 TraceID: 52c313f89955b70f9214e11aefde04ba SpanID: 59649da3f5d23aa6 [getLeftTicketOfInterval][Seat request][request:Seat(travelDate=2023-01-29, trainNumber=Z1234, startStation=shanghai, destStation=nanjing, seatType=2, totalNum=2147483647, stations=[shanghai, nanjing, shijiazhuang, taiyuan])]\n"",""stream"":""stdout"",""time"":""2025-06-06T09:22:43.760972326Z""}"
2025-06-06T09:22:43.760648744Z,1674984163760648744,33.33.33.82,ts-seat-service-5c95b49cff-tdsdz,server,52c313f89955b70f9214e11aefde04ba,59649da3f5d23aa6,"{""log"":""17:22:43.759 INFO  s.c.SeatController#57 TraceID: 52c313f89955b70f9214e11aefde04ba SpanID: 59649da3f5d23aa6 [getLeftTicketOfInterval][Get left ticket of interval][TravelDate: 2023-01-29,TrainNumber: Z1234,SeatType: 2]\n"",""stream"":""stdout"",""time"":""2025-06-06T09:22:43.760648744Z""}"
2025-06-06T09:22:44.066384667Z,1674984164066384667,33.33.33.80,ts-route-service-b6c59fb57-zv8dt,server,52c313f89955b70f9214e11aefde04ba,dac765f1f64cfa33,"{""log"":""17:22:44.065 INFO  r.c.RouteController#47 TraceID: 52c313f89955b70f9214e11aefde04ba SpanID: dac765f1f64cfa33 [getRouteById][Query route by id][RouteId: 0b23bd3e-876a-4af3-b920-c50a90c90b04]\n"",""stream"":""stdout"",""time"":""2025-06-06T09:22:44.066384667Z""}"
2025-06-06T09:22:43.727490945Z,1674984163727490945,33.33.33.80,ts-route-service-b6c59fb57-zv8dt,server,52c313f89955b70f9214e11aefde04ba,99028b3d6190cc41,"{""log"":""17:22:43.726 INFO  r.c.RouteController#47 TraceID: 52c313f89955b70f9214e11aefde04ba SpanID: 99028b3d6190cc41 [getRouteById][Query route by id][RouteId: 0b23bd3e-876a-4af3-b920-c50a90c90b04]\n"",""stream"":""stdout"",""time"":""2025-06-06T09:22:43.727490945Z""}"
2025-06-06T09:22:44.080294801Z,1674984164080294801,33.33.33.79,ts-price-service-76846864d9-g465z,server,52c313f89955b70f9214e11aefde04ba,c3cb672627215993,"{""log"":""17:22:44.079 INFO  p.s.PriceServiceImpl#71 TraceID: 52c313f89955b70f9214e11aefde04ba SpanID: c3cb672627215993 [findByRouteIdAndTrainType][Route: 0b23bd3e-876a-4af3-b920-c50a90c90b04 , Train Type: ZhiDa]\n"",""stream"":""stdout"",""time"":""2025-06-06T09:22:44.080294801Z""}"
2025-06-06T09:22:44.079891056Z,1674984164079891056,33.33.33.79,ts-price-service-76846864d9-g465z,server,52c313f89955b70f9214e11aefde04ba,c3cb672627215993,"{""log"":""17:22:44.078 INFO  p.c.PriceController#39 TraceID: 52c313f89955b70f9214e11aefde04ba SpanID: c3cb672627215993 [findByRouteIdAndTrainType][Query price][RouteId: 0b23bd3e-876a-4af3-b920-c50a90c90b04, TrainType: ZhiDa]\n"",""stream"":""stdout"",""time"":""2025-06-06T09:22:44.079891056Z""}"
2025-06-06T09:22:43.750935884Z,1674984163750935884,33.33.33.79,ts-price-service-76846864d9-g465z,server,52c313f89955b70f9214e11aefde04ba,8232efa438e7677d,"{""log"":""17:22:43.750 INFO  p.s.PriceServiceImpl#71 TraceID: 52c313f89955b70f9214e11aefde04ba SpanID: 8232efa438e7677d [findByRouteIdAndTrainType][Route: 0b23bd3e-876a-4af3-b920-c50a90c90b04 , Train Type: ZhiDa]\n"",""stream"":""stdout"",""time"":""2025-06-06T09:22:43.750935884Z""}"
2025-06-06T09:22:43.750555789Z,1674984163750555789,33.33.33.79,ts-price-service-76846864d9-g465z,server,52c313f89955b70f9214e11aefde04ba,8232efa438e7677d,"{""log"":""17:22:43.749 INFO  p.c.PriceController#39 TraceID: 52c313f89955b70f9214e11aefde04ba SpanID: 8232efa438e7677d [findByRouteIdAndTrainType][Query price][RouteId: 0b23bd3e-876a-4af3-b920-c50a90c90b04, TrainType: ZhiDa]\n"",""stream"":""stdout"",""time"":""2025-06-06T09:22:43.750555789Z""}"
2025-06-06T09:22:44.308587832Z,1674984164308587832,33.33.33.116,ts-preserve-other-service-66646bdb5b-fw7x9,server,52c313f89955b70f9214e11aefde04ba,3fd55f8b863c7153,"{""log"":""17:22:44.308 INFO  p.s.PreserveOtherServiceImpl#301 TraceID: 52c313f89955b70f9214e11aefde04ba SpanID: 3fd55f8b863c7153 [getAccount][Cancel Order Service][Get Order By Id]\n"",""stream"":""stdout"",""time"":""2025-06-06T09:22:44.308587832Z""}"
2025-06-06T09:22:44.308475219Z,1674984164308475219,33.33.33.116,ts-preserve-other-service-66646bdb5b-fw7x9,server,52c313f89955b70f9214e11aefde04ba,3fd55f8b863c7153,"{""log"":""17:22:44.308 INFO  p.s.PreserveOtherServiceImpl#239 TraceID: 52c313f89955b70f9214e11aefde04ba SpanID: 3fd55f8b863c7153 [preserve][Step 7][Add Consign][Do not need to consign]\n"",""stream"":""stdout"",""time"":""2025-06-06T09:22:44.308475219Z""}"
2025-06-06T09:22:44.308362035Z,1674984164308362035,33.33.33.116,ts-preserve-other-service-66646bdb5b-fw7x9,server,52c313f89955b70f9214e11aefde04ba,3fd55f8b863c7153,"{""log"":""17:22:44.307 INFO  p.s.PreserveOtherServiceImpl#208 TraceID: 52c313f89955b70f9214e11aefde04ba SpanID: 3fd55f8b863c7153 [preserve][Step 6][Buy Food][Buy Food Success]\n"",""stream"":""stdout"",""time"":""2025-06-06T09:22:44.308362035Z""}"
2025-06-06T09:22:44.128599004Z,1674984164128599004,33.33.33.116,ts-preserve-other-service-66646bdb5b-fw7x9,server,52c313f89955b70f9214e11aefde04ba,3fd55f8b863c7153,"{""log"":""17:22:44.128 INFO  p.s.PreserveOtherServiceImpl#409 TraceID: 52c313f89955b70f9214e11aefde04ba SpanID: 3fd55f8b863c7153 [createFoodOrder][Preserve Service][Add Preserve food Order]\n"",""stream"":""stdout"",""time"":""2025-06-06T09:22:44.128599004Z""}"
2025-06-06T09:22:44.128481816Z,1674984164128481816,33.33.33.116,ts-preserve-other-service-66646bdb5b-fw7x9,server,52c313f89955b70f9214e11aefde04ba,3fd55f8b863c7153,"{""log"":""17:22:44.128 INFO  p.s.PreserveOtherServiceImpl#183 TraceID: 52c313f89955b70f9214e11aefde04ba SpanID: 3fd55f8b863c7153 [preserve][Step 5][Buy Assurance][Do not need to buy assurance]\n"",""stream"":""stdout"",""time"":""2025-06-06T09:22:44.128481816Z""}"
2025-06-06T09:22:44.128328069Z,1674984164128328069,33.33.33.116,ts-preserve-other-service-66646bdb5b-fw7x9,server,52c313f89955b70f9214e11aefde04ba,3fd55f8b863c7153,"{""log"":""17:22:44.127 INFO  p.s.PreserveOtherServiceImpl#179 TraceID: 52c313f89955b70f9214e11aefde04ba SpanID: 3fd55f8b863c7153 [preserve][Step 4][Do Order][Do Order Complete]\n"",""stream"":""stdout"",""time"":""2025-06-06T09:22:44.128328069Z""}"
2025-06-06T09:22:44.116382252Z,1674984164116382252,33.33.33.116,ts-preserve-other-service-66646bdb5b-fw7x9,server,52c313f89955b70f9214e11aefde04ba,3fd55f8b863c7153,"{""log"":""17:22:44.116 INFO  p.s.PreserveOtherServiceImpl#393 TraceID: 52c313f89955b70f9214e11aefde04ba SpanID: 3fd55f8b863c7153 [createOrder][Preserve Other Service][Get Contacts By Id]\n"",""stream"":""stdout"",""time"":""2025-06-06T09:22:44.116382252Z""}"
2025-06-06T09:22:44.116264766Z,1674984164116264766,33.33.33.116,ts-preserve-other-service-66646bdb5b-fw7x9,server,52c313f89955b70f9214e11aefde04ba,3fd55f8b863c7153,"{""log"":""17:22:44.115 INFO  p.s.PreserveOtherServiceImpl#171 TraceID: 52c313f89955b70f9214e11aefde04ba SpanID: 3fd55f8b863c7153 [preserve][Step 4][Do Order][Order Price][Price is: 122.49999999999999]\n"",""stream"":""stdout"",""time"":""2025-06-06T09:22:44.116264766Z""}"
2025-06-06T09:22:44.086387415Z,1674984164086387415,33.33.33.116,ts-preserve-other-service-66646bdb5b-fw7x9,server,52c313f89955b70f9214e11aefde04ba,3fd55f8b863c7153,"{""log"":""17:22:44.085 INFO  p.s.PreserveOtherServiceImpl#145 TraceID: 52c313f89955b70f9214e11aefde04ba SpanID: 3fd55f8b863c7153 [preserve][Step 4][Do Order][Travel Date][Date is: 2023-01-29]\n"",""stream"":""stdout"",""time"":""2025-06-06T09:22:44.086387415Z""}"
2025-06-06T09:22:44.042588352Z,1674984164042588352,33.33.33.116,ts-preserve-other-service-66646bdb5b-fw7x9,server,52c313f89955b70f9214e11aefde04ba,3fd55f8b863c7153,"{""log"":""17:22:44.042 INFO  p.s.PreserveOtherServiceImpl#101 TraceID: 52c313f89955b70f9214e11aefde04ba SpanID: 3fd55f8b863c7153 [preserve][Step 3][Check tickets num][Tickets Enough]\n"",""stream"":""stdout"",""time"":""2025-06-06T09:22:44.042588352Z""}"
2025-06-06T09:22:43.699217645Z,1674984163699217645,33.33.33.116,ts-preserve-other-service-66646bdb5b-fw7x9,server,52c313f89955b70f9214e11aefde04ba,3fd55f8b863c7153,"{""log"":""17:22:43.699 INFO  p.s.PreserveOtherServiceImpl#363 TraceID: 52c313f89955b70f9214e11aefde04ba SpanID: 3fd55f8b863c7153 [getTripAllDetailInformation][Preserve Other Service][Get Trip All Detail Information]\n"",""stream"":""stdout"",""time"":""2025-06-06T09:22:43.699217645Z""}"
2025-06-06T09:22:43.699059956Z,1674984163699059956,33.33.33.116,ts-preserve-other-service-66646bdb5b-fw7x9,server,52c313f89955b70f9214e11aefde04ba,3fd55f8b863c7153,"{""log"":""17:22:43.698 INFO  p.s.PreserveOtherServiceImpl#78 TraceID: 52c313f89955b70f9214e11aefde04ba SpanID: 3fd55f8b863c7153 [preserve][Step 3][Check tickets num][TripId: Z1234]\n"",""stream"":""stdout"",""time"":""2025-06-06T09:22:43.699059956Z""}"
2025-06-06T09:22:43.698932138Z,1674984163698932138,33.33.33.116,ts-preserve-other-service-66646bdb5b-fw7x9,server,52c313f89955b70f9214e11aefde04ba,3fd55f8b863c7153,"{""log"":""17:22:43.698 INFO  p.s.PreserveOtherServiceImpl#68 TraceID: 52c313f89955b70f9214e11aefde04ba SpanID: 3fd55f8b863c7153 [preserve][Step 2][Find contacts Complete][ContactsId: 415d1665-fbb2-4ec9-83f5-5ebe51dc1825]\n"",""stream"":""stdout"",""time"":""2025-06-06T09:22:43.698932138Z""}"
2025-06-06T09:22:43.684325955Z,1674984163684325955,33.33.33.116,ts-preserve-other-service-66646bdb5b-fw7x9,server,52c313f89955b70f9214e11aefde04ba,3fd55f8b863c7153,"{""log"":""17:22:43.684 INFO  p.s.PreserveOtherServiceImpl#378 TraceID: 52c313f89955b70f9214e11aefde04ba SpanID: 3fd55f8b863c7153 [getContactsById][Preserve Other Service][Get Contacts By Id is]\n"",""stream"":""stdout"",""time"":""2025-06-06T09:22:43.684325955Z""}"
2025-06-06T09:22:43.684204185Z,1674984163684204185,33.33.33.116,ts-preserve-other-service-66646bdb5b-fw7x9,server,52c313f89955b70f9214e11aefde04ba,3fd55f8b863c7153,"{""log"":""17:22:43.683 INFO  p.s.PreserveOtherServiceImpl#58 TraceID: 52c313f89955b70f9214e11aefde04ba SpanID: 3fd55f8b863c7153 [preserve][Step 1][Check Security Complete][AccountId: 4d2a46c7-71cb-4cf1-b5bb-b68406d9da6f]\n"",""stream"":""stdout"",""time"":""2025-06-06T09:22:43.684204185Z""}"
2025-06-06T09:22:43.65683258Z,1674984163656832580,33.33.33.116,ts-preserve-other-service-66646bdb5b-fw7x9,server,52c313f89955b70f9214e11aefde04ba,3fd55f8b863c7153,"{""log"":""17:22:43.656 INFO  p.s.PreserveOtherServiceImpl#348 TraceID: 52c313f89955b70f9214e11aefde04ba SpanID: 3fd55f8b863c7153 [checkSecurity][Preserve Other Service][Check Account Security]\n"",""stream"":""stdout"",""time"":""2025-06-06T09:22:43.65683258Z""}"
2025-06-06T09:22:43.656718456Z,1674984163656718456,33.33.33.116,ts-preserve-other-service-66646bdb5b-fw7x9,server,52c313f89955b70f9214e11aefde04ba,3fd55f8b863c7153,"{""log"":""17:22:43.656 INFO  p.s.PreserveOtherServiceImpl#48 TraceID: 52c313f89955b70f9214e11aefde04ba SpanID: 3fd55f8b863c7153 [preserve][Verify Login] Success\n"",""stream"":""stdout"",""time"":""2025-06-06T09:22:43.656718456Z""}"
2025-06-06T09:22:43.656522823Z,1674984163656522823,33.33.33.116,ts-preserve-other-service-66646bdb5b-fw7x9,server,52c313f89955b70f9214e11aefde04ba,3fd55f8b863c7153,"{""log"":""17:22:43.656 INFO  p.c.PreserveOtherController#35 TraceID: 52c313f89955b70f9214e11aefde04ba SpanID: 3fd55f8b863c7153 [preserve][Preserve Account order][from shanghai to nanjing at 2023-01-29]\n"",""stream"":""stdout"",""time"":""2025-06-06T09:22:43.656522823Z""}"
2025-06-06T09:22:43.663296772Z,1674984163663296772,33.33.33.76,ts-order-service-5b67c48447-mv5hb,server,52c313f89955b70f9214e11aefde04ba,c475c22c8928706d,"{""log"":""17:22:43.662 INFO  o.c.OrderController#118 TraceID: 52c313f89955b70f9214e11aefde04ba SpanID: c475c22c8928706d [checkSecurityAboutOrder][Security Info Get][AccountId:4d2a46c7-71cb-4cf1-b5bb-b68406d9da6f]\n"",""stream"":""stdout"",""time"":""2025-06-06T09:22:43.663296772Z""}"
2025-06-06T09:22:44.127125382Z,1674984164127125382,33.33.33.155,ts-order-other-service-6cdbf9b4cc-h7mqk,server,52c313f89955b70f9214e11aefde04ba,648a30a4bfec309f,"{""log"":""17:22:44.126 INFO  o.s.OrderOtherServiceImpl#100 TraceID: 52c313f89955b70f9214e11aefde04ba SpanID: 648a30a4bfec309f [create][Order Create Success][OrderId:71914f61-edac-4aec-b85e-8e35844dd4ef,Price: 122.49999999999999]\n"",""stream"":""stdout"",""time"":""2025-06-06T09:22:44.127125382Z""}"
2025-06-06T09:22:44.118846985Z,1674984164118846985,33.33.33.155,ts-order-other-service-6cdbf9b4cc-h7mqk,server,52c313f89955b70f9214e11aefde04ba,648a30a4bfec309f,"{""log"":""17:22:44.118 INFO  o.s.OrderOtherServiceImpl#92 TraceID: 52c313f89955b70f9214e11aefde04ba SpanID: 648a30a4bfec309f [create][Create Order][Ready Create Order]\n"",""stream"":""stdout"",""time"":""2025-06-06T09:22:44.118846985Z""}"
2025-06-06T09:22:44.118738041Z,1674984164118738041,33.33.33.155,ts-order-other-service-6cdbf9b4cc-h7mqk,server,52c313f89955b70f9214e11aefde04ba,648a30a4bfec309f,"{""log"":""17:22:44.118 INFO  o.c.OrderOtherController#49 TraceID: 52c313f89955b70f9214e11aefde04ba SpanID: 648a30a4bfec309f [create][Create Order][from shanghai to nanjing at 2023-01-29]\n"",""stream"":""stdout"",""time"":""2025-06-06T09:22:44.118738041Z""}"
2025-06-06T09:22:44.097966348Z,1674984164097966348,33.33.33.155,ts-order-other-service-6cdbf9b4cc-h7mqk,server,52c313f89955b70f9214e11aefde04ba,5fdd4dc971347d17,"{""log"":""17:22:44.097 INFO  o.s.OrderOtherServiceImpl#67 TraceID: 52c313f89955b70f9214e11aefde04ba SpanID: 5fdd4dc971347d17 [getSoldTickets][Left ticket info][info is: LeftTicketInfo{soldTickets=[Ticket(seatNo=388817927, startStation=shanghai, destStation=nanjing), Ticket(seatNo=512319188, startStation=shanghai, destStation=nanjing), Ticket(seatNo=650950163, startStation=shanghai, destStation=nanjing), Ticket(seatNo=1408310701, startStation=shanghai, destStation=nanjing), Ticket(seatNo=681456978, startStation=shanghai, destStation=nanjing), Ticket(seatNo=1278422345, startStation=shanghai, destStation=nanjing), Ticket(seatNo=113640569, startStation=shanghai, destStation=nanjing), Ticket(seatNo=1706091788, startStation=shanghai, destStation=nanjing), Ticket(seatNo=719931591, startStation=shanghai, destStation=nanjing), Ticket(seatNo=324348558, startStation=shanghai, destStation=nanjing), Ticket(seatNo=437134557, startStation=shanghai, destStation=nanjing), Ticket(seatNo=1180305654, startStation=shanghai, destStation=nanjing), Ticket(seatNo=218664224, startStation=shanghai, destStation=nanjing), Ticket(seatNo=1531256885, startStation=shanghai, destStation=nanjing), Ticket(seatNo=282865016, startStation=shanghai, destStation=nanjing), Ticket(seatNo=290573193, startStation=shanghai, destStation=nanjing), Ticket(seatNo=2091646075, startStation=shanghai, destStation=nanjing), Ticket(seatNo=1529246592, startStation=shanghai, destStation=nanjing), Ticket(seatNo=518358183, startStation=shanghai, destStation=nanjing), Ticket(seatNo=1578574107, startStation=shanghai, destStation=nanjing), Ticket(seatNo=864103707, startStation=shanghai, destStation=nanjing), Ticket(seatNo=1101722819, startStation=shanghai, destStation=nanjing), Ticket(seatNo=1110043211, startStation=shanghai, destStation=nanjing), Ticket(seatNo=2115304579, startStation=shanghai, destStation=nanjing), Ticket(seatNo=517895253, startStation=shanghai, destStation=nanjing), Ticket(seatNo=112374996, startStation=shanghai, destStation=nanjing), Ticket(seatNo=1222554072, startStation=shanghai, destStation=nanjing), Ticket(seatNo=1445221655, startStation=shanghai, destStation=nanjing), Ticket(seatNo=55335899, startStation=shanghai, destStation=nanjing), Ticket(seatNo=1402723531, startStation=shanghai, destStation=nanjing), Ticket(seatNo=520072209, startStation=shanghai, destStation=nanjing), Ticket(seatNo=1063924165, startStation=shanghai, destStation=nanjing), Ticket(seatNo=828062078, startStation=shanghai, destStation=nanjing), Ticket(seatNo=364950093, startStation=shanghai, destStation=nanjing), Ticket(seatNo=2090617881, startStation=shanghai, destStation=nanjing), Ticket(seatNo=1605189805, startStation=shanghai, destStation=nanjing), Ticket(seatNo=182083286, startStation=shanghai, destStation=nanjing), Ticket(seatNo=1956808479, startStation=shanghai, destStation=nanjing), Ticket(seatNo=1479771875, startStation=shanghai, destStation=nanjing), Ticket(seatNo=1340473816, startStation=shanghai, destStation=nanjing), Ticket(seatNo=2058528320, startStation=shanghai, destStation=nanjing), Ticket(seatNo=1862239339, startStation=shanghai, destStation=nanjing), Ticket(seatNo=756196424, startStation=shanghai, destStation=nanjing), Ticket(seatNo=1554210637, startStation=shanghai, destStation=nanjing), Ticket(seatNo=2131607583, startStation=shanghai, destStation=nanjing), Ticket(seatNo=1114945650, startStation=shanghai, destStation=nanjing), Ticket(seatNo=978840618, startStation=shanghai, destStation=nanjing), Ticket(seatNo=1696192204, startStation=shanghai, destStation=nanjing), Ticket(seatNo=159217444, startStation=shanghai, destStation=nanjing), Ticket(seatNo=1472397446, startStation=shanghai, destStation=nanjing), Ticket(seatNo=863762562, startStation=shanghai, destStation=nanjing), Ticket(seatNo=762240728, startStation=shanghai, destStation=nanjing), Ticket(seatNo=733090960, startStation=shanghai, destStation=nanjing), Ticket(seatNo=1385200790, startStation=shanghai, destStation=nanjing), Ticket(seatNo=1483334408, startStation=shanghai, destStation=nanjing), Ticket(seatNo=1230952670, startStation=shanghai, destStation=nanjing), Ticket(seatNo=1760486203, startStation=shanghai, destStation=nanjing), Ticket(seatNo=1631472666, startStation=shanghai, destStation=nanjing), Ticket(seatNo=882144838, startStation=shanghai, destStation=nanjing), Ticket(seatNo=210246843, startStation=shanghai, destStation=nanjing), Ticket(seatNo=427259238, startStation=shanghai, destStation=nanjing), Ticket(seatNo=1232572404, startStation=shanghai, destStation=nanjing), Ticket(seatNo=1304478712, startStation=shanghai, destStation=nanjing), Ticket(seatNo=2016232602, startStation=shanghai, destStation=nanjing), Ticket(seatNo=76670888, startStation=shanghai, destStation=nanjing), Ticket(seatNo=1754550335, startStation=shanghai, destStation=nanjing), Ticket(seatNo=1491838595, startStation=shanghai, destStation=nanjing), Ticket(seatNo=1330605393, startStation=shanghai, destStation=nanjing), Ticket(seatNo=226825480, startStation=shanghai, destStation=nanjing), Ticket(seatNo=1787175945, startStation=shanghai, destStation=nanjing), Ticket(seatNo=590443336, startStation=shanghai, destStation=nanjing), Ticket(seatNo=427944411, startStation=shanghai, destStation=nanjing), Ticket(seatNo=1638437656, startStation=shanghai, destStation=nanjing), Ticket(seatNo=1361381257, startStation=shanghai, destStation=nanjing), Ticket(seatNo=1482512162, startStation=shanghai, destStation=nanjing), Ticket(seatNo=400526011, startStation=shanghai, destStation=nanjing), Ticket(seatNo=1749342441, startStation=shanghai, destStation=nanjing), Ticket(seatNo=2117918027, startStation=shanghai, destStation=nanjing), Ticket(seatNo=654927142, startStation=shanghai, destStation=nanjing), Ticket(seatNo=1977897455, startStation=shanghai, destStation=nanjing), Ticket(seatNo=641977830, startStation=shanghai, destStation=nanjing), Ticket(seatNo=1021188806, startStation=shanghai, destStation=nanjing), Ticket(seatNo=1445935016, startStation=shanghai, destStation=nanjing), Ticket(seatNo=830548221, startStation=shanghai, destStation=nanjing), Ticket(seatNo=1655441840, startStation=shanghai, destStation=nanjing), Ticket(seatNo=678340688, startStation=shanghai, destStation=nanjing), Ticket(seatNo=1682320147, startStation=shanghai, destStation=nanjing), Ticket(seatNo=1195341149, startStation=shanghai, destStation=nanjing), Ticket(seatNo=973914808, startStation=shanghai, destStation=nanjing), Ticket(seatNo=1217764195, startStation=shanghai, destStation=nanjing), Ticket(seatNo=837692558, startStation=shanghai, destStation=nanjing), Ticket(seatNo=1203709814, startStation=shanghai, destStation=nanjing), Ticket(seatNo=984361044, startStation=shanghai, destStation=nanjing), Ticket(seatNo=675974723, startStation=shanghai, destStation=nanjing), Ticket(seatNo=1490992938, startStation=shanghai, destStation=nanjing), Ticket(seatNo=1201160931, startStation=shanghai, destStation=nanjing), Ticket(seatNo=1435884154, startStation=shanghai, destStation=nanjing), Ticket(seatNo=1297551695, startStation=shanghai, destStation=nanjing), Ticket(seatNo=1664074534, startStation=shanghai, destStation=nanjing), Ticket(seatNo=1921728155, startStation=shanghai, destStation=nanjing), Ticket(seatNo=1137714160, startStation=shanghai, destStation=nanjing), Ticket(seatNo=1988971469, startStation=shanghai, destStation=nanjing), Ticket(seatNo=1018160513, startStation=shanghai, destStation=nanjing), Ticket(seatNo=1550917166, startStation=shanghai, destStation=nanjing), Ticket(seatNo=1894695695, startStation=shanghai, destStation=nanjing), Ticket(seatNo=784843623, startStation=shanghai, destStation=nanjing), Ticket(seatNo=1932732784, startStation=shanghai, destStation=nanjing), Ticket(seatNo=1565956437, startStation=shanghai, destStation=nanjing), Ticket(seatNo=249855326, startStation=shanghai, destStation=nanjing), Ticket(seatNo=77833908, startStation=shanghai, destStation=nanjing), Ticket(seatNo=64395763, startStation=shanghai, destStation=nanjing), Ticket(seatNo=781572303, startStation=shanghai, destStation=nanjing), Ticket(seatNo=1060217224, startStation=shanghai, destStation=nanjing), Ticket(seatNo=210817532, startStation=shanghai, destStation=nanjing), Ticket(seatNo=1587135411, startStation=shanghai, destStation=nanjing), Ticket(seatNo=862437816, startStation=shanghai, destStation=nanjing), Ticket(seatNo=348991760, startStation=shanghai, destStation=nanjing), Ticket(seatNo=1479280287, startStation=shanghai, destStation=nanjing), Ticket(seatNo=349038530, startStation=shanghai, destStation=nanjing), Ticket(seatNo=90480773, startStation=shanghai, destStation=nanjing), Ticket(seatNo=1465059263, startStation=shanghai, destStation=nanjing), Ticket(seatNo=985339747, startStation=shanghai, destStation=nanjing), Ticket(seatNo=1498460243, startStation=shanghai, destStation=nanjing), Ticket(seatNo=671507041, startStation=shanghai, destStation=nanjing), Ticket(seatNo=965174800, startStation=shanghai, destStation=nanjing), Ticket(seatNo=1841324996, startStation=shanghai, destStation=nanjing), Ticket(seatNo=1248601454, startStation=shanghai, destStation=nanjing), Ticket(seatNo=1901083814, startStation=shanghai, destStation=nanjing), Ticket(seatNo=2077341681, startStation=shanghai, destStation=nanjing), Ticket(seatNo=1207577891, startStation=shanghai, destStation=nanjing), Ticket(seatNo=1454446323, startStation=shanghai, destStation=nanjing), Ticket(seatNo=234766556, startStation=shanghai, destStation=nanjing), Ticket(seatNo=1726109987, startStation=shanghai, destStation=nanjing), Ticket(seatNo=317002893, startStation=shanghai, destStation=nanjing), Ticket(seatNo=1499460332, startStation=shanghai, destStation=nanjing), Ticket(seatNo=267587626, startStation=shanghai, destStation=nanjing), Ticket(seatNo=747527520, startStation=shanghai, destStation=nanjing), Ticket(seatNo=207584255, startStation=shanghai, destStation=nanjing), Ticket(seatNo=636497848, startStation=shanghai, destStation=nanjing), Ticket(seatNo=134621623, startStation=shanghai, destStation=nanjing), Ticket(seatNo=1143973252, startStation=shanghai, destStation=nanjing), Ticket(seatNo=1285506393, startStation=shanghai, destStation=nanjing), Ticket(seatNo=1318597280, startStation=shanghai, destStation=nanjing), Ticket(seatNo=2109276771, startStation=shanghai, destStation=nanjing), Ticket(seatNo=746347294, startStation=shanghai, destStation=nanjing), Ticket(seatNo=1636266694, startStation=shanghai, destStation=nanjing), Ticket(seatNo=538009141, startStation=shanghai, destStation=nanjing), Ticket(seatNo=1944586976, startStation=shanghai, destStation=nanjing), Ticket(seatNo=1320680614, startStation=shanghai, destStation=nanjing), Ticket(seatNo=142490066, startStation=shanghai, destStation=nanjing), Ticket(seatNo=252466715, startStation=shanghai, destStation=nanjing), Ticket(seatNo=1806446874, startStation=shanghai, destStation=nanjing), Ticket(seatNo=1743761737, startStation=shanghai, destStation=nanjing), Ticket(seatNo=610439616, startStation=shanghai, destStation=nanjing), Ticket(seatNo=76166607, startStation=shanghai, destStation=nanjing), Ticket(seatNo=1265135696, startStation=shanghai, destStation=nanjing), Ticket(seatNo=1177274309, startStation=shanghai, destStation=nanjing), Ticket(seatNo=746628462, startStation=shanghai, destStation=nanjing), Ticket(seatNo=573722729, startStation=shanghai, destStation=nanjing), Ticket(seatNo=940056408, startStation=shanghai, destStation=nanjing), Ticket(seatNo=202317050, startStation=shanghai, destStation=nanjing), Ticket(seatNo=221602851, startStation=shanghai, destStation=nanjing), Ticket(seatNo=1431476535, startStation=shanghai, destStation=nanjing), Ticket(seatNo=606888208, startStation=shanghai, destStation=nanjing), Ticket(seatNo=813377677, startStation=shanghai, destStation=nanjing), Ticket(seatNo=1592122745, startStation=shanghai, destStation=nanjing), Ticket(seatNo=2128153780, startStation=shanghai, destStation=nanjing), Ticket(seatNo=568784077, startStation=shanghai, destStation=nanjing), Ticket(seatNo=990332202, startStation=shanghai, destStation=nanjing), Ticket(seatNo=1969469614, startStation=shanghai, destStation=nanjing), Ticket(seatNo=1456285444, startStation=shanghai, destStation=nanjing), Ticket(seatNo=1785859166, startStation=shanghai, destStation=nanjing)]}]\n"",""stream"":""stdout"",""time"":""2025-06-06T09:22:44.097966348Z""}"
2025-06-06T09:22:44.093795939Z,1674984164093795939,33.33.33.155,ts-order-other-service-6cdbf9b4cc-h7mqk,server,52c313f89955b70f9214e11aefde04ba,5fdd4dc971347d17,"{""log"":""17:22:44.093 INFO  o.c.OrderOtherController#42 TraceID: 52c313f89955b70f9214e11aefde04ba SpanID: 5fdd4dc971347d17 [getSoldTickets][Get Sold Ticket][Travel Date: 2023-01-29]\n"",""stream"":""stdout"",""time"":""2025-06-06T09:22:44.093795939Z""}"
2025-06-06T09:22:44.026974017Z,1674984164026974017,33.33.33.155,ts-order-other-service-6cdbf9b4cc-h7mqk,server,52c313f89955b70f9214e11aefde04ba,b53f6315111ee0c9,"{""log"":""17:22:44.026 INFO  o.s.OrderOtherServiceImpl#67 TraceID: 52c313f89955b70f9214e11aefde04ba SpanID: b53f6315111ee0c9 [getSoldTickets][Left ticket info][info is: LeftTicketInfo{soldTickets=[Ticket(seatNo=388817927, startStation=shanghai, destStation=nanjing), Ticket(seatNo=512319188, startStation=shanghai, destStation=nanjing), Ticket(seatNo=650950163, startStation=shanghai, destStation=nanjing), Ticket(seatNo=1408310701, startStation=shanghai, destStation=nanjing), Ticket(seatNo=681456978, startStation=shanghai, destStation=nanjing), Ticket(seatNo=1278422345, startStation=shanghai, destStation=nanjing), Ticket(seatNo=113640569, startStation=shanghai, destStation=nanjing), Ticket(seatNo=1706091788, startStation=shanghai, destStation=nanjing), Ticket(seatNo=719931591, startStation=shanghai, destStation=nanjing), Ticket(seatNo=324348558, startStation=shanghai, destStation=nanjing), Ticket(seatNo=437134557, startStation=shanghai, destStation=nanjing), Ticket(seatNo=1180305654, startStation=shanghai, destStation=nanjing), Ticket(seatNo=218664224, startStation=shanghai, destStation=nanjing), Ticket(seatNo=1531256885, startStation=shanghai, destStation=nanjing), Ticket(seatNo=282865016, startStation=shanghai, destStation=nanjing), Ticket(seatNo=290573193, startStation=shanghai, destStation=nanjing), Ticket(seatNo=2091646075, startStation=shanghai, destStation=nanjing), Ticket(seatNo=1529246592, startStation=shanghai, destStation=nanjing), Ticket(seatNo=518358183, startStation=shanghai, destStation=nanjing), Ticket(seatNo=1578574107, startStation=shanghai, destStation=nanjing), Ticket(seatNo=864103707, startStation=shanghai, destStation=nanjing), Ticket(seatNo=1101722819, startStation=shanghai, destStation=nanjing), Ticket(seatNo=1110043211, startStation=shanghai, destStation=nanjing), Ticket(seatNo=2115304579, startStation=shanghai, destStation=nanjing), Ticket(seatNo=517895253, startStation=shanghai, destStation=nanjing), Ticket(seatNo=112374996, startStation=shanghai, destStation=nanjing), Ticket(seatNo=1222554072, startStation=shanghai, destStation=nanjing), Ticket(seatNo=1445221655, startStation=shanghai, destStation=nanjing), Ticket(seatNo=55335899, startStation=shanghai, destStation=nanjing), Ticket(seatNo=1402723531, startStation=shanghai, destStation=nanjing), Ticket(seatNo=520072209, startStation=shanghai, destStation=nanjing), Ticket(seatNo=1063924165, startStation=shanghai, destStation=nanjing), Ticket(seatNo=828062078, startStation=shanghai, destStation=nanjing), Ticket(seatNo=364950093, startStation=shanghai, destStation=nanjing), Ticket(seatNo=2090617881, startStation=shanghai, destStation=nanjing), Ticket(seatNo=1605189805, startStation=shanghai, destStation=nanjing), Ticket(seatNo=182083286, startStation=shanghai, destStation=nanjing), Ticket(seatNo=1956808479, startStation=shanghai, destStation=nanjing), Ticket(seatNo=1479771875, startStation=shanghai, destStation=nanjing), Ticket(seatNo=1340473816, startStation=shanghai, destStation=nanjing), Ticket(seatNo=2058528320, startStation=shanghai, destStation=nanjing), Ticket(seatNo=1862239339, startStation=shanghai, destStation=nanjing), Ticket(seatNo=756196424, startStation=shanghai, destStation=nanjing), Ticket(seatNo=1554210637, startStation=shanghai, destStation=nanjing), Ticket(seatNo=2131607583, startStation=shanghai, destStation=nanjing), Ticket(seatNo=1114945650, startStation=shanghai, destStation=nanjing), Ticket(seatNo=978840618, startStation=shanghai, destStation=nanjing), Ticket(seatNo=1696192204, startStation=shanghai, destStation=nanjing), Ticket(seatNo=159217444, startStation=shanghai, destStation=nanjing), Ticket(seatNo=1472397446, startStation=shanghai, destStation=nanjing), Ticket(seatNo=863762562, startStation=shanghai, destStation=nanjing), Ticket(seatNo=762240728, startStation=shanghai, destStation=nanjing), Ticket(seatNo=733090960, startStation=shanghai, destStation=nanjing), Ticket(seatNo=1385200790, startStation=shanghai, destStation=nanjing), Ticket(seatNo=1483334408, startStation=shanghai, destStation=nanjing), Ticket(seatNo=1230952670, startStation=shanghai, destStation=nanjing), Ticket(seatNo=1760486203, startStation=shanghai, destStation=nanjing), Ticket(seatNo=1631472666, startStation=shanghai, destStation=nanjing), Ticket(seatNo=882144838, startStation=shanghai, destStation=nanjing), Ticket(seatNo=210246843, startStation=shanghai, destStation=nanjing), Ticket(seatNo=427259238, startStation=shanghai, destStation=nanjing), Ticket(seatNo=1232572404, startStation=shanghai, destStation=nanjing), Ticket(seatNo=1304478712, startStation=shanghai, destStation=nanjing), Ticket(seatNo=2016232602, startStation=shanghai, destStation=nanjing), Ticket(seatNo=76670888, startStation=shanghai, destStation=nanjing), Ticket(seatNo=1754550335, startStation=shanghai, destStation=nanjing), Ticket(seatNo=1491838595, startStation=shanghai, destStation=nanjing), Ticket(seatNo=1330605393, startStation=shanghai, destStation=nanjing), Ticket(seatNo=226825480, startStation=shanghai, destStation=nanjing), Ticket(seatNo=1787175945, startStation=shanghai, destStation=nanjing), Ticket(seatNo=590443336, startStation=shanghai, destStation=nanjing), Ticket(seatNo=427944411, startStation=shanghai, destStation=nanjing), Ticket(seatNo=1638437656, startStation=shanghai, destStation=nanjing), Ticket(seatNo=1361381257, startStation=shanghai, destStation=nanjing), Ticket(seatNo=1482512162, startStation=shanghai, destStation=nanjing), Ticket(seatNo=400526011, startStation=shanghai, destStation=nanjing), Ticket(seatNo=1749342441, startStation=shanghai, destStation=nanjing), Ticket(seatNo=2117918027, startStation=shanghai, destStation=nanjing), Ticket(seatNo=654927142, startStation=shanghai, destStation=nanjing), Ticket(seatNo=1977897455, startStation=shanghai, destStation=nanjing), Ticket(seatNo=641977830, startStation=shanghai, destStation=nanjing), Ticket(seatNo=1021188806, startStation=shanghai, destStation=nanjing), Ticket(seatNo=1445935016, startStation=shanghai, destStation=nanjing), Ticket(seatNo=830548221, startStation=shanghai, destStation=nanjing), Ticket(seatNo=1655441840, startStation=shanghai, destStation=nanjing), Ticket(seatNo=678340688, startStation=shanghai, destStation=nanjing), Ticket(seatNo=1682320147, startStation=shanghai, destStation=nanjing), Ticket(seatNo=1195341149, startStation=shanghai, destStation=nanjing), Ticket(seatNo=973914808, startStation=shanghai, destStation=nanjing), Ticket(seatNo=1217764195, startStation=shanghai, destStation=nanjing), Ticket(seatNo=837692558, startStation=shanghai, destStation=nanjing), Ticket(seatNo=1203709814, startStation=shanghai, destStation=nanjing), Ticket(seatNo=984361044, startStation=shanghai, destStation=nanjing), Ticket(seatNo=675974723, startStation=shanghai, destStation=nanjing), Ticket(seatNo=1490992938, startStation=shanghai, destStation=nanjing), Ticket(seatNo=1201160931, startStation=shanghai, destStation=nanjing), Ticket(seatNo=1435884154, startStation=shanghai, destStation=nanjing), Ticket(seatNo=1297551695, startStation=shanghai, destStation=nanjing), Ticket(seatNo=1664074534, startStation=shanghai, destStation=nanjing), Ticket(seatNo=1921728155, startStation=shanghai, destStation=nanjing), Ticket(seatNo=1137714160, startStation=shanghai, destStation=nanjing), Ticket(seatNo=1988971469, startStation=shanghai, destStation=nanjing), Ticket(seatNo=1018160513, startStation=shanghai, destStation=nanjing), Ticket(seatNo=1550917166, startStation=shanghai, destStation=nanjing), Ticket(seatNo=1894695695, startStation=shanghai, destStation=nanjing), Ticket(seatNo=784843623, startStation=shanghai, destStation=nanjing), Ticket(seatNo=1932732784, startStation=shanghai, destStation=nanjing), Ticket(seatNo=1565956437, startStation=shanghai, destStation=nanjing), Ticket(seatNo=249855326, startStation=shanghai, destStation=nanjing), Ticket(seatNo=77833908, startStation=shanghai, destStation=nanjing), Ticket(seatNo=64395763, startStation=shanghai, destStation=nanjing), Ticket(seatNo=781572303, startStation=shanghai, destStation=nanjing), Ticket(seatNo=1060217224, startStation=shanghai, destStation=nanjing), Ticket(seatNo=210817532, startStation=shanghai, destStation=nanjing), Ticket(seatNo=1587135411, startStation=shanghai, destStation=nanjing), Ticket(seatNo=862437816, startStation=shanghai, destStation=nanjing), Ticket(seatNo=348991760, startStation=shanghai, destStation=nanjing), Ticket(seatNo=1479280287, startStation=shanghai, destStation=nanjing), Ticket(seatNo=349038530, startStation=shanghai, destStation=nanjing), Ticket(seatNo=90480773, startStation=shanghai, destStation=nanjing), Ticket(seatNo=1465059263, startStation=shanghai, destStation=nanjing), Ticket(seatNo=985339747, startStation=shanghai, destStation=nanjing), Ticket(seatNo=1498460243, startStation=shanghai, destStation=nanjing), Ticket(seatNo=671507041, startStation=shanghai, destStation=nanjing), Ticket(seatNo=965174800, startStation=shanghai, destStation=nanjing), Ticket(seatNo=1841324996, startStation=shanghai, destStation=nanjing), Ticket(seatNo=1248601454, startStation=shanghai, destStation=nanjing), Ticket(seatNo=1901083814, startStation=shanghai, destStation=nanjing), Ticket(seatNo=2077341681, startStation=shanghai, destStation=nanjing), Ticket(seatNo=1207577891, startStation=shanghai, destStation=nanjing), Ticket(seatNo=1454446323, startStation=shanghai, destStation=nanjing), Ticket(seatNo=234766556, startStation=shanghai, destStation=nanjing), Ticket(seatNo=1726109987, startStation=shanghai, destStation=nanjing), Ticket(seatNo=317002893, startStation=shanghai, destStation=nanjing), Ticket(seatNo=1499460332, startStation=shanghai, destStation=nanjing), Ticket(seatNo=267587626, startStation=shanghai, destStation=nanjing), Ticket(seatNo=747527520, startStation=shanghai, destStation=nanjing), Ticket(seatNo=207584255, startStation=shanghai, destStation=nanjing), Ticket(seatNo=636497848, startStation=shanghai, destStation=nanjing), Ticket(seatNo=134621623, startStation=shanghai, destStation=nanjing), Ticket(seatNo=1143973252, startStation=shanghai, destStation=nanjing), Ticket(seatNo=1285506393, startStation=shanghai, destStation=nanjing), Ticket(seatNo=1318597280, startStation=shanghai, destStation=nanjing), Ticket(seatNo=2109276771, startStation=shanghai, destStation=nanjing), Ticket(seatNo=746347294, startStation=shanghai, destStation=nanjing), Ticket(seatNo=1636266694, startStation=shanghai, destStation=nanjing), Ticket(seatNo=538009141, startStation=shanghai, destStation=nanjing), Ticket(seatNo=1944586976, startStation=shanghai, destStation=nanjing), Ticket(seatNo=1320680614, startStation=shanghai, destStation=nanjing), Ticket(seatNo=142490066, startStation=shanghai, destStation=nanjing), Ticket(seatNo=252466715, startStation=shanghai, destStation=nanjing), Ticket(seatNo=1806446874, startStation=shanghai, destStation=nanjing), Ticket(seatNo=1743761737, startStation=shanghai, destStation=nanjing), Ticket(seatNo=610439616, startStation=shanghai, destStation=nanjing), Ticket(seatNo=76166607, startStation=shanghai, destStation=nanjing), Ticket(seatNo=1265135696, startStation=shanghai, destStation=nanjing), Ticket(seatNo=1177274309, startStation=shanghai, destStation=nanjing), Ticket(seatNo=746628462, startStation=shanghai, destStation=nanjing), Ticket(seatNo=573722729, startStation=shanghai, destStation=nanjing), Ticket(seatNo=940056408, startStation=shanghai, destStation=nanjing), Ticket(seatNo=202317050, startStation=shanghai, destStation=nanjing), Ticket(seatNo=221602851, startStation=shanghai, destStation=nanjing), Ticket(seatNo=1431476535, startStation=shanghai, destStation=nanjing), Ticket(seatNo=606888208, startStation=shanghai, destStation=nanjing), Ticket(seatNo=813377677, startStation=shanghai, destStation=nanjing), Ticket(seatNo=1592122745, startStation=shanghai, destStation=nanjing), Ticket(seatNo=2128153780, startStation=shanghai, destStation=nanjing), Ticket(seatNo=568784077, startStation=shanghai, destStation=nanjing), Ticket(seatNo=990332202, startStation=shanghai, destStation=nanjing), Ticket(seatNo=1969469614, startStation=shanghai, destStation=nanjing), Ticket(seatNo=1456285444, startStation=shanghai, destStation=nanjing), Ticket(seatNo=1785859166, startStation=shanghai, destStation=nanjing)]}]\n"",""stream"":""stdout"",""time"":""2025-06-06T09:22:44.026974017Z""}"
2025-06-06T09:22:44.022626439Z,1674984164022626439,33.33.33.155,ts-order-other-service-6cdbf9b4cc-h7mqk,server,52c313f89955b70f9214e11aefde04ba,b53f6315111ee0c9,"{""log"":""17:22:44.022 INFO  o.c.OrderOtherController#42 TraceID: 52c313f89955b70f9214e11aefde04ba SpanID: b53f6315111ee0c9 [getSoldTickets][Get Sold Ticket][Travel Date: 2023-01-29]\n"",""stream"":""stdout"",""time"":""2025-06-06T09:22:44.022626439Z""}"
2025-06-06T09:22:43.768462427Z,1674984163768462427,33.33.33.155,ts-order-other-service-6cdbf9b4cc-h7mqk,server,52c313f89955b70f9214e11aefde04ba,e3d299f41cccbdc2,"{""log"":""17:22:43.767 INFO  o.s.OrderOtherServiceImpl#67 TraceID: 52c313f89955b70f9214e11aefde04ba SpanID: e3d299f41cccbdc2 [getSoldTickets][Left ticket info][info is: LeftTicketInfo{soldTickets=[Ticket(seatNo=388817927, startStation=shanghai, destStation=nanjing), Ticket(seatNo=512319188, startStation=shanghai, destStation=nanjing), Ticket(seatNo=650950163, startStation=shanghai, destStation=nanjing), Ticket(seatNo=1408310701, startStation=shanghai, destStation=nanjing), Ticket(seatNo=681456978, startStation=shanghai, destStation=nanjing), Ticket(seatNo=1278422345, startStation=shanghai, destStation=nanjing), Ticket(seatNo=113640569, startStation=shanghai, destStation=nanjing), Ticket(seatNo=1706091788, startStation=shanghai, destStation=nanjing), Ticket(seatNo=719931591, startStation=shanghai, destStation=nanjing), Ticket(seatNo=324348558, startStation=shanghai, destStation=nanjing), Ticket(seatNo=437134557, startStation=shanghai, destStation=nanjing), Ticket(seatNo=1180305654, startStation=shanghai, destStation=nanjing), Ticket(seatNo=218664224, startStation=shanghai, destStation=nanjing), Ticket(seatNo=1531256885, startStation=shanghai, destStation=nanjing), Ticket(seatNo=282865016, startStation=shanghai, destStation=nanjing), Ticket(seatNo=290573193, startStation=shanghai, destStation=nanjing), Ticket(seatNo=2091646075, startStation=shanghai, destStation=nanjing), Ticket(seatNo=1529246592, startStation=shanghai, destStation=nanjing), Ticket(seatNo=518358183, startStation=shanghai, destStation=nanjing), Ticket(seatNo=1578574107, startStation=shanghai, destStation=nanjing), Ticket(seatNo=864103707, startStation=shanghai, destStation=nanjing), Ticket(seatNo=1101722819, startStation=shanghai, destStation=nanjing), Ticket(seatNo=1110043211, startStation=shanghai, destStation=nanjing), Ticket(seatNo=2115304579, startStation=shanghai, destStation=nanjing), Ticket(seatNo=517895253, startStation=shanghai, destStation=nanjing), Ticket(seatNo=112374996, startStation=shanghai, destStation=nanjing), Ticket(seatNo=1222554072, startStation=shanghai, destStation=nanjing), Ticket(seatNo=1445221655, startStation=shanghai, destStation=nanjing), Ticket(seatNo=55335899, startStation=shanghai, destStation=nanjing), Ticket(seatNo=1402723531, startStation=shanghai, destStation=nanjing), Ticket(seatNo=520072209, startStation=shanghai, destStation=nanjing), Ticket(seatNo=1063924165, startStation=shanghai, destStation=nanjing), Ticket(seatNo=828062078, startStation=shanghai, destStation=nanjing), Ticket(seatNo=364950093, startStation=shanghai, destStation=nanjing), Ticket(seatNo=2090617881, startStation=shanghai, destStation=nanjing), Ticket(seatNo=1605189805, startStation=shanghai, destStation=nanjing), Ticket(seatNo=182083286, startStation=shanghai, destStation=nanjing), Ticket(seatNo=1956808479, startStation=shanghai, destStation=nanjing), Ticket(seatNo=1479771875, startStation=shanghai, destStation=nanjing), Ticket(seatNo=1340473816, startStation=shanghai, destStation=nanjing), Ticket(seatNo=2058528320, startStation=shanghai, destStation=nanjing), Ticket(seatNo=1862239339, startStation=shanghai, destStation=nanjing), Ticket(seatNo=756196424, startStation=shanghai, destStation=nanjing), Ticket(seatNo=1554210637, startStation=shanghai, destStation=nanjing), Ticket(seatNo=2131607583, startStation=shanghai, destStation=nanjing), Ticket(seatNo=1114945650, startStation=shanghai, destStation=nanjing), Ticket(seatNo=978840618, startStation=shanghai, destStation=nanjing), Ticket(seatNo=1696192204, startStation=shanghai, destStation=nanjing), Ticket(seatNo=159217444, startStation=shanghai, destStation=nanjing), Ticket(seatNo=1472397446, startStation=shanghai, destStation=nanjing), Ticket(seatNo=863762562, startStation=shanghai, destStation=nanjing), Ticket(seatNo=762240728, startStation=shanghai, destStation=nanjing), Ticket(seatNo=733090960, startStation=shanghai, destStation=nanjing), Ticket(seatNo=1385200790, startStation=shanghai, destStation=nanjing), Ticket(seatNo=1483334408, startStation=shanghai, destStation=nanjing), Ticket(seatNo=1230952670, startStation=shanghai, destStation=nanjing), Ticket(seatNo=1760486203, startStation=shanghai, destStation=nanjing), Ticket(seatNo=1631472666, startStation=shanghai, destStation=nanjing), Ticket(seatNo=882144838, startStation=shanghai, destStation=nanjing), Ticket(seatNo=210246843, startStation=shanghai, destStation=nanjing), Ticket(seatNo=427259238, startStation=shanghai, destStation=nanjing), Ticket(seatNo=1232572404, startStation=shanghai, destStation=nanjing), Ticket(seatNo=1304478712, startStation=shanghai, destStation=nanjing), Ticket(seatNo=2016232602, startStation=shanghai, destStation=nanjing), Ticket(seatNo=76670888, startStation=shanghai, destStation=nanjing), Ticket(seatNo=1754550335, startStation=shanghai, destStation=nanjing), Ticket(seatNo=1491838595, startStation=shanghai, destStation=nanjing), Ticket(seatNo=1330605393, startStation=shanghai, destStation=nanjing), Ticket(seatNo=226825480, startStation=shanghai, destStation=nanjing), Ticket(seatNo=1787175945, startStation=shanghai, destStation=nanjing), Ticket(seatNo=590443336, startStation=shanghai, destStation=nanjing), Ticket(seatNo=427944411, startStation=shanghai, destStation=nanjing), Ticket(seatNo=1638437656, startStation=shanghai, destStation=nanjing), Ticket(seatNo=1361381257, startStation=shanghai, destStation=nanjing), Ticket(seatNo=1482512162, startStation=shanghai, destStation=nanjing), Ticket(seatNo=400526011, startStation=shanghai, destStation=nanjing), Ticket(seatNo=1749342441, startStation=shanghai, destStation=nanjing), Ticket(seatNo=2117918027, startStation=shanghai, destStation=nanjing), Ticket(seatNo=654927142, startStation=shanghai, destStation=nanjing), Ticket(seatNo=1977897455, startStation=shanghai, destStation=nanjing), Ticket(seatNo=641977830, startStation=shanghai, destStation=nanjing), Ticket(seatNo=1021188806, startStation=shanghai, destStation=nanjing), Ticket(seatNo=1445935016, startStation=shanghai, destStation=nanjing), Ticket(seatNo=830548221, startStation=shanghai, destStation=nanjing), Ticket(seatNo=1655441840, startStation=shanghai, destStation=nanjing), Ticket(seatNo=678340688, startStation=shanghai, destStation=nanjing), Ticket(seatNo=1682320147, startStation=shanghai, destStation=nanjing), Ticket(seatNo=1195341149, startStation=shanghai, destStation=nanjing), Ticket(seatNo=973914808, startStation=shanghai, destStation=nanjing), Ticket(seatNo=1217764195, startStation=shanghai, destStation=nanjing), Ticket(seatNo=837692558, startStation=shanghai, destStation=nanjing), Ticket(seatNo=1203709814, startStation=shanghai, destStation=nanjing), Ticket(seatNo=984361044, startStation=shanghai, destStation=nanjing), Ticket(seatNo=675974723, startStation=shanghai, destStation=nanjing), Ticket(seatNo=1490992938, startStation=shanghai, destStation=nanjing), Ticket(seatNo=1201160931, startStation=shanghai, destStation=nanjing), Ticket(seatNo=1435884154, startStation=shanghai, destStation=nanjing), Ticket(seatNo=1297551695, startStation=shanghai, destStation=nanjing), Ticket(seatNo=1664074534, startStation=shanghai, destStation=nanjing), Ticket(seatNo=1921728155, startStation=shanghai, destStation=nanjing), Ticket(seatNo=1137714160, startStation=shanghai, destStation=nanjing), Ticket(seatNo=1988971469, startStation=shanghai, destStation=nanjing), Ticket(seatNo=1018160513, startStation=shanghai, destStation=nanjing), Ticket(seatNo=1550917166, startStation=shanghai, destStation=nanjing), Ticket(seatNo=1894695695, startStation=shanghai, destStation=nanjing), Ticket(seatNo=784843623, startStation=shanghai, destStation=nanjing), Ticket(seatNo=1932732784, startStation=shanghai, destStation=nanjing), Ticket(seatNo=1565956437, startStation=shanghai, destStation=nanjing), Ticket(seatNo=249855326, startStation=shanghai, destStation=nanjing), Ticket(seatNo=77833908, startStation=shanghai, destStation=nanjing), Ticket(seatNo=64395763, startStation=shanghai, destStation=nanjing), Ticket(seatNo=781572303, startStation=shanghai, destStation=nanjing), Ticket(seatNo=1060217224, startStation=shanghai, destStation=nanjing), Ticket(seatNo=210817532, startStation=shanghai, destStation=nanjing), Ticket(seatNo=1587135411, startStation=shanghai, destStation=nanjing), Ticket(seatNo=862437816, startStation=shanghai, destStation=nanjing), Ticket(seatNo=348991760, startStation=shanghai, destStation=nanjing), Ticket(seatNo=1479280287, startStation=shanghai, destStation=nanjing), Ticket(seatNo=349038530, startStation=shanghai, destStation=nanjing), Ticket(seatNo=90480773, startStation=shanghai, destStation=nanjing), Ticket(seatNo=1465059263, startStation=shanghai, destStation=nanjing), Ticket(seatNo=985339747, startStation=shanghai, destStation=nanjing), Ticket(seatNo=1498460243, startStation=shanghai, destStation=nanjing), Ticket(seatNo=671507041, startStation=shanghai, destStation=nanjing), Ticket(seatNo=965174800, startStation=shanghai, destStation=nanjing), Ticket(seatNo=1841324996, startStation=shanghai, destStation=nanjing), Ticket(seatNo=1248601454, startStation=shanghai, destStation=nanjing), Ticket(seatNo=1901083814, startStation=shanghai, destStation=nanjing), Ticket(seatNo=2077341681, startStation=shanghai, destStation=nanjing), Ticket(seatNo=1207577891, startStation=shanghai, destStation=nanjing), Ticket(seatNo=1454446323, startStation=shanghai, destStation=nanjing), Ticket(seatNo=234766556, startStation=shanghai, destStation=nanjing), Ticket(seatNo=1726109987, startStation=shanghai, destStation=nanjing), Ticket(seatNo=317002893, startStation=shanghai, destStation=nanjing), Ticket(seatNo=1499460332, startStation=shanghai, destStation=nanjing), Ticket(seatNo=267587626, startStation=shanghai, destStation=nanjing), Ticket(seatNo=747527520, startStation=shanghai, destStation=nanjing), Ticket(seatNo=207584255, startStation=shanghai, destStation=nanjing), Ticket(seatNo=636497848, startStation=shanghai, destStation=nanjing), Ticket(seatNo=134621623, startStation=shanghai, destStation=nanjing), Ticket(seatNo=1143973252, startStation=shanghai, destStation=nanjing), Ticket(seatNo=1285506393, startStation=shanghai, destStation=nanjing), Ticket(seatNo=1318597280, startStation=shanghai, destStation=nanjing), Ticket(seatNo=2109276771, startStation=shanghai, destStation=nanjing), Ticket(seatNo=746347294, startStation=shanghai, destStation=nanjing), Ticket(seatNo=1636266694, startStation=shanghai, destStation=nanjing), Ticket(seatNo=538009141, startStation=shanghai, destStation=nanjing), Ticket(seatNo=1944586976, startStation=shanghai, destStation=nanjing), Ticket(seatNo=1320680614, startStation=shanghai, destStation=nanjing), Ticket(seatNo=142490066, startStation=shanghai, destStation=nanjing), Ticket(seatNo=252466715, startStation=shanghai, destStation=nanjing), Ticket(seatNo=1806446874, startStation=shanghai, destStation=nanjing), Ticket(seatNo=1743761737, startStation=shanghai, destStation=nanjing), Ticket(seatNo=610439616, startStation=shanghai, destStation=nanjing), Ticket(seatNo=76166607, startStation=shanghai, destStation=nanjing), Ticket(seatNo=1265135696, startStation=shanghai, destStation=nanjing), Ticket(seatNo=1177274309, startStation=shanghai, destStation=nanjing), Ticket(seatNo=746628462, startStation=shanghai, destStation=nanjing), Ticket(seatNo=573722729, startStation=shanghai, destStation=nanjing), Ticket(seatNo=940056408, startStation=shanghai, destStation=nanjing), Ticket(seatNo=202317050, startStation=shanghai, destStation=nanjing), Ticket(seatNo=221602851, startStation=shanghai, destStation=nanjing), Ticket(seatNo=1431476535, startStation=shanghai, destStation=nanjing), Ticket(seatNo=606888208, startStation=shanghai, destStation=nanjing), Ticket(seatNo=813377677, startStation=shanghai, destStation=nanjing), Ticket(seatNo=1592122745, startStation=shanghai, destStation=nanjing), Ticket(seatNo=2128153780, startStation=shanghai, destStation=nanjing), Ticket(seatNo=568784077, startStation=shanghai, destStation=nanjing), Ticket(seatNo=990332202, startStation=shanghai, destStation=nanjing), Ticket(seatNo=1969469614, startStation=shanghai, destStation=nanjing), Ticket(seatNo=1456285444, startStation=shanghai, destStation=nanjing), Ticket(seatNo=1785859166, startStation=shanghai, destStation=nanjing)]}]\n"",""stream"":""stdout"",""time"":""2025-06-06T09:22:43.768462427Z""}"
2025-06-06T09:22:43.764163526Z,1674984163764163526,33.33.33.155,ts-order-other-service-6cdbf9b4cc-h7mqk,server,52c313f89955b70f9214e11aefde04ba,e3d299f41cccbdc2,"{""log"":""17:22:43.763 INFO  o.c.OrderOtherController#42 TraceID: 52c313f89955b70f9214e11aefde04ba SpanID: e3d299f41cccbdc2 [getSoldTickets][Get Sold Ticket][Travel Date: 2023-01-29]\n"",""stream"":""stdout"",""time"":""2025-06-06T09:22:43.764163526Z""}"
2025-06-06T09:22:43.674229841Z,1674984163674229841,33.33.33.155,ts-order-other-service-6cdbf9b4cc-h7mqk,server,52c313f89955b70f9214e11aefde04ba,30192295ead1fbe8,"{""log"":""17:22:43.673 INFO  o.c.OrderOtherController#118 TraceID: 52c313f89955b70f9214e11aefde04ba SpanID: 30192295ead1fbe8 [checkSecurityAboutOrder][Security Info Get][CheckDate:Sun Jan 29 17:22:43 CST 2023 , AccountId:4d2a46c7-71cb-4cf1-b5bb-b68406d9da6f]\n"",""stream"":""stdout"",""time"":""2025-06-06T09:22:43.674229841Z""}"
2025-06-06T09:22:44.306514429Z,1674984164306514429,33.33.33.155,ts-food-service-f5756978c-k8vqf,server,52c313f89955b70f9214e11aefde04ba,074b1e0938b81a3a,"{""log"":""17:22:44.306 INFO  f.s.FoodServiceImpl#143 TraceID: 52c313f89955b70f9214e11aefde04ba SpanID: 074b1e0938b81a3a [createFoodOrder][AddFoodOrder][delivery info send to mq][delivery info: {\""orderId\"":\""71914f61-edac-4aec-b85e-8e35844dd4ef\"",\""foodName\"":\""Soup\"",\""storeName\"":\""Roman Holiday\"",\""stationName\"":\""Su Zhou\""}]\n"",""stream"":""stdout"",""time"":""2025-06-06T09:22:44.306514429Z""}"
2025-06-06T09:22:44.305965934Z,1674984164305965934,33.33.33.155,ts-food-service-f5756978c-k8vqf,server,52c313f89955b70f9214e11aefde04ba,074b1e0938b81a3a,"{""log"":""17:22:44.305 INFO  f.mq.RabbitSend#20 TraceID: 52c313f89955b70f9214e11aefde04ba SpanID: 074b1e0938b81a3a Send info to mq:{\""orderId\"":\""71914f61-edac-4aec-b85e-8e35844dd4ef\"",\""foodName\"":\""Soup\"",\""storeName\"":\""Roman Holiday\"",\""stationName\"":\""Su Zhou\""}\n"",""stream"":""stdout"",""time"":""2025-06-06T09:22:44.305965934Z""}"
2025-06-06T09:22:44.305255765Z,1674984164305255765,33.33.33.155,ts-food-service-f5756978c-k8vqf,server,52c313f89955b70f9214e11aefde04ba,074b1e0938b81a3a,"{""log"":""17:22:44.304 INFO  f.s.FoodServiceImpl#132 TraceID: 52c313f89955b70f9214e11aefde04ba SpanID: 074b1e0938b81a3a [createFoodOrder][AddFoodOrder Success]\n"",""stream"":""stdout"",""time"":""2025-06-06T09:22:44.305255765Z""}"
2025-06-06T09:22:44.298179126Z,1674984164298179126,33.33.33.155,ts-food-service-f5756978c-k8vqf,server,52c313f89955b70f9214e11aefde04ba,074b1e0938b81a3a,"{""log"":""17:22:44.296 INFO  f.c.FoodController#58 TraceID: 52c313f89955b70f9214e11aefde04ba SpanID: 074b1e0938b81a3a [createFoodOrder][Try to Create a FoodOrder!]\n"",""stream"":""stdout"",""time"":""2025-06-06T09:22:44.298179126Z""}"
2025-06-06T09:22:44.318113142Z,1674984164318113142,33.33.33.76,ts-delivery-service-7d97b69596-lmsfv,server,52c313f89955b70f9214e11aefde04ba,d0ba92fb70d495e7,"{""log"":""17:22:44.317 INFO  d.m.RabbitReceive#52 TraceID: 52c313f89955b70f9214e11aefde04ba SpanID: d0ba92fb70d495e7 [process][Save delivery object into database success]\n"",""stream"":""stdout"",""time"":""2025-06-06T09:22:44.318113142Z""}"
2025-06-06T09:22:44.310866447Z,1674984164310866447,33.33.33.76,ts-delivery-service-7d97b69596-lmsfv,server,52c313f89955b70f9214e11aefde04ba,d0ba92fb70d495e7,"{""log"":""17:22:44.310 INFO  d.m.RabbitReceive#44 TraceID: 52c313f89955b70f9214e11aefde04ba SpanID: d0ba92fb70d495e7 [process][Receive delivery object][delivery object: {}]Delivery(id=null, orderId=71914f61-edac-4aec-b85e-8e35844dd4ef, foodName=Soup, storeName=Roman Holiday, stationName=Su Zhou)\n"",""stream"":""stdout"",""time"":""2025-06-06T09:22:44.310866447Z""}"
2025-06-06T09:22:44.309403316Z,1674984164309403316,33.33.33.76,ts-delivery-service-7d97b69596-lmsfv,server,52c313f89955b70f9214e11aefde04ba,d0ba92fb70d495e7,"{""log"":""17:22:44.308 INFO  d.m.RabbitReceive#37 TraceID: 52c313f89955b70f9214e11aefde04ba SpanID: d0ba92fb70d495e7 [process][Delivery service]\n"",""stream"":""stdout"",""time"":""2025-06-06T09:22:44.309403316Z""}"
2025-06-06T09:22:43.696681736Z,1674984163696681736,33.33.33.79,ts-contacts-service-866bd68c97-xcqfx,server,52c313f89955b70f9214e11aefde04ba,631733f1402b6bf4,"{""log"":""17:22:43.695 INFO  c.s.ContactsServiceImpl#34 TraceID: 52c313f89955b70f9214e11aefde04ba SpanID: 631733f1402b6bf4 [findContactsById][contactsRepository.findById][Find contacts]\n"",""stream"":""stdout"",""time"":""2025-06-06T09:22:43.696681736Z""}"
2025-06-06T09:22:43.69053378Z,1674984163690533780,33.33.33.79,ts-contacts-service-866bd68c97-xcqfx,server,52c313f89955b70f9214e11aefde04ba,631733f1402b6bf4,"{""log"":""17:22:43.690 INFO  c.s.ContactsServiceImpl#31 TraceID: 52c313f89955b70f9214e11aefde04ba SpanID: 631733f1402b6bf4 FIND CONTACTS BY ID: 415d1665-fbb2-4ec9-83f5-5ebe51dc1825\n"",""stream"":""stdout"",""time"":""2025-06-06T09:22:43.69053378Z""}"
2025-06-06T09:22:43.69020018Z,1674984163690200180,33.33.33.79,ts-contacts-service-866bd68c97-xcqfx,server,52c313f89955b70f9214e11aefde04ba,631733f1402b6bf4,"{""log"":""17:22:43.689 INFO  c.c.ContactsController#84 TraceID: 52c313f89955b70f9214e11aefde04ba SpanID: 631733f1402b6bf4 [ContactsService][VerifyLogin Success]\n"",""stream"":""stdout"",""time"":""2025-06-06T09:22:43.69020018Z""}"
2025-06-06T09:22:43.689846569Z,1674984163689846569,33.33.33.79,ts-contacts-service-866bd68c97-xcqfx,server,52c313f89955b70f9214e11aefde04ba,631733f1402b6bf4,"{""log"":""17:22:43.688 INFO  c.c.ContactsController#83 TraceID: 52c313f89955b70f9214e11aefde04ba SpanID: 631733f1402b6bf4 [ContactsService][Contacts Id Print][id: 415d1665-fbb2-4ec9-83f5-5ebe51dc1825]\n"",""stream"":""stdout"",""time"":""2025-06-06T09:22:43.689846569Z""}"
2025-06-06T09:22:44.034211609Z,1674984164034211609,33.33.33.115,ts-config-service-5fcd447d84-wxwjd,server,52c313f89955b70f9214e11aefde04ba,16fb062243a213f8,"{""log"":""17:22:44.033 INFO  c.s.ConfigServiceImpl#65 TraceID: 52c313f89955b70f9214e11aefde04ba SpanID: 16fb062243a213f8 [query][Query config success][config name: DirectTicketAllocationProportion]\n"",""stream"":""stdout"",""time"":""2025-06-06T09:22:44.034211609Z""}"
2025-06-06T09:22:44.033206028Z,1674984164033206028,33.33.33.115,ts-config-service-5fcd447d84-wxwjd,server,52c313f89955b70f9214e11aefde04ba,16fb062243a213f8,"{""log"":""17:22:44.032 INFO  c.c.ConfigController#67 TraceID: 52c313f89955b70f9214e11aefde04ba SpanID: 16fb062243a213f8 [retrieve][Retrieve config][configName: DirectTicketAllocationProportion]\n"",""stream"":""stdout"",""time"":""2025-06-06T09:22:44.033206028Z""}"
2025-06-06T09:22:43.790065751Z,1674984163790065751,33.33.33.115,ts-config-service-5fcd447d84-wxwjd,server,52c313f89955b70f9214e11aefde04ba,0510d345f8922c16,"{""log"":""17:22:43.789 INFO  c.s.ConfigServiceImpl#65 TraceID: 52c313f89955b70f9214e11aefde04ba SpanID: 0510d345f8922c16 [query][Query config success][config name: DirectTicketAllocationProportion]\n"",""stream"":""stdout"",""time"":""2025-06-06T09:22:43.790065751Z""}"
2025-06-06T09:22:43.789102441Z,1674984163789102441,33.33.33.115,ts-config-service-5fcd447d84-wxwjd,server,52c313f89955b70f9214e11aefde04ba,0510d345f8922c16,"{""log"":""17:22:43.788 INFO  c.c.ConfigController#67 TraceID: 52c313f89955b70f9214e11aefde04ba SpanID: 0510d345f8922c16 [retrieve][Retrieve config][configName: DirectTicketAllocationProportion]\n"",""stream"":""stdout"",""time"":""2025-06-06T09:22:43.789102441Z""}"
2025-06-06T09:22:44.084625952Z,1674984164084625952,33.33.33.76,ts-basic-service-5dc8d4f9fd-46997,server,52c313f89955b70f9214e11aefde04ba,6200b799b418a012,"{""log"":""17:22:44.084 INFO  f.m.s.BasicServiceImpl#119 TraceID: 52c313f89955b70f9214e11aefde04ba SpanID: 6200b799b418a012 [queryForTravel][all done][result: TravelResult(status=true, percent=1.0, trainType=TrainType(id=e24bb484-516a-4aad-b37f-517e7139e913, name=ZhiDa, economyClass=2147483647, confortClass=2147483647, averageSpeed=120), route=Route(id=0b23bd3e-876a-4af3-b920-c50a90c90b04, stations=[shanghai, nanjing, shijiazhuang, taiyuan], distances=[0, 350, 1000, 1300], startStation=shanghai, endStation=taiyuan), prices={confortClass=350.0, economyClass=122.49999999999999})]\n"",""stream"":""stdout"",""time"":""2025-06-06T09:22:44.084625952Z""}"
2025-06-06T09:22:44.084472902Z,1674984164084472902,33.33.33.76,ts-basic-service-5dc8d4f9fd-46997,server,52c313f89955b70f9214e11aefde04ba,6200b799b418a012,"{""log"":""17:22:44.084 INFO  f.m.s.BasicServiceImpl#100 TraceID: 52c313f89955b70f9214e11aefde04ba SpanID: 6200b799b418a012 [queryForTravel][calculate price]\n"",""stream"":""stdout"",""time"":""2025-06-06T09:22:44.084472902Z""}"
2025-06-06T09:22:44.084162857Z,1674984164084162857,33.33.33.76,ts-basic-service-5dc8d4f9fd-46997,server,52c313f89955b70f9214e11aefde04ba,6200b799b418a012,"{""log"":""17:22:44.083 INFO  f.m.s.BasicServiceImpl#454 TraceID: 52c313f89955b70f9214e11aefde04ba SpanID: 6200b799b418a012 [queryPriceConfigByRouteIdAndTrainType][Response Resutl to String][result: Response(status=1, msg=Success, data={id=b90a6ad7-ffad-4624-9655-48e9e185fa6c, trainType=ZhiDa, routeId=0b23bd3e-876a-4af3-b920-c50a90c90b04, basicPriceRate=0.35, firstClassPriceRate=1.0})]\n"",""stream"":""stdout"",""time"":""2025-06-06T09:22:44.084162857Z""}"
2025-06-06T09:22:44.076177657Z,1674984164076177657,33.33.33.76,ts-basic-service-5dc8d4f9fd-46997,server,52c313f89955b70f9214e11aefde04ba,6200b799b418a012,"{""log"":""17:22:44.075 INFO  f.m.s.BasicServiceImpl#444 TraceID: 52c313f89955b70f9214e11aefde04ba SpanID: 6200b799b418a012 [queryPriceConfigByRouteIdAndTrainType][Query For Price Config][RouteId: 0b23bd3e-876a-4af3-b920-c50a90c90b04 ,TrainType: ZhiDa]\n"",""stream"":""stdout"",""time"":""2025-06-06T09:22:44.076177657Z""}"
2025-06-06T09:22:44.076042242Z,1674984164076042242,33.33.33.76,ts-basic-service-5dc8d4f9fd-46997,server,52c313f89955b70f9214e11aefde04ba,6200b799b418a012,"{""log"":""17:22:44.075 INFO  f.m.s.BasicServiceImpl#90 TraceID: 52c313f89955b70f9214e11aefde04ba SpanID: 6200b799b418a012 [queryForTravel][query stations and distances][stations: [shanghai, nanjing, shijiazhuang, taiyuan] distances: [0, 350, 1000, 1300]]\n"",""stream"":""stdout"",""time"":""2025-06-06T09:22:44.076042242Z""}"
2025-06-06T09:22:44.075896888Z,1674984164075896888,33.33.33.76,ts-basic-service-5dc8d4f9fd-46997,server,52c313f89955b70f9214e11aefde04ba,6200b799b418a012,"{""log"":""17:22:44.075 INFO  f.m.s.BasicServiceImpl#89 TraceID: 52c313f89955b70f9214e11aefde04ba SpanID: 6200b799b418a012 [queryForTravel][query start index and end index][indexStart: 0 indexEnd: 1]\n"",""stream"":""stdout"",""time"":""2025-06-06T09:22:44.075896888Z""}"
2025-06-06T09:22:44.075444838Z,1674984164075444838,33.33.33.76,ts-basic-service-5dc8d4f9fd-46997,server,52c313f89955b70f9214e11aefde04ba,6200b799b418a012,"{""log"":""17:22:44.075 INFO  f.m.s.BasicServiceImpl#438 TraceID: 52c313f89955b70f9214e11aefde04ba SpanID: 6200b799b418a012 [getRouteByRouteId][Get Route By Id][Success]\n"",""stream"":""stdout"",""time"":""2025-06-06T09:22:44.075444838Z""}"
2025-06-06T09:22:44.061592578Z,1674984164061592578,33.33.33.76,ts-basic-service-5dc8d4f9fd-46997,server,52c313f89955b70f9214e11aefde04ba,6200b799b418a012,"{""log"":""17:22:44.061 INFO  f.m.s.BasicServiceImpl#425 TraceID: 52c313f89955b70f9214e11aefde04ba SpanID: 6200b799b418a012 [getRouteByRouteId][Get Route By Id][Route ID: 0b23bd3e-876a-4af3-b920-c50a90c90b04]\n"",""stream"":""stdout"",""time"":""2025-06-06T09:22:44.061592578Z""}"
2025-06-06T09:22:44.053999633Z,1674984164053999633,33.33.33.76,ts-basic-service-5dc8d4f9fd-46997,server,52c313f89955b70f9214e11aefde04ba,6200b799b418a012,"{""log"":""17:22:44.053 INFO  f.m.s.BasicServiceImpl#391 TraceID: 52c313f89955b70f9214e11aefde04ba SpanID: 6200b799b418a012 [queryTrainTypeByName][Query Train Type][Train Type name: ZhiDa]\n"",""stream"":""stdout"",""time"":""2025-06-06T09:22:44.053999633Z""}"
2025-06-06T09:22:44.050864244Z,1674984164050864244,33.33.33.76,ts-basic-service-5dc8d4f9fd-46997,server,52c313f89955b70f9214e11aefde04ba,6200b799b418a012,"{""log"":""17:22:44.050 INFO  f.m.s.BasicServiceImpl#360 TraceID: 52c313f89955b70f9214e11aefde04ba SpanID: 6200b799b418a012 [checkStationExists][Check Station Exists][stationName: nanjing]\n"",""stream"":""stdout"",""time"":""2025-06-06T09:22:44.050864244Z""}"
2025-06-06T09:22:44.046208208Z,1674984164046208208,33.33.33.76,ts-basic-service-5dc8d4f9fd-46997,server,52c313f89955b70f9214e11aefde04ba,6200b799b418a012,"{""log"":""17:22:44.045 INFO  f.m.s.BasicServiceImpl#360 TraceID: 52c313f89955b70f9214e11aefde04ba SpanID: 6200b799b418a012 [checkStationExists][Check Station Exists][stationName: shanghai]\n"",""stream"":""stdout"",""time"":""2025-06-06T09:22:44.046208208Z""}"
2025-06-06T09:22:44.046079766Z,1674984164046079766,33.33.33.76,ts-basic-service-5dc8d4f9fd-46997,server,52c313f89955b70f9214e11aefde04ba,6200b799b418a012,"{""log"":""17:22:44.045 INFO  f.m.c.BasicController#38 TraceID: 52c313f89955b70f9214e11aefde04ba SpanID: 6200b799b418a012 [queryForTravel][Query for travel][Travel: Travel(trip=Trip(id=8a533bf9-bd12-4608-a8eb-606890982448, tripId=Z1234, trainTypeName=ZhiDa, routeId=0b23bd3e-876a-4af3-b920-c50a90c90b04, startStationName=shanghai, stationsName=nanjing, terminalStationName=beijing, startTime=2013-05-04 09:51:52, endTime=2013-05-04 15:51:52), startPlace=shanghai, endPlace=nanjing, departureTime=2023-01-29 17:22:44)]\n"",""stream"":""stdout"",""time"":""2025-06-06T09:22:44.046079766Z""}"
2025-06-06T09:22:43.755345763Z,1674984163755345763,33.33.33.76,ts-basic-service-5dc8d4f9fd-46997,server,52c313f89955b70f9214e11aefde04ba,4f1d4f4cc49c912a,"{""log"":""17:22:43.755 INFO  f.m.s.BasicServiceImpl#119 TraceID: 52c313f89955b70f9214e11aefde04ba SpanID: 4f1d4f4cc49c912a [queryForTravel][all done][result: TravelResult(status=true, percent=1.0, trainType=TrainType(id=e24bb484-516a-4aad-b37f-517e7139e913, name=ZhiDa, economyClass=2147483647, confortClass=2147483647, averageSpeed=120), route=Route(id=0b23bd3e-876a-4af3-b920-c50a90c90b04, stations=[shanghai, nanjing, shijiazhuang, taiyuan], distances=[0, 350, 1000, 1300], startStation=shanghai, endStation=taiyuan), prices={confortClass=350.0, economyClass=122.49999999999999})]\n"",""stream"":""stdout"",""time"":""2025-06-06T09:22:43.755345763Z""}"
2025-06-06T09:22:43.755143131Z,1674984163755143131,33.33.33.76,ts-basic-service-5dc8d4f9fd-46997,server,52c313f89955b70f9214e11aefde04ba,4f1d4f4cc49c912a,"{""log"":""17:22:43.754 INFO  f.m.s.BasicServiceImpl#100 TraceID: 52c313f89955b70f9214e11aefde04ba SpanID: 4f1d4f4cc49c912a [queryForTravel][calculate price]\n"",""stream"":""stdout"",""time"":""2025-06-06T09:22:43.755143131Z""}"
2025-06-06T09:22:43.754780384Z,1674984163754780384,33.33.33.76,ts-basic-service-5dc8d4f9fd-46997,server,52c313f89955b70f9214e11aefde04ba,4f1d4f4cc49c912a,"{""log"":""17:22:43.754 INFO  f.m.s.BasicServiceImpl#454 TraceID: 52c313f89955b70f9214e11aefde04ba SpanID: 4f1d4f4cc49c912a [queryPriceConfigByRouteIdAndTrainType][Response Resutl to String][result: Response(status=1, msg=Success, data={id=b90a6ad7-ffad-4624-9655-48e9e185fa6c, trainType=ZhiDa, routeId=0b23bd3e-876a-4af3-b920-c50a90c90b04, basicPriceRate=0.35, firstClassPriceRate=1.0})]\n"",""stream"":""stdout"",""time"":""2025-06-06T09:22:43.754780384Z""}"
2025-06-06T09:22:43.746517383Z,1674984163746517383,33.33.33.76,ts-basic-service-5dc8d4f9fd-46997,server,52c313f89955b70f9214e11aefde04ba,4f1d4f4cc49c912a,"{""log"":""17:22:43.736 INFO  f.m.s.BasicServiceImpl#444 TraceID: 52c313f89955b70f9214e11aefde04ba SpanID: 4f1d4f4cc49c912a [queryPriceConfigByRouteIdAndTrainType][Query For Price Config][RouteId: 0b23bd3e-876a-4af3-b920-c50a90c90b04 ,TrainType: ZhiDa]\n"",""stream"":""stdout"",""time"":""2025-06-06T09:22:43.746517383Z""}"
2025-06-06T09:22:43.736800192Z,1674984163736800192,33.33.33.76,ts-basic-service-5dc8d4f9fd-46997,server,52c313f89955b70f9214e11aefde04ba,4f1d4f4cc49c912a,"{""log"":""17:22:43.736 INFO  f.m.s.BasicServiceImpl#90 TraceID: 52c313f89955b70f9214e11aefde04ba SpanID: 4f1d4f4cc49c912a [queryForTravel][query stations and distances][stations: [shanghai, nanjing, shijiazhuang, taiyuan] distances: [0, 350, 1000, 1300]]\n"",""stream"":""stdout"",""time"":""2025-06-06T09:22:43.736800192Z""}"
2025-06-06T09:22:43.736670205Z,1674984163736670205,33.33.33.76,ts-basic-service-5dc8d4f9fd-46997,server,52c313f89955b70f9214e11aefde04ba,4f1d4f4cc49c912a,"{""log"":""17:22:43.736 INFO  f.m.s.BasicServiceImpl#89 TraceID: 52c313f89955b70f9214e11aefde04ba SpanID: 4f1d4f4cc49c912a [queryForTravel][query start index and end index][indexStart: 0 indexEnd: 1]\n"",""stream"":""stdout"",""time"":""2025-06-06T09:22:43.736670205Z""}"
2025-06-06T09:22:43.736222483Z,1674984163736222483,33.33.33.76,ts-basic-service-5dc8d4f9fd-46997,server,52c313f89955b70f9214e11aefde04ba,4f1d4f4cc49c912a,"{""log"":""17:22:43.735 INFO  f.m.s.BasicServiceImpl#438 TraceID: 52c313f89955b70f9214e11aefde04ba SpanID: 4f1d4f4cc49c912a [getRouteByRouteId][Get Route By Id][Success]\n"",""stream"":""stdout"",""time"":""2025-06-06T09:22:43.736222483Z""}"
2025-06-06T09:22:43.723701371Z,1674984163723701371,33.33.33.76,ts-basic-service-5dc8d4f9fd-46997,server,52c313f89955b70f9214e11aefde04ba,4f1d4f4cc49c912a,"{""log"":""17:22:43.723 INFO  f.m.s.BasicServiceImpl#425 TraceID: 52c313f89955b70f9214e11aefde04ba SpanID: 4f1d4f4cc49c912a [getRouteByRouteId][Get Route By Id][Route ID: 0b23bd3e-876a-4af3-b920-c50a90c90b04]\n"",""stream"":""stdout"",""time"":""2025-06-06T09:22:43.723701371Z""}"
2025-06-06T09:22:43.715640902Z,1674984163715640902,33.33.33.76,ts-basic-service-5dc8d4f9fd-46997,server,52c313f89955b70f9214e11aefde04ba,4f1d4f4cc49c912a,"{""log"":""17:22:43.715 INFO  f.m.s.BasicServiceImpl#391 TraceID: 52c313f89955b70f9214e11aefde04ba SpanID: 4f1d4f4cc49c912a [queryTrainTypeByName][Query Train Type][Train Type name: ZhiDa]\n"",""stream"":""stdout"",""time"":""2025-06-06T09:22:43.715640902Z""}"
2025-06-06T09:22:43.712570071Z,1674984163712570071,33.33.33.76,ts-basic-service-5dc8d4f9fd-46997,server,52c313f89955b70f9214e11aefde04ba,4f1d4f4cc49c912a,"{""log"":""17:22:43.712 INFO  f.m.s.BasicServiceImpl#360 TraceID: 52c313f89955b70f9214e11aefde04ba SpanID: 4f1d4f4cc49c912a [checkStationExists][Check Station Exists][stationName: nanjing]\n"",""stream"":""stdout"",""time"":""2025-06-06T09:22:43.712570071Z""}"
2025-06-06T09:22:43.707876156Z,1674984163707876156,33.33.33.76,ts-basic-service-5dc8d4f9fd-46997,server,52c313f89955b70f9214e11aefde04ba,4f1d4f4cc49c912a,"{""log"":""17:22:43.707 INFO  f.m.s.BasicServiceImpl#360 TraceID: 52c313f89955b70f9214e11aefde04ba SpanID: 4f1d4f4cc49c912a [checkStationExists][Check Station Exists][stationName: shanghai]\n"",""stream"":""stdout"",""time"":""2025-06-06T09:22:43.707876156Z""}"
2025-06-06T09:22:43.70775043Z,1674984163707750430,33.33.33.76,ts-basic-service-5dc8d4f9fd-46997,server,52c313f89955b70f9214e11aefde04ba,4f1d4f4cc49c912a,"{""log"":""17:22:43.707 INFO  f.m.c.BasicController#38 TraceID: 52c313f89955b70f9214e11aefde04ba SpanID: 4f1d4f4cc49c912a [queryForTravel][Query for travel][Travel: Travel(trip=Trip(id=8a533bf9-bd12-4608-a8eb-606890982448, tripId=Z1234, trainTypeName=ZhiDa, routeId=0b23bd3e-876a-4af3-b920-c50a90c90b04, startStationName=shanghai, stationsName=nanjing, terminalStationName=beijing, startTime=2013-05-04 09:51:52, endTime=2013-05-04 15:51:52), startPlace=shanghai, endPlace=nanjing, departureTime=2023-01-29)]\n"",""stream"":""stdout"",""time"":""2025-06-06T09:22:43.70775043Z""}"
2025-06-06T09:23:01.567512375Z,1674984181567512375,33.33.33.76,ts-user-service-687d654649-lrcwv,server,60a6646a840a53a15195be00e6732d82,f8e8eff5740bb43b,"{""log"":""17:23:01.566 INFO  u.c.UserController#48 TraceID: 60a6646a840a53a15195be00e6732d82 SpanID: f8e8eff5740bb43b [getUserByUserId][Get user by user id][UserId: 4d2a46c7-71cb-4cf1-b5bb-b68406d9da6f]\n"",""stream"":""stdout"",""time"":""2025-06-06T09:23:01.567512375Z""}"
2025-06-06T09:23:01.453240283Z,1674984181453240283,33.33.33.167,ts-travel2-service-5c66d57d58-6mp2b,server,60a6646a840a53a15195be00e6732d82,7aa07fa7cd967269,"{""log"":""17:23:01.453 INFO  t.s.TravelServiceImpl#372 TraceID: 60a6646a840a53a15195be00e6732d82 SpanID: 7aa07fa7cd967269 [getTickets][Calculate distance][calculate time：175  time: Sat May 04 12:46:52 CST 2013]\n"",""stream"":""stdout"",""time"":""2025-06-06T09:23:01.453240283Z""}"
2025-06-06T09:23:01.453104857Z,1674984181453104857,33.33.33.167,ts-travel2-service-5c66d57d58-6mp2b,server,60a6646a840a53a15195be00e6732d82,7aa07fa7cd967269,"{""log"":""17:23:01.452 INFO  t.s.TravelServiceImpl#366 TraceID: 60a6646a840a53a15195be00e6732d82 SpanID: 7aa07fa7cd967269 [getTickets][Calculate distance][calculate time：0  time: Sat May 04 09:51:52 CST 2013]\n"",""stream"":""stdout"",""time"":""2025-06-06T09:23:01.453104857Z""}"
2025-06-06T09:23:01.452939078Z,1674984181452939078,33.33.33.167,ts-travel2-service-5c66d57d58-6mp2b,server,60a6646a840a53a15195be00e6732d82,7aa07fa7cd967269,"{""log"":""17:23:01.452 INFO  t.s.TravelServiceImpl#469 TraceID: 60a6646a840a53a15195be00e6732d82 SpanID: 7aa07fa7cd967269 [getRestTicketNumber][Get Rest tickets num][num is: Response(status=1, msg=Get Left Ticket of Internal Success, data=1073741648)]\n"",""stream"":""stdout"",""time"":""2025-06-06T09:23:01.452939078Z""}"
2025-06-06T09:23:01.382369865Z,1674984181382369865,33.33.33.167,ts-travel2-service-5c66d57d58-6mp2b,server,60a6646a840a53a15195be00e6732d82,7aa07fa7cd967269,"{""log"":""17:23:01.382 INFO  t.s.TravelServiceImpl#459 TraceID: 60a6646a840a53a15195be00e6732d82 SpanID: 7aa07fa7cd967269 [getRestTicketNumber][Seat request][request: Seat(travelDate=2023-01-29, trainNumber=Z1234, startStation=shanghai, destStation=nanjing, seatType=3, totalNum=2147483647, stations=[shanghai, nanjing, shijiazhuang, taiyuan])]\n"",""stream"":""stdout"",""time"":""2025-06-06T09:23:01.382369865Z""}"
2025-06-06T09:23:01.382258304Z,1674984181382258304,33.33.33.167,ts-travel2-service-5c66d57d58-6mp2b,server,60a6646a840a53a15195be00e6732d82,7aa07fa7cd967269,"{""log"":""17:23:01.381 INFO  t.s.TravelServiceImpl#469 TraceID: 60a6646a840a53a15195be00e6732d82 SpanID: 7aa07fa7cd967269 [getRestTicketNumber][Get Rest tickets num][num is: Response(status=1, msg=Get Left Ticket of Internal Success, data=1073741648)]\n"",""stream"":""stdout"",""time"":""2025-06-06T09:23:01.382258304Z""}"
2025-06-06T09:23:01.339592846Z,1674984181339592846,33.33.33.167,ts-travel2-service-5c66d57d58-6mp2b,server,60a6646a840a53a15195be00e6732d82,7aa07fa7cd967269,"{""log"":""17:23:01.339 INFO  t.s.TravelServiceImpl#459 TraceID: 60a6646a840a53a15195be00e6732d82 SpanID: 7aa07fa7cd967269 [getRestTicketNumber][Seat request][request: Seat(travelDate=2023-01-29, trainNumber=Z1234, startStation=shanghai, destStation=nanjing, seatType=2, totalNum=2147483647, stations=[shanghai, nanjing, shijiazhuang, taiyuan])]\n"",""stream"":""stdout"",""time"":""2025-06-06T09:23:01.339592846Z""}"
2025-06-06T09:23:01.294470342Z,1674984181294470342,33.33.33.167,ts-travel2-service-5c66d57d58-6mp2b,server,60a6646a840a53a15195be00e6732d82,7aa07fa7cd967269,"{""log"":""17:23:01.293 INFO  t.c.Travel2Controller#129 TraceID: 60a6646a840a53a15195be00e6732d82 SpanID: 7aa07fa7cd967269 [getTripAllDetailInfo][Get trip detail][TripId: Z1234]\n"",""stream"":""stdout"",""time"":""2025-06-06T09:23:01.294470342Z""}"
2025-06-06T09:23:01.472010171Z,1674984181472010171,33.33.33.79,ts-train-service-86f5f97bc9-dkqmf,server,60a6646a840a53a15195be00e6732d82,2049d39a7a88485d,"{""log"":""17:23:01.471 INFO  t.c.TrainController#60 TraceID: 60a6646a840a53a15195be00e6732d82 SpanID: 2049d39a7a88485d [retrieveByName][Retrieve train][TrainTypeName: ZhiDa]\n"",""stream"":""stdout"",""time"":""2025-06-06T09:23:01.472010171Z""}"
2025-06-06T09:23:01.310188389Z,1674984181310188389,33.33.33.79,ts-train-service-86f5f97bc9-dkqmf,server,60a6646a840a53a15195be00e6732d82,f117841cd5cd6f4a,"{""log"":""17:23:01.309 INFO  t.c.TrainController#60 TraceID: 60a6646a840a53a15195be00e6732d82 SpanID: f117841cd5cd6f4a [retrieveByName][Retrieve train][TrainTypeName: ZhiDa]\n"",""stream"":""stdout"",""time"":""2025-06-06T09:23:01.310188389Z""}"
2025-06-06T09:23:01.467180704Z,1674984181467180704,33.33.33.76,ts-station-service-7f4f5f6f77-5qb6j,server,60a6646a840a53a15195be00e6732d82,6a3b4a63c80ecdab,"{""log"":""17:23:01.466 INFO  f.m.c.StationController#63 TraceID: 60a6646a840a53a15195be00e6732d82 SpanID: 6a3b4a63c80ecdab [queryForId][Query for station id][StationName: nanjing]\n"",""stream"":""stdout"",""time"":""2025-06-06T09:23:01.467180704Z""}"
2025-06-06T09:23:01.463375757Z,1674984181463375757,33.33.33.76,ts-station-service-7f4f5f6f77-5qb6j,server,60a6646a840a53a15195be00e6732d82,45d4471912d9883d,"{""log"":""17:23:01.462 INFO  f.m.c.StationController#63 TraceID: 60a6646a840a53a15195be00e6732d82 SpanID: 45d4471912d9883d [queryForId][Query for station id][StationName: shanghai]\n"",""stream"":""stdout"",""time"":""2025-06-06T09:23:01.463375757Z""}"
2025-06-06T09:23:01.304091934Z,1674984181304091934,33.33.33.76,ts-station-service-7f4f5f6f77-5qb6j,server,60a6646a840a53a15195be00e6732d82,3738eb79d9a2a9ca,"{""log"":""17:23:01.303 INFO  f.m.c.StationController#63 TraceID: 60a6646a840a53a15195be00e6732d82 SpanID: 3738eb79d9a2a9ca [queryForId][Query for station id][StationName: nanjing]\n"",""stream"":""stdout"",""time"":""2025-06-06T09:23:01.304091934Z""}"
2025-06-06T09:23:01.300582745Z,1674984181300582745,33.33.33.76,ts-station-service-7f4f5f6f77-5qb6j,server,60a6646a840a53a15195be00e6732d82,be244790cc842ff7,"{""log"":""17:23:01.300 INFO  f.m.c.StationController#63 TraceID: 60a6646a840a53a15195be00e6732d82 SpanID: be244790cc842ff7 [queryForId][Query for station id][StationName: shanghai]\n"",""stream"":""stdout"",""time"":""2025-06-06T09:23:01.300582745Z""}"
2025-06-06T09:23:01.272914271Z,1674984181272914271,33.33.33.115,ts-security-service-cb9788d56-mrzv2,ts-security-service,60a6646a840a53a15195be00e6732d82,a05bfe89cda66a5c,"{""log"":""17:23:01.272 INFO  s.s.SecurityServiceImpl#119 TraceID: 60a6646a840a53a15195be00e6732d82 SpanID: a05bfe89cda66a5c [check][Max][Max In One Hour: 2147483647  Max Not Use: 2147483647]\n"",""stream"":""stdout"",""time"":""2025-06-06T09:23:01.272914271Z""}"
2025-06-06T09:23:01.270501604Z,1674984181270501604,33.33.33.115,ts-security-service-cb9788d56-mrzv2,ts-security-service,60a6646a840a53a15195be00e6732d82,a05bfe89cda66a5c,"{""log"":""17:23:01.270 INFO  s.s.SecurityServiceImpl#156 TraceID: 60a6646a840a53a15195be00e6732d82 SpanID: a05bfe89cda66a5c [getSecurityOrderOtherInfoFromOrder][Get Order Other Info For Security][Last One Hour: 176  Total Valid Order: 119]\n"",""stream"":""stdout"",""time"":""2025-06-06T09:23:01.270501604Z""}"
2025-06-06T09:23:01.261807001Z,1674984181261807001,33.33.33.115,ts-security-service-cb9788d56-mrzv2,ts-security-service,60a6646a840a53a15195be00e6732d82,a05bfe89cda66a5c,"{""log"":""17:23:01.261 INFO  s.s.SecurityServiceImpl#141 TraceID: 60a6646a840a53a15195be00e6732d82 SpanID: a05bfe89cda66a5c [getSecurityOrderInfoFromOrder][Get Order Info For Security][Last One Hour: 323  Total Valid Order: 161]\n"",""stream"":""stdout"",""time"":""2025-06-06T09:23:01.261807001Z""}"
2025-06-06T09:23:01.247675354Z,1674984181247675354,33.33.33.115,ts-security-service-cb9788d56-mrzv2,ts-security-service,60a6646a840a53a15195be00e6732d82,a05bfe89cda66a5c,"{""log"":""17:23:01.247 INFO  s.c.SecurityController#62 TraceID: 60a6646a840a53a15195be00e6732d82 SpanID: a05bfe89cda66a5c [check][Check Security][Check Account Id: 4d2a46c7-71cb-4cf1-b5bb-b68406d9da6f]\n"",""stream"":""stdout"",""time"":""2025-06-06T09:23:01.247675354Z""}"
2025-06-06T09:23:01.529860735Z,1674984181529860735,33.33.33.82,ts-seat-service-5c95b49cff-tdsdz,server,60a6646a840a53a15195be00e6732d82,292caab26dab4307,"{""log"":""17:23:01.529 INFO  s.s.SeatServiceImpl#114 TraceID: 60a6646a840a53a15195be00e6732d82 SpanID: 292caab26dab4307 [distributeSeat][Assign new tickets][Use a new seat number][seat number:1417302812]\n"",""stream"":""stdout"",""time"":""2025-06-06T09:23:01.529860735Z""}"
2025-06-06T09:23:01.529401601Z,1674984181529401601,33.33.33.82,ts-seat-service-5c95b49cff-tdsdz,server,60a6646a840a53a15195be00e6732d82,292caab26dab4307,"{""log"":""17:23:01.528 INFO  s.s.SeatServiceImpl#79 TraceID: 60a6646a840a53a15195be00e6732d82 SpanID: 292caab26dab4307 [distributeSeat][Left ticket info][info is : Response(status=1, msg=Success, data=LeftTicketInfo{soldTickets=[Ticket(seatNo=388817927, startStation=shanghai, destStation=nanjing), Ticket(seatNo=512319188, startStation=shanghai, destStation=nanjing), Ticket(seatNo=650950163, startStation=shanghai, destStation=nanjing), Ticket(seatNo=1408310701, startStation=shanghai, destStation=nanjing), Ticket(seatNo=681456978, startStation=shanghai, destStation=nanjing), Ticket(seatNo=1278422345, startStation=shanghai, destStation=nanjing), Ticket(seatNo=113640569, startStation=shanghai, destStation=nanjing), Ticket(seatNo=1706091788, startStation=shanghai, destStation=nanjing), Ticket(seatNo=719931591, startStation=shanghai, destStation=nanjing), Ticket(seatNo=324348558, startStation=shanghai, destStation=nanjing), Ticket(seatNo=437134557, startStation=shanghai, destStation=nanjing), Ticket(seatNo=1180305654, startStation=shanghai, destStation=nanjing), Ticket(seatNo=218664224, startStation=shanghai, destStation=nanjing), Ticket(seatNo=1531256885, startStation=shanghai, destStation=nanjing), Ticket(seatNo=282865016, startStation=shanghai, destStation=nanjing), Ticket(seatNo=290573193, startStation=shanghai, destStation=nanjing), Ticket(seatNo=2091646075, startStation=shanghai, destStation=nanjing), Ticket(seatNo=1529246592, startStation=shanghai, destStation=nanjing), Ticket(seatNo=518358183, startStation=shanghai, destStation=nanjing), Ticket(seatNo=1578574107, startStation=shanghai, destStation=nanjing), Ticket(seatNo=864103707, startStation=shanghai, destStation=nanjing), Ticket(seatNo=1101722819, startStation=shanghai, destStation=nanjing), Ticket(seatNo=1110043211, startStation=shanghai, destStation=nanjing), Ticket(seatNo=2115304579, startStation=shanghai, destStation=nanjing), Ticket(seatNo=517895253, startStation=shanghai, destStation=nanjing), Ticket(seatNo=112374996, startStation=shanghai, destStation=nanjing), Ticket(seatNo=1222554072, startStation=shanghai, destStation=nanjing), Ticket(seatNo=1445221655, startStation=shanghai, destStation=nanjing), Ticket(seatNo=55335899, startStation=shanghai, destStation=nanjing), Ticket(seatNo=1402723531, startStation=shanghai, destStation=nanjing), Ticket(seatNo=520072209, startStation=shanghai, destStation=nanjing), Ticket(seatNo=1063924165, startStation=shanghai, destStation=nanjing), Ticket(seatNo=828062078, startStation=shanghai, destStation=nanjing), Ticket(seatNo=364950093, startStation=shanghai, destStation=nanjing), Ticket(seatNo=2090617881, startStation=shanghai, destStation=nanjing), Ticket(seatNo=1605189805, startStation=shanghai, destStation=nanjing), Ticket(seatNo=182083286, startStation=shanghai, destStation=nanjing), Ticket(seatNo=1956808479, startStation=shanghai, destStation=nanjing), Ticket(seatNo=1479771875, startStation=shanghai, destStation=nanjing), Ticket(seatNo=1340473816, startStation=shanghai, destStation=nanjing), Ticket(seatNo=2058528320, startStation=shanghai, destStation=nanjing), Ticket(seatNo=1862239339, startStation=shanghai, destStation=nanjing), Ticket(seatNo=756196424, startStation=shanghai, destStation=nanjing), Ticket(seatNo=1554210637, startStation=shanghai, destStation=nanjing), Ticket(seatNo=2131607583, startStation=shanghai, destStation=nanjing), Ticket(seatNo=1114945650, startStation=shanghai, destStation=nanjing), Ticket(seatNo=978840618, startStation=shanghai, destStation=nanjing), Ticket(seatNo=1696192204, startStation=shanghai, destStation=nanjing), Ticket(seatNo=159217444, startStation=shanghai, destStation=nanjing), Ticket(seatNo=1472397446, startStation=shanghai, destStation=nanjing), Ticket(seatNo=863762562, startStation=shanghai, destStation=nanjing), Ticket(seatNo=762240728, startStation=shanghai, destStation=nanjing), Ticket(seatNo=733090960, startStation=shanghai, destStation=nanjing), Ticket(seatNo=1636395413, startStation=shanghai, destStation=nanjing), Ticket(seatNo=1385200790, startStation=shanghai, destStation=nanjing), Ticket(seatNo=1483334408, startStation=shanghai, destStation=nanjing), Ticket(seatNo=1230952670, startStation=shanghai, destStation=nanjing), Ticket(seatNo=1760486203, startStation=shanghai, destStation=nanjing), Ticket(seatNo=1631472666, startStation=shanghai, destStation=nanjing), Ticket(seatNo=882144838, startStation=shanghai, destStation=nanjing), Ticket(seatNo=210246843, startStation=shanghai, destStation=nanjing), Ticket(seatNo=427259238, startStation=shanghai, destStation=nanjing), Ticket(seatNo=1232572404, startStation=shanghai, destStation=nanjing), Ticket(seatNo=1304478712, startStation=shanghai, destStation=nanjing), Ticket(seatNo=2016232602, startStation=shanghai, destStation=nanjing), Ticket(seatNo=76670888, startStation=shanghai, destStation=nanjing), Ticket(seatNo=1754550335, startStation=shanghai, destStation=nanjing), Ticket(seatNo=1491838595, startStation=shanghai, destStation=nanjing), Ticket(seatNo=1330605393, startStation=shanghai, destStation=nanjing), Ticket(seatNo=226825480, startStation=shanghai, destStation=nanjing), Ticket(seatNo=1787175945, startStation=shanghai, destStation=nanjing), Ticket(seatNo=590443336, startStation=shanghai, destStation=nanjing), Ticket(seatNo=427944411, startStation=shanghai, destStation=nanjing), Ticket(seatNo=1638437656, startStation=shanghai, destStation=nanjing), Ticket(seatNo=1361381257, startStation=shanghai, destStation=nanjing), Ticket(seatNo=1482512162, startStation=shanghai, destStation=nanjing), Ticket(seatNo=400526011, startStation=shanghai, destStation=nanjing), Ticket(seatNo=1749342441, startStation=shanghai, destStation=nanjing), Ticket(seatNo=2117918027, startStation=shanghai, destStation=nanjing), Ticket(seatNo=654927142, startStation=shanghai, destStation=nanjing), Ticket(seatNo=1977897455, startStation=shanghai, destStation=nanjing), Ticket(seatNo=641977830, startStation=shanghai, destStation=nanjing), Ticket(seatNo=1021188806, startStation=shanghai, destStation=nanjing), Ticket(seatNo=1445935016, startStation=shanghai, destStation=nanjing), Ticket(seatNo=1452278883, startStation=shanghai, destStation=nanjing), Ticket(seatNo=830548221, startStation=shanghai, destStation=nanjing), Ticket(seatNo=1655441840, startStation=shanghai, destStation=nanjing), Ticket(seatNo=678340688, startStation=shanghai, destStation=nanjing), Ticket(seatNo=1682320147, startStation=shanghai, destStation=nanjing), Ticket(seatNo=1195341149, startStation=shanghai, destStation=nanjing), Ticket(seatNo=973914808, startStation=shanghai, destStation=nanjing), Ticket(seatNo=1217764195, startStation=shanghai, destStation=nanjing), Ticket(seatNo=837692558, startStation=shanghai, destStation=nanjing), Ticket(seatNo=1203709814, startStation=shanghai, destStation=nanjing), Ticket(seatNo=984361044, startStation=shanghai, destStation=nanjing), Ticket(seatNo=675974723, startStation=shanghai, destStation=nanjing), Ticket(seatNo=1490992938, startStation=shanghai, destStation=nanjing), Ticket(seatNo=1201160931, startStation=shanghai, destStation=nanjing), Ticket(seatNo=1435884154, startStation=shanghai, destStation=nanjing), Ticket(seatNo=1297551695, startStation=shanghai, destStation=nanjing), Ticket(seatNo=1664074534, startStation=shanghai, destStation=nanjing), Ticket(seatNo=1921728155, startStation=shanghai, destStation=nanjing), Ticket(seatNo=1137714160, startStation=shanghai, destStation=nanjing), Ticket(seatNo=1988971469, startStation=shanghai, destStation=nanjing), Ticket(seatNo=1018160513, startStation=shanghai, destStation=nanjing), Ticket(seatNo=1550917166, startStation=shanghai, destStation=nanjing), Ticket(seatNo=1894695695, startStation=shanghai, destStation=nanjing), Ticket(seatNo=784843623, startStation=shanghai, destStation=nanjing), Ticket(seatNo=1932732784, startStation=shanghai, destStation=nanjing), Ticket(seatNo=1565956437, startStation=shanghai, destStation=nanjing), Ticket(seatNo=249855326, startStation=shanghai, destStation=nanjing), Ticket(seatNo=77833908, startStation=shanghai, destStation=nanjing), Ticket(seatNo=64395763, startStation=shanghai, destStation=nanjing), Ticket(seatNo=781572303, startStation=shanghai, destStation=nanjing), Ticket(seatNo=1060217224, startStation=shanghai, destStation=nanjing), Ticket(seatNo=210817532, startStation=shanghai, destStation=nanjing), Ticket(seatNo=1587135411, startStation=shanghai, destStation=nanjing), Ticket(seatNo=862437816, startStation=shanghai, destStation=nanjing), Ticket(seatNo=348991760, startStation=shanghai, destStation=nanjing), Ticket(seatNo=1479280287, startStation=shanghai, destStation=nanjing), Ticket(seatNo=349038530, startStation=shanghai, destStation=nanjing), Ticket(seatNo=90480773, startStation=shanghai, destStation=nanjing), Ticket(seatNo=1465059263, startStation=shanghai, destStation=nanjing), Ticket(seatNo=985339747, startStation=shanghai, destStation=nanjing), Ticket(seatNo=1498460243, startStation=shanghai, destStation=nanjing), Ticket(seatNo=671507041, startStation=shanghai, destStation=nanjing), Ticket(seatNo=965174800, startStation=shanghai, destStation=nanjing), Ticket(seatNo=1841324996, startStation=shanghai, destStation=nanjing), Ticket(seatNo=1248601454, startStation=shanghai, destStation=nanjing), Ticket(seatNo=1901083814, startStation=shanghai, destStation=nanjing), Ticket(seatNo=2077341681, startStation=shanghai, destStation=nanjing), Ticket(seatNo=1207577891, startStation=shanghai, destStation=nanjing), Ticket(seatNo=1454446323, startStation=shanghai, destStation=nanjing), Ticket(seatNo=234766556, startStation=shanghai, destStation=nanjing), Ticket(seatNo=1726109987, startStation=shanghai, destStation=nanjing), Ticket(seatNo=317002893, startStation=shanghai, destStation=nanjing), Ticket(seatNo=1499460332, startStation=shanghai, destStation=nanjing), Ticket(seatNo=267587626, startStation=shanghai, destStation=nanjing), Ticket(seatNo=747527520, startStation=shanghai, destStation=nanjing), Ticket(seatNo=207584255, startStation=shanghai, destStation=nanjing), Ticket(seatNo=636497848, startStation=shanghai, destStation=nanjing), Ticket(seatNo=134621623, startStation=shanghai, destStation=nanjing), Ticket(seatNo=1143973252, startStation=shanghai, destStation=nanjing), Ticket(seatNo=1285506393, startStation=shanghai, destStation=nanjing), Ticket(seatNo=1318597280, startStation=shanghai, destStation=nanjing), Ticket(seatNo=2109276771, startStation=shanghai, destStation=nanjing), Ticket(seatNo=746347294, startStation=shanghai, destStation=nanjing), Ticket(seatNo=360435965, startStation=shanghai, destStation=nanjing), Ticket(seatNo=1636266694, startStation=shanghai, destStation=nanjing), Ticket(seatNo=538009141, startStation=shanghai, destStation=nanjing), Ticket(seatNo=1944586976, startStation=shanghai, destStation=nanjing), Ticket(seatNo=1320680614, startStation=shanghai, destStation=nanjing), Ticket(seatNo=142490066, startStation=shanghai, destStation=nanjing), Ticket(seatNo=252466715, startStation=shanghai, destStation=nanjing), Ticket(seatNo=1806446874, startStation=shanghai, destStation=nanjing), Ticket(seatNo=1743761737, startStation=shanghai, destStation=nanjing), Ticket(seatNo=610439616, startStation=shanghai, destStation=nanjing), Ticket(seatNo=76166607, startStation=shanghai, destStation=nanjing), Ticket(seatNo=1265135696, startStation=shanghai, destStation=nanjing), Ticket(seatNo=1177274309, startStation=shanghai, destStation=nanjing), Ticket(seatNo=746628462, startStation=shanghai, destStation=nanjing), Ticket(seatNo=573722729, startStation=shanghai, destStation=nanjing), Ticket(seatNo=940056408, startStation=shanghai, destStation=nanjing), Ticket(seatNo=202317050, startStation=shanghai, destStation=nanjing), Ticket(seatNo=221602851, startStation=shanghai, destStation=nanjing), Ticket(seatNo=1431476535, startStation=shanghai, destStation=nanjing), Ticket(seatNo=606888208, startStation=shanghai, destStation=nanjing), Ticket(seatNo=813377677, startStation=shanghai, destStation=nanjing), Ticket(seatNo=1592122745, startStation=shanghai, destStation=nanjing), Ticket(seatNo=2128153780, startStation=shanghai, destStation=nanjing), Ticket(seatNo=568784077, startStation=shanghai, destStation=nanjing), Ticket(seatNo=990332202, startStation=shanghai, destStation=nanjing), Ticket(seatNo=1969469614, startStation=shanghai, destStation=nanjing), Ticket(seatNo=1456285444, startStation=shanghai, destStation=nanjing), Ticket(seatNo=1785859166, startStation=shanghai, destStation=nanjing)]})]\n"",""stream"":""stdout"",""time"":""2025-06-06T09:23:01.529401601Z""}"
2025-06-06T09:23:01.51827188Z,1674984181518271880,33.33.33.82,ts-seat-service-5c95b49cff-tdsdz,server,60a6646a840a53a15195be00e6732d82,292caab26dab4307,"{""log"":""17:23:01.517 INFO  s.s.SeatServiceImpl#69 TraceID: 60a6646a840a53a15195be00e6732d82 SpanID: 292caab26dab4307 [distributeSeat][TrainNumber start][Other Capital Except D and G]\n"",""stream"":""stdout"",""time"":""2025-06-06T09:23:01.51827188Z""}"
2025-06-06T09:23:01.517916382Z,1674984181517916382,33.33.33.82,ts-seat-service-5c95b49cff-tdsdz,server,60a6646a840a53a15195be00e6732d82,292caab26dab4307,"{""log"":""17:23:01.517 INFO  s.c.SeatController#41 TraceID: 60a6646a840a53a15195be00e6732d82 SpanID: 292caab26dab4307 [distributeSeat][Create seat][TravelDate: 2023-01-29,TrainNumber: Z1234,SeatType: 3]\n"",""stream"":""stdout"",""time"":""2025-06-06T09:23:01.517916382Z""}"
2025-06-06T09:23:01.451164746Z,1674984181451164746,33.33.33.82,ts-seat-service-5c95b49cff-tdsdz,server,60a6646a840a53a15195be00e6732d82,3bc1e459d6390165,"{""log"":""17:23:01.450 INFO  s.s.SeatServiceImpl#217 TraceID: 60a6646a840a53a15195be00e6732d82 SpanID: 3bc1e459d6390165 [getDirectProportion][Configs is : Config(name=DirectTicketAllocationProportion, value=0.5, description=Allocation Proportion Of The Direct Ticket - From Start To End)]\n"",""stream"":""stdout"",""time"":""2025-06-06T09:23:01.451164746Z""}"
2025-06-06T09:23:01.446345987Z,1674984181446345987,33.33.33.82,ts-seat-service-5c95b49cff-tdsdz,server,60a6646a840a53a15195be00e6732d82,3bc1e459d6390165,"{""log"":""17:23:01.444 INFO  s.s.SeatServiceImpl#166 TraceID: 60a6646a840a53a15195be00e6732d82 SpanID: 3bc1e459d6390165 [getLeftTicketOfInterval][Get Order tickets result][result is \u003c200,Response(status=1, msg=Success, data=LeftTicketInfo{soldTickets=[Ticket(seatNo=388817927, startStation=shanghai, destStation=nanjing), Ticket(seatNo=512319188, startStation=shanghai, destStation=nanjing), Ticket(seatNo=650950163, startStation=shanghai, destStation=nanjing), Ticket(seatNo=1408310701, startStation=shanghai, destStation=nanjing), Ticket(seatNo=681456978, startStation=shanghai, destStation=nanjing), Ticket(seatNo=1278422345, startStation=shanghai, destStation=nanjing), Ticket(seatNo=113640569, startStation=shanghai, destStation=nanjing), Ticket(seatNo=1706091788, startStation=shanghai, destStation=nanjing), Ticket(seatNo=719931591, startStation=shanghai, destStation=nanjing), Ticket(seatNo=324348558, startStation=shanghai, destStation=nanjing), Ticket(seatNo=437134557, startStation=shanghai, destStation=nanjing), Ticket(seatNo=1180305654, startStation=shanghai, destStation=nanjing), Ticket(seatNo=218664224, startStation=shanghai, destStation=nanjing), Ticket(seatNo=1531256885, startStation=shanghai, destStation=nanjing), Ticket(seatNo=282865016, startStation=shanghai, destStation=nanjing), Ticket(seatNo=290573193, startStation=shanghai, destStation=nanjing), Ticket(seatNo=2091646075, startStation=shanghai, destStation=nanjing), Ticket(seatNo=1529246592, startStation=shanghai, destStation=nanjing), Ticket(seatNo=518358183, startStation=shanghai, destStation=nanjing), Ticket(seatNo=1578574107, startStation=shanghai, destStation=nanjing), Ticket(seatNo=864103707, startStation=shanghai, destStation=nanjing), Ticket(seatNo=1101722819, startStation=shanghai, destStation=nanjing), Ticket(seatNo=1110043211, startStation=shanghai, destStation=nanjing), Ticket(seatNo=2115304579, startStation=shanghai, destStation=nanjing), Ticket(seatNo=517895253, startStation=shanghai, destStation=nanjing), Ticket(seatNo=112374996, startStation=shanghai, destStation=nanjing), Ticket(seatNo=1222554072, startStation=shanghai, destStation=nanjing), Ticket(seatNo=1445221655, startStation=shanghai, destStation=nanjing), Ticket(seatNo=55335899, startStation=shanghai, destStation=nanjing), Ticket(seatNo=1402723531, startStation=shanghai, destStation=nanjing), Ticket(seatNo=520072209, startStation=shanghai, destStation=nanjing), Ticket(seatNo=1063924165, startStation=shanghai, destStation=nanjing), Ticket(seatNo=828062078, startStation=shanghai, destStation=nanjing), Ticket(seatNo=364950093, startStation=shanghai, destStation=nanjing), Ticket(seatNo=2090617881, startStation=shanghai, destStation=nanjing), Ticket(seatNo=1605189805, startStation=shanghai, destStation=nanjing), Ticket(seatNo=182083286, startStation=shanghai, destStation=nanjing), Ticket(seatNo=1956808479, startStation=shanghai, destStation=nanjing), Ticket(seatNo=1479771875, startStation=shanghai, destStation=nanjing), Ticket(seatNo=1340473816, startStation=shanghai, destStation=nanjing), Ticket(seatNo=2058528320, startStation=shanghai, destStation=nanjing), Ticket(seatNo=1862239339, startStation=shanghai, destStation=nanjing), Ticket(seatNo=756196424, startStation=shanghai, destStation=nanjing), Ticket(seatNo=1554210637, startStation=shanghai, destStation=nanjing), Ticket(seatNo=2131607583, startStation=shanghai, destStation=nanjing), Ticket(seatNo=1114945650, startStation=shanghai, destStation=nanjing), Ticket(seatNo=978840618, startStation=shanghai, destStation=nanjing), Ticket(seatNo=1696192204, startStation=shanghai, destStation=nanjing), Ticket(seatNo=159217444, startStation=shanghai, destStation=nanjing), Ticket(seatNo=1472397446, startStation=shanghai, destStation=nanjing), Ticket(seatNo=863762562, startStation=shanghai, destStation=nanjing), Ticket(seatNo=762240728, startStation=shanghai, destStation=nanjing), Ticket(seatNo=733090960, startStation=shanghai, destStation=nanjing), Ticket(seatNo=1636395413, startStation=shanghai, destStation=nanjing), Ticket(seatNo=1385200790, startStation=shanghai, destStation=nanjing), Ticket(seatNo=1483334408, startStation=shanghai, destStation=nanjing), Ticket(seatNo=1230952670, startStation=shanghai, destStation=nanjing), Ticket(seatNo=1760486203, startStation=shanghai, destStation=nanjing), Ticket(seatNo=1631472666, startStation=shanghai, destStation=nanjing), Ticket(seatNo=882144838, startStation=shanghai, destStation=nanjing), Ticket(seatNo=210246843, startStation=shanghai, destStation=nanjing), Ticket(seatNo=427259238, startStation=shanghai, destStation=nanjing), Ticket(seatNo=1232572404, startStation=shanghai, destStation=nanjing), Ticket(seatNo=1304478712, startStation=shanghai, destStation=nanjing), Ticket(seatNo=2016232602, startStation=shanghai, destStation=nanjing), Ticket(seatNo=76670888, startStation=shanghai, destStation=nanjing), Ticket(seatNo=1754550335, startStation=shanghai, destStation=nanjing), Ticket(seatNo=1491838595, startStation=shanghai, destStation=nanjing), Ticket(seatNo=1330605393, startStation=shanghai, destStation=nanjing), Ticket(seatNo=226825480, startStation=shanghai, destStation=nanjing), Ticket(seatNo=1787175945, startStation=shanghai, destStation=nanjing), Ticket(seatNo=590443336, startStation=shanghai, destStation=nanjing), Ticket(seatNo=427944411, startStation=shanghai, destStation=nanjing), Ticket(seatNo=1638437656, startStation=shanghai, destStation=nanjing), Ticket(seatNo=1361381257, startStation=shanghai, destStation=nanjing), Ticket(seatNo=1482512162, startStation=shanghai, destStation=nanjing), Ticket(seatNo=400526011, startStation=shanghai, destStation=nanjing), Ticket(seatNo=1749342441, startStation=shanghai, destStation=nanjing), Ticket(seatNo=2117918027, startStation=shanghai, destStation=nanjing), Ticket(seatNo=654927142, startStation=shanghai, destStation=nanjing), Ticket(seatNo=1977897455, startStation=shanghai, destStation=nanjing), Ticket(seatNo=641977830, startStation=shanghai, destStation=nanjing), Ticket(seatNo=1021188806, startStation=shanghai, destStation=nanjing), Ticket(seatNo=1445935016, startStation=shanghai, destStation=nanjing), Ticket(seatNo=1452278883, startStation=shanghai, destStation=nanjing), Ticket(seatNo=830548221, startStation=shanghai, destStation=nanjing), Ticket(seatNo=1655441840, startStation=shanghai, destStation=nanjing), Ticket(seatNo=678340688, startStation=shanghai, destStation=nanjing), Ticket(seatNo=1682320147, startStation=shanghai, destStation=nanjing), Ticket(seatNo=1195341149, startStation=shanghai, destStation=nanjing), Ticket(seatNo=973914808, startStation=shanghai, destStation=nanjing), Ticket(seatNo=1217764195, startStation=shanghai, destStation=nanjing), Ticket(seatNo=837692558, startStation=shanghai, destStation=nanjing), Ticket(seatNo=1203709814, startStation=shanghai, destStation=nanjing), Ticket(seatNo=984361044, startStation=shanghai, destStation=nanjing), Ticket(seatNo=675974723, startStation=shanghai, destStation=nanjing), Ticket(seatNo=1490992938, startStation=shanghai, destStation=nanjing), Ticket(seatNo=1201160931, startStation=shanghai, destStation=nanjing), Ticket(seatNo=1435884154, startStation=shanghai, destStation=nanjing), Ticket(seatNo=1297551695, startStation=shanghai, destStation=nanjing), Ticket(seatNo=1664074534, startStation=shanghai, destStation=nanjing), Ticket(seatNo=1921728155, startStation=shanghai, destStation=nanjing), Ticket(seatNo=1137714160, startStation=shanghai, destStation=nanjing), Ticket(seatNo=1988971469, startStation=shanghai, destStation=nanjing), Ticket(seatNo=1018160513, startStation=shanghai, destStation=nanjing), Ticket(seatNo=1550917166, startStation=shanghai, destStation=nanjing), Ticket(seatNo=1894695695, startStation=shanghai, destStation=nanjing), Ticket(seatNo=784843623, startStation=shanghai, destStation=nanjing), Ticket(seatNo=1932732784, startStation=shanghai, destStation=nanjing), Ticket(seatNo=1565956437, startStation=shanghai, destStation=nanjing), Ticket(seatNo=249855326, startStation=shanghai, destStation=nanjing), Ticket(seatNo=77833908, startStation=shanghai, destStation=nanjing), Ticket(seatNo=64395763, startStation=shanghai, destStation=nanjing), Ticket(seatNo=781572303, startStation=shanghai, destStation=nanjing), Ticket(seatNo=1060217224, startStation=shanghai, destStation=nanjing), Ticket(seatNo=210817532, startStation=shanghai, destStation=nanjing), Ticket(seatNo=1587135411, startStation=shanghai, destStation=nanjing), Ticket(seatNo=862437816, startStation=shanghai, destStation=nanjing), Ticket(seatNo=348991760, startStation=shanghai, destStation=nanjing), Ticket(seatNo=1479280287, startStation=shanghai, destStation=nanjing), Ticket(seatNo=349038530, startStation=shanghai, destStation=nanjing), Ticket(seatNo=90480773, startStation=shanghai, destStation=nanjing), Ticket(seatNo=1465059263, startStation=shanghai, destStation=nanjing), Ticket(seatNo=985339747, startStation=shanghai, destStation=nanjing), Ticket(seatNo=1498460243, startStation=shanghai, destStation=nanjing), Ticket(seatNo=671507041, startStation=shanghai, destStation=nanjing), Ticket(seatNo=965174800, startStation=shanghai, destStation=nanjing), Ticket(seatNo=1841324996, startStation=shanghai, destStation=nanjing), Ticket(seatNo=1248601454, startStation=shanghai, destStation=nanjing), Ticket(seatNo=1901083814, startStation=shanghai, destStation=nanjing), Ticket(seatNo=2077341681, startStation=shanghai, destStation=nanjing), Ticket(seatNo=1207577891, startStation=shanghai, destStation=nanjing), Ticket(seatNo=1454446323, startStation=shanghai, destStation=nanjing), Ticket(seatNo=234766556, startStation=shanghai, destStation=nanjing), Ticket(seatNo=1726109987, startStation=shanghai, destStation=nanjing), Ticket(seatNo=317002893, startStation=shanghai, destStation=nanjing), Ticket(seatNo=1499460332, startStation=shanghai, destStation=nanjing), Ticket(seatNo=267587626, startStation=shanghai, destStation=nanjing), Ticket(seatNo=747527520, startStation=shanghai, destStation=nanjing), Ticket(seatNo=207584255, startStation=shanghai, destStation=nanjing), Ticket(seatNo=636497848, startStation=shanghai, destStation=nanjing), Ticket(seatNo=134621623, startStation=shanghai, destStation=nanjing), Ticket(seatNo=1143973252, startStation=shanghai, destStation=nanjing), Ticket(seatNo=1285506393, startStation=shanghai, destStation=nanjing), Ticket(seatNo=1318597280, startStation=shanghai, destStation=nanjing), Ticket(seatNo=2109276771, startStation=shanghai, destStation=nanjing), Ticket(seatNo=746347294, startStation=shanghai, destStation=nanjing), Ticket(seatNo=360435965, startStation=shanghai, destStation=nanjing), Ticket(seatNo=1636266694, startStation=shanghai, destStation=nanjing), Ticket(seatNo=538009141, startStation=shanghai, destStation=nanjing), Ticket(seatNo=1944586976, startStation=shanghai, destStation=nanjing), Ticket(seatNo=1320680614, startStation=shanghai, destStation=nanjing), Ticket(seatNo=142490066, startStation=shanghai, destStation=nanjing), Ticket(seatNo=252466715, startStation=shanghai, destStation=nanjing), Ticket(seatNo=1806446874, startStation=shanghai, destStation=nanjing), Ticket(seatNo=1743761737, startStation=shanghai, destStation=nanjing), Ticket(seatNo=610439616, startStation=shanghai, destStation=nanjing), Ticket(seatNo=76166607, startStation=shanghai, destStation=nanjing), Ticket(seatNo=1265135696, startStation=shanghai, destStation=nanjing), Ticket(seatNo=1177274309, startStation=shanghai, destStation=nanjing), Ticket(seatNo=746628462, startStation=shanghai, destStation=nanjing), Ticket(seatNo=573722729, startStation=shanghai, destStation=nanjing), Ticket(seatNo=940056408, startStation=shanghai, destStation=nanjing), Ticket(seatNo=202317050, startStation=shanghai, destStation=nanjing), Ticket(seatNo=221602851, startStation=shanghai, destStation=nanjing), Ticket(seatNo=1431476535, startStation=shanghai, destStation=nanjing), Ticket(seatNo=606888208, startStation=shanghai, destStation=nanjing), Ticket(seatNo=813377677, startStation=shanghai, destStation=nanjing), Ticket(seatNo=1592122745, startStation=shanghai, destStation=nanjing), Ticket(seatNo=2128153780, startStation=shanghai, destStation=nanjing), Ticket(seatNo=568784077, startStation=shanghai, destStation=nanjing), Ticket(seatNo=990332202, startStation=shanghai, destStation=nanjing), Ticket(seatNo=1969469614, startStation=shanghai, destStation=nanjing), Ticket(seatNo=1456285444, startStation=shanghai, destStation=nanjing), Ticket(seatNo=1785859166, startStation=shanghai, destStation=nanjing)]}),[vary:\""Origin,Access-Control-Request-Method,Access-Control-Request-Headers\"", x-content-type-options:\""nosniff\"", x-xss-protection:\""1; mode=block\"", cache-control:\""no-cache, no-store, max-age=0, must-revalidate\"", pragma:\""no-cache\"", expires:\""0\"", x-frame-options:\""DENY\"", content-type:\""application/json\"", date:\""Sun, 29 Jan 2023 09:23:01 GMT\"", x-envoy-upstream-service-time:\""21\"", server:\""envoy\"", transfer-encoding:\""chunked\""]\u003e]\n"",""stream"":""stdout"",""time"":""2025-06-06T09:23:01.446345987Z""}"
2025-06-06T09:23:01.38617836Z,1674984181386178360,33.33.33.82,ts-seat-service-5c95b49cff-tdsdz,server,60a6646a840a53a15195be00e6732d82,3bc1e459d6390165,"{""log"":""17:23:01.385 INFO  s.s.SeatServiceImpl#154 TraceID: 60a6646a840a53a15195be00e6732d82 SpanID: 3bc1e459d6390165 [getLeftTicketOfInterval][TrainNumber start with other capital][trainNumber:Z1234]\n"",""stream"":""stdout"",""time"":""2025-06-06T09:23:01.38617836Z""}"
2025-06-06T09:23:01.385881028Z,1674984181385881028,33.33.33.82,ts-seat-service-5c95b49cff-tdsdz,server,60a6646a840a53a15195be00e6732d82,3bc1e459d6390165,"{""log"":""17:23:01.385 INFO  s.s.SeatServiceImpl#137 TraceID: 60a6646a840a53a15195be00e6732d82 SpanID: 3bc1e459d6390165 [getLeftTicketOfInterval][Seat request][request:Seat(travelDate=2023-01-29, trainNumber=Z1234, startStation=shanghai, destStation=nanjing, seatType=3, totalNum=2147483647, stations=[shanghai, nanjing, shijiazhuang, taiyuan])]\n"",""stream"":""stdout"",""time"":""2025-06-06T09:23:01.385881028Z""}"
2025-06-06T09:23:01.385410215Z,1674984181385410215,33.33.33.82,ts-seat-service-5c95b49cff-tdsdz,server,60a6646a840a53a15195be00e6732d82,3bc1e459d6390165,"{""log"":""17:23:01.384 INFO  s.c.SeatController#57 TraceID: 60a6646a840a53a15195be00e6732d82 SpanID: 3bc1e459d6390165 [getLeftTicketOfInterval][Get left ticket of interval][TravelDate: 2023-01-29,TrainNumber: Z1234,SeatType: 3]\n"",""stream"":""stdout"",""time"":""2025-06-06T09:23:01.385410215Z""}"
2025-06-06T09:23:01.3804571Z,1674984181380457100,33.33.33.82,ts-seat-service-5c95b49cff-tdsdz,server,60a6646a840a53a15195be00e6732d82,f9da57830d7e86d1,"{""log"":""17:23:01.379 INFO  s.s.SeatServiceImpl#217 TraceID: 60a6646a840a53a15195be00e6732d82 SpanID: f9da57830d7e86d1 [getDirectProportion][Configs is : Config(name=DirectTicketAllocationProportion, value=0.5, description=Allocation Proportion Of The Direct Ticket - From Start To End)]\n"",""stream"":""stdout"",""time"":""2025-06-06T09:23:01.3804571Z""}"
2025-06-06T09:23:01.354817914Z,1674984181354817914,33.33.33.82,ts-seat-service-5c95b49cff-tdsdz,server,60a6646a840a53a15195be00e6732d82,f9da57830d7e86d1,"{""log"":""17:23:01.353 INFO  s.s.SeatServiceImpl#166 TraceID: 60a6646a840a53a15195be00e6732d82 SpanID: f9da57830d7e86d1 [getLeftTicketOfInterval][Get Order tickets result][result is \u003c200,Response(status=1, msg=Success, data=LeftTicketInfo{soldTickets=[Ticket(seatNo=388817927, startStation=shanghai, destStation=nanjing), Ticket(seatNo=512319188, startStation=shanghai, destStation=nanjing), Ticket(seatNo=650950163, startStation=shanghai, destStation=nanjing), Ticket(seatNo=1408310701, startStation=shanghai, destStation=nanjing), Ticket(seatNo=681456978, startStation=shanghai, destStation=nanjing), Ticket(seatNo=1278422345, startStation=shanghai, destStation=nanjing), Ticket(seatNo=113640569, startStation=shanghai, destStation=nanjing), Ticket(seatNo=1706091788, startStation=shanghai, destStation=nanjing), Ticket(seatNo=719931591, startStation=shanghai, destStation=nanjing), Ticket(seatNo=324348558, startStation=shanghai, destStation=nanjing), Ticket(seatNo=437134557, startStation=shanghai, destStation=nanjing), Ticket(seatNo=1180305654, startStation=shanghai, destStation=nanjing), Ticket(seatNo=218664224, startStation=shanghai, destStation=nanjing), Ticket(seatNo=1531256885, startStation=shanghai, destStation=nanjing), Ticket(seatNo=282865016, startStation=shanghai, destStation=nanjing), Ticket(seatNo=290573193, startStation=shanghai, destStation=nanjing), Ticket(seatNo=2091646075, startStation=shanghai, destStation=nanjing), Ticket(seatNo=1529246592, startStation=shanghai, destStation=nanjing), Ticket(seatNo=518358183, startStation=shanghai, destStation=nanjing), Ticket(seatNo=1578574107, startStation=shanghai, destStation=nanjing), Ticket(seatNo=864103707, startStation=shanghai, destStation=nanjing), Ticket(seatNo=1101722819, startStation=shanghai, destStation=nanjing), Ticket(seatNo=1110043211, startStation=shanghai, destStation=nanjing), Ticket(seatNo=2115304579, startStation=shanghai, destStation=nanjing), Ticket(seatNo=517895253, startStation=shanghai, destStation=nanjing), Ticket(seatNo=112374996, startStation=shanghai, destStation=nanjing), Ticket(seatNo=1222554072, startStation=shanghai, destStation=nanjing), Ticket(seatNo=1445221655, startStation=shanghai, destStation=nanjing), Ticket(seatNo=55335899, startStation=shanghai, destStation=nanjing), Ticket(seatNo=1402723531, startStation=shanghai, destStation=nanjing), Ticket(seatNo=520072209, startStation=shanghai, destStation=nanjing), Ticket(seatNo=1063924165, startStation=shanghai, destStation=nanjing), Ticket(seatNo=828062078, startStation=shanghai, destStation=nanjing), Ticket(seatNo=364950093, startStation=shanghai, destStation=nanjing), Ticket(seatNo=2090617881, startStation=shanghai, destStation=nanjing), Ticket(seatNo=1605189805, startStation=shanghai, destStation=nanjing), Ticket(seatNo=182083286, startStation=shanghai, destStation=nanjing), Ticket(seatNo=1956808479, startStation=shanghai, destStation=nanjing), Ticket(seatNo=1479771875, startStation=shanghai, destStation=nanjing), Ticket(seatNo=1340473816, startStation=shanghai, destStation=nanjing), Ticket(seatNo=2058528320, startStation=shanghai, destStation=nanjing), Ticket(seatNo=1862239339, startStation=shanghai, destStation=nanjing), Ticket(seatNo=756196424, startStation=shanghai, destStation=nanjing), Ticket(seatNo=1554210637, startStation=shanghai, destStation=nanjing), Ticket(seatNo=2131607583, startStation=shanghai, destStation=nanjing), Ticket(seatNo=1114945650, startStation=shanghai, destStation=nanjing), Ticket(seatNo=978840618, startStation=shanghai, destStation=nanjing), Ticket(seatNo=1696192204, startStation=shanghai, destStation=nanjing), Ticket(seatNo=159217444, startStation=shanghai, destStation=nanjing), Ticket(seatNo=1472397446, startStation=shanghai, destStation=nanjing), Ticket(seatNo=863762562, startStation=shanghai, destStation=nanjing), Ticket(seatNo=762240728, startStation=shanghai, destStation=nanjing), Ticket(seatNo=733090960, startStation=shanghai, destStation=nanjing), Ticket(seatNo=1636395413, startStation=shanghai, destStation=nanjing), Ticket(seatNo=1385200790, startStation=shanghai, destStation=nanjing), Ticket(seatNo=1483334408, startStation=shanghai, destStation=nanjing), Ticket(seatNo=1230952670, startStation=shanghai, destStation=nanjing), Ticket(seatNo=1760486203, startStation=shanghai, destStation=nanjing), Ticket(seatNo=1631472666, startStation=shanghai, destStation=nanjing), Ticket(seatNo=882144838, startStation=shanghai, destStation=nanjing), Ticket(seatNo=210246843, startStation=shanghai, destStation=nanjing), Ticket(seatNo=427259238, startStation=shanghai, destStation=nanjing), Ticket(seatNo=1232572404, startStation=shanghai, destStation=nanjing), Ticket(seatNo=1304478712, startStation=shanghai, destStation=nanjing), Ticket(seatNo=2016232602, startStation=shanghai, destStation=nanjing), Ticket(seatNo=76670888, startStation=shanghai, destStation=nanjing), Ticket(seatNo=1754550335, startStation=shanghai, destStation=nanjing), Ticket(seatNo=1491838595, startStation=shanghai, destStation=nanjing), Ticket(seatNo=1330605393, startStation=shanghai, destStation=nanjing), Ticket(seatNo=226825480, startStation=shanghai, destStation=nanjing), Ticket(seatNo=1787175945, startStation=shanghai, destStation=nanjing), Ticket(seatNo=590443336, startStation=shanghai, destStation=nanjing), Ticket(seatNo=427944411, startStation=shanghai, destStation=nanjing), Ticket(seatNo=1638437656, startStation=shanghai, destStation=nanjing), Ticket(seatNo=1361381257, startStation=shanghai, destStation=nanjing), Ticket(seatNo=1482512162, startStation=shanghai, destStation=nanjing), Ticket(seatNo=400526011, startStation=shanghai, destStation=nanjing), Ticket(seatNo=1749342441, startStation=shanghai, destStation=nanjing), Ticket(seatNo=2117918027, startStation=shanghai, destStation=nanjing), Ticket(seatNo=654927142, startStation=shanghai, destStation=nanjing), Ticket(seatNo=1977897455, startStation=shanghai, destStation=nanjing), Ticket(seatNo=641977830, startStation=shanghai, destStation=nanjing), Ticket(seatNo=1021188806, startStation=shanghai, destStation=nanjing), Ticket(seatNo=1445935016, startStation=shanghai, destStation=nanjing), Ticket(seatNo=1452278883, startStation=shanghai, destStation=nanjing), Ticket(seatNo=830548221, startStation=shanghai, destStation=nanjing), Ticket(seatNo=1655441840, startStation=shanghai, destStation=nanjing), Ticket(seatNo=678340688, startStation=shanghai, destStation=nanjing), Ticket(seatNo=1682320147, startStation=shanghai, destStation=nanjing), Ticket(seatNo=1195341149, startStation=shanghai, destStation=nanjing), Ticket(seatNo=973914808, startStation=shanghai, destStation=nanjing), Ticket(seatNo=1217764195, startStation=shanghai, destStation=nanjing), Ticket(seatNo=837692558, startStation=shanghai, destStation=nanjing), Ticket(seatNo=1203709814, startStation=shanghai, destStation=nanjing), Ticket(seatNo=984361044, startStation=shanghai, destStation=nanjing), Ticket(seatNo=675974723, startStation=shanghai, destStation=nanjing), Ticket(seatNo=1490992938, startStation=shanghai, destStation=nanjing), Ticket(seatNo=1201160931, startStation=shanghai, destStation=nanjing), Ticket(seatNo=1435884154, startStation=shanghai, destStation=nanjing), Ticket(seatNo=1297551695, startStation=shanghai, destStation=nanjing), Ticket(seatNo=1664074534, startStation=shanghai, destStation=nanjing), Ticket(seatNo=1921728155, startStation=shanghai, destStation=nanjing), Ticket(seatNo=1137714160, startStation=shanghai, destStation=nanjing), Ticket(seatNo=1988971469, startStation=shanghai, destStation=nanjing), Ticket(seatNo=1018160513, startStation=shanghai, destStation=nanjing), Ticket(seatNo=1550917166, startStation=shanghai, destStation=nanjing), Ticket(seatNo=1894695695, startStation=shanghai, destStation=nanjing), Ticket(seatNo=784843623, startStation=shanghai, destStation=nanjing), Ticket(seatNo=1932732784, startStation=shanghai, destStation=nanjing), Ticket(seatNo=1565956437, startStation=shanghai, destStation=nanjing), Ticket(seatNo=249855326, startStation=shanghai, destStation=nanjing), Ticket(seatNo=77833908, startStation=shanghai, destStation=nanjing), Ticket(seatNo=64395763, startStation=shanghai, destStation=nanjing), Ticket(seatNo=781572303, startStation=shanghai, destStation=nanjing), Ticket(seatNo=1060217224, startStation=shanghai, destStation=nanjing), Ticket(seatNo=210817532, startStation=shanghai, destStation=nanjing), Ticket(seatNo=1587135411, startStation=shanghai, destStation=nanjing), Ticket(seatNo=862437816, startStation=shanghai, destStation=nanjing), Ticket(seatNo=348991760, startStation=shanghai, destStation=nanjing), Ticket(seatNo=1479280287, startStation=shanghai, destStation=nanjing), Ticket(seatNo=349038530, startStation=shanghai, destStation=nanjing), Ticket(seatNo=90480773, startStation=shanghai, destStation=nanjing), Ticket(seatNo=1465059263, startStation=shanghai, destStation=nanjing), Ticket(seatNo=985339747, startStation=shanghai, destStation=nanjing), Ticket(seatNo=1498460243, startStation=shanghai, destStation=nanjing), Ticket(seatNo=671507041, startStation=shanghai, destStation=nanjing), Ticket(seatNo=965174800, startStation=shanghai, destStation=nanjing), Ticket(seatNo=1841324996, startStation=shanghai, destStation=nanjing), Ticket(seatNo=1248601454, startStation=shanghai, destStation=nanjing), Ticket(seatNo=1901083814, startStation=shanghai, destStation=nanjing), Ticket(seatNo=2077341681, startStation=shanghai, destStation=nanjing), Ticket(seatNo=1207577891, startStation=shanghai, destStation=nanjing), Ticket(seatNo=1454446323, startStation=shanghai, destStation=nanjing), Ticket(seatNo=234766556, startStation=shanghai, destStation=nanjing), Ticket(seatNo=1726109987, startStation=shanghai, destStation=nanjing), Ticket(seatNo=317002893, startStation=shanghai, destStation=nanjing), Ticket(seatNo=1499460332, startStation=shanghai, destStation=nanjing), Ticket(seatNo=267587626, startStation=shanghai, destStation=nanjing), Ticket(seatNo=747527520, startStation=shanghai, destStation=nanjing), Ticket(seatNo=207584255, startStation=shanghai, destStation=nanjing), Ticket(seatNo=636497848, startStation=shanghai, destStation=nanjing), Ticket(seatNo=134621623, startStation=shanghai, destStation=nanjing), Ticket(seatNo=1143973252, startStation=shanghai, destStation=nanjing), Ticket(seatNo=1285506393, startStation=shanghai, destStation=nanjing), Ticket(seatNo=1318597280, startStation=shanghai, destStation=nanjing), Ticket(seatNo=2109276771, startStation=shanghai, destStation=nanjing), Ticket(seatNo=746347294, startStation=shanghai, destStation=nanjing), Ticket(seatNo=360435965, startStation=shanghai, destStation=nanjing), Ticket(seatNo=1636266694, startStation=shanghai, destStation=nanjing), Ticket(seatNo=538009141, startStation=shanghai, destStation=nanjing), Ticket(seatNo=1944586976, startStation=shanghai, destStation=nanjing), Ticket(seatNo=1320680614, startStation=shanghai, destStation=nanjing), Ticket(seatNo=142490066, startStation=shanghai, destStation=nanjing), Ticket(seatNo=252466715, startStation=shanghai, destStation=nanjing), Ticket(seatNo=1806446874, startStation=shanghai, destStation=nanjing), Ticket(seatNo=1743761737, startStation=shanghai, destStation=nanjing), Ticket(seatNo=610439616, startStation=shanghai, destStation=nanjing), Ticket(seatNo=76166607, startStation=shanghai, destStation=nanjing), Ticket(seatNo=1265135696, startStation=shanghai, destStation=nanjing), Ticket(seatNo=1177274309, startStation=shanghai, destStation=nanjing), Ticket(seatNo=746628462, startStation=shanghai, destStation=nanjing), Ticket(seatNo=573722729, startStation=shanghai, destStation=nanjing), Ticket(seatNo=940056408, startStation=shanghai, destStation=nanjing), Ticket(seatNo=202317050, startStation=shanghai, destStation=nanjing), Ticket(seatNo=221602851, startStation=shanghai, destStation=nanjing), Ticket(seatNo=1431476535, startStation=shanghai, destStation=nanjing), Ticket(seatNo=606888208, startStation=shanghai, destStation=nanjing), Ticket(seatNo=813377677, startStation=shanghai, destStation=nanjing), Ticket(seatNo=1592122745, startStation=shanghai, destStation=nanjing), Ticket(seatNo=2128153780, startStation=shanghai, destStation=nanjing), Ticket(seatNo=568784077, startStation=shanghai, destStation=nanjing), Ticket(seatNo=990332202, startStation=shanghai, destStation=nanjing), Ticket(seatNo=1969469614, startStation=shanghai, destStation=nanjing), Ticket(seatNo=1456285444, startStation=shanghai, destStation=nanjing), Ticket(seatNo=1785859166, startStation=shanghai, destStation=nanjing)]}),[vary:\""Origin,Access-Control-Request-Method,Access-Control-Request-Headers\"", x-content-type-options:\""nosniff\"", x-xss-protection:\""1; mode=block\"", cache-control:\""no-cache, no-store, max-age=0, must-revalidate\"", pragma:\""no-cache\"", expires:\""0\"", x-frame-options:\""DENY\"", content-type:\""application/json\"", date:\""Sun, 29 Jan 2023 09:23:01 GMT\"", x-envoy-upstream-service-time:\""6\"", server:\""envoy\"", transfer-encoding:\""chunked\""]\u003e]\n"",""stream"":""stdout"",""time"":""2025-06-06T09:23:01.354817914Z""}"
2025-06-06T09:23:01.344219685Z,1674984181344219685,33.33.33.82,ts-seat-service-5c95b49cff-tdsdz,server,60a6646a840a53a15195be00e6732d82,f9da57830d7e86d1,"{""log"":""17:23:01.343 INFO  s.s.SeatServiceImpl#154 TraceID: 60a6646a840a53a15195be00e6732d82 SpanID: f9da57830d7e86d1 [getLeftTicketOfInterval][TrainNumber start with other capital][trainNumber:Z1234]\n"",""stream"":""stdout"",""time"":""2025-06-06T09:23:01.344219685Z""}"
2025-06-06T09:23:01.343893914Z,1674984181343893914,33.33.33.82,ts-seat-service-5c95b49cff-tdsdz,server,60a6646a840a53a15195be00e6732d82,f9da57830d7e86d1,"{""log"":""17:23:01.343 INFO  s.s.SeatServiceImpl#137 TraceID: 60a6646a840a53a15195be00e6732d82 SpanID: f9da57830d7e86d1 [getLeftTicketOfInterval][Seat request][request:Seat(travelDate=2023-01-29, trainNumber=Z1234, startStation=shanghai, destStation=nanjing, seatType=2, totalNum=2147483647, stations=[shanghai, nanjing, shijiazhuang, taiyuan])]\n"",""stream"":""stdout"",""time"":""2025-06-06T09:23:01.343893914Z""}"
2025-06-06T09:23:01.343581301Z,1674984181343581301,33.33.33.82,ts-seat-service-5c95b49cff-tdsdz,server,60a6646a840a53a15195be00e6732d82,f9da57830d7e86d1,"{""log"":""17:23:01.342 INFO  s.c.SeatController#57 TraceID: 60a6646a840a53a15195be00e6732d82 SpanID: f9da57830d7e86d1 [getLeftTicketOfInterval][Get left ticket of interval][TravelDate: 2023-01-29,TrainNumber: Z1234,SeatType: 2]\n"",""stream"":""stdout"",""time"":""2025-06-06T09:23:01.343581301Z""}"
2025-06-06T09:23:01.479331356Z,1674984181479331356,33.33.33.80,ts-route-service-b6c59fb57-zv8dt,server,60a6646a840a53a15195be00e6732d82,1c02c187bab943f3,"{""log"":""17:23:01.478 INFO  r.c.RouteController#47 TraceID: 60a6646a840a53a15195be00e6732d82 SpanID: 1c02c187bab943f3 [getRouteById][Query route by id][RouteId: 0b23bd3e-876a-4af3-b920-c50a90c90b04]\n"",""stream"":""stdout"",""time"":""2025-06-06T09:23:01.479331356Z""}"
2025-06-06T09:23:01.317529402Z,1674984181317529402,33.33.33.80,ts-route-service-b6c59fb57-zv8dt,server,60a6646a840a53a15195be00e6732d82,86591bb639189bd2,"{""log"":""17:23:01.316 INFO  r.c.RouteController#47 TraceID: 60a6646a840a53a15195be00e6732d82 SpanID: 86591bb639189bd2 [getRouteById][Query route by id][RouteId: 0b23bd3e-876a-4af3-b920-c50a90c90b04]\n"",""stream"":""stdout"",""time"":""2025-06-06T09:23:01.317529402Z""}"
2025-06-06T09:23:01.492889513Z,1674984181492889513,33.33.33.79,ts-price-service-76846864d9-g465z,server,60a6646a840a53a15195be00e6732d82,70850094335d07ac,"{""log"":""17:23:01.492 INFO  p.s.PriceServiceImpl#71 TraceID: 60a6646a840a53a15195be00e6732d82 SpanID: 70850094335d07ac [findByRouteIdAndTrainType][Route: 0b23bd3e-876a-4af3-b920-c50a90c90b04 , Train Type: ZhiDa]\n"",""stream"":""stdout"",""time"":""2025-06-06T09:23:01.492889513Z""}"
2025-06-06T09:23:01.49245301Z,1674984181492453010,33.33.33.79,ts-price-service-76846864d9-g465z,server,60a6646a840a53a15195be00e6732d82,70850094335d07ac,"{""log"":""17:23:01.491 INFO  p.c.PriceController#39 TraceID: 60a6646a840a53a15195be00e6732d82 SpanID: 70850094335d07ac [findByRouteIdAndTrainType][Query price][RouteId: 0b23bd3e-876a-4af3-b920-c50a90c90b04, TrainType: ZhiDa]\n"",""stream"":""stdout"",""time"":""2025-06-06T09:23:01.49245301Z""}"
2025-06-06T09:23:01.332696184Z,1674984181332696184,33.33.33.79,ts-price-service-76846864d9-g465z,server,60a6646a840a53a15195be00e6732d82,996091cbf3751b09,"{""log"":""17:23:01.332 INFO  p.s.PriceServiceImpl#71 TraceID: 60a6646a840a53a15195be00e6732d82 SpanID: 996091cbf3751b09 [findByRouteIdAndTrainType][Route: 0b23bd3e-876a-4af3-b920-c50a90c90b04 , Train Type: ZhiDa]\n"",""stream"":""stdout"",""time"":""2025-06-06T09:23:01.332696184Z""}"
2025-06-06T09:23:01.332331822Z,1674984181332331822,33.33.33.79,ts-price-service-76846864d9-g465z,server,60a6646a840a53a15195be00e6732d82,996091cbf3751b09,"{""log"":""17:23:01.331 INFO  p.c.PriceController#39 TraceID: 60a6646a840a53a15195be00e6732d82 SpanID: 996091cbf3751b09 [findByRouteIdAndTrainType][Query price][RouteId: 0b23bd3e-876a-4af3-b920-c50a90c90b04, TrainType: ZhiDa]\n"",""stream"":""stdout"",""time"":""2025-06-06T09:23:01.332331822Z""}"
2025-06-06T09:23:01.561618872Z,1674984181561618872,33.33.33.116,ts-preserve-other-service-66646bdb5b-fw7x9,server,60a6646a840a53a15195be00e6732d82,e682dde85e87c014,"{""log"":""17:23:01.561 INFO  p.s.PreserveOtherServiceImpl#301 TraceID: 60a6646a840a53a15195be00e6732d82 SpanID: e682dde85e87c014 [getAccount][Cancel Order Service][Get Order By Id]\n"",""stream"":""stdout"",""time"":""2025-06-06T09:23:01.561618872Z""}"
2025-06-06T09:23:01.561506162Z,1674984181561506162,33.33.33.116,ts-preserve-other-service-66646bdb5b-fw7x9,server,60a6646a840a53a15195be00e6732d82,e682dde85e87c014,"{""log"":""17:23:01.561 INFO  p.s.PreserveOtherServiceImpl#239 TraceID: 60a6646a840a53a15195be00e6732d82 SpanID: e682dde85e87c014 [preserve][Step 7][Add Consign][Do not need to consign]\n"",""stream"":""stdout"",""time"":""2025-06-06T09:23:01.561506162Z""}"
2025-06-06T09:23:01.561416933Z,1674984181561416933,33.33.33.116,ts-preserve-other-service-66646bdb5b-fw7x9,server,60a6646a840a53a15195be00e6732d82,e682dde85e87c014,"{""log"":""17:23:01.561 INFO  p.s.PreserveOtherServiceImpl#208 TraceID: 60a6646a840a53a15195be00e6732d82 SpanID: e682dde85e87c014 [preserve][Step 6][Buy Food][Buy Food Success]\n"",""stream"":""stdout"",""time"":""2025-06-06T09:23:01.561416933Z""}"
2025-06-06T09:23:01.545503164Z,1674984181545503164,33.33.33.116,ts-preserve-other-service-66646bdb5b-fw7x9,server,60a6646a840a53a15195be00e6732d82,e682dde85e87c014,"{""log"":""17:23:01.545 INFO  p.s.PreserveOtherServiceImpl#409 TraceID: 60a6646a840a53a15195be00e6732d82 SpanID: e682dde85e87c014 [createFoodOrder][Preserve Service][Add Preserve food Order]\n"",""stream"":""stdout"",""time"":""2025-06-06T09:23:01.545503164Z""}"
2025-06-06T09:23:01.545391059Z,1674984181545391059,33.33.33.116,ts-preserve-other-service-66646bdb5b-fw7x9,server,60a6646a840a53a15195be00e6732d82,e682dde85e87c014,"{""log"":""17:23:01.545 INFO  p.s.PreserveOtherServiceImpl#183 TraceID: 60a6646a840a53a15195be00e6732d82 SpanID: e682dde85e87c014 [preserve][Step 5][Buy Assurance][Do not need to buy assurance]\n"",""stream"":""stdout"",""time"":""2025-06-06T09:23:01.545391059Z""}"
2025-06-06T09:23:01.545273358Z,1674984181545273358,33.33.33.116,ts-preserve-other-service-66646bdb5b-fw7x9,server,60a6646a840a53a15195be00e6732d82,e682dde85e87c014,"{""log"":""17:23:01.544 INFO  p.s.PreserveOtherServiceImpl#179 TraceID: 60a6646a840a53a15195be00e6732d82 SpanID: e682dde85e87c014 [preserve][Step 4][Do Order][Do Order Complete]\n"",""stream"":""stdout"",""time"":""2025-06-06T09:23:01.545273358Z""}"
2025-06-06T09:23:01.531973992Z,1674984181531973992,33.33.33.116,ts-preserve-other-service-66646bdb5b-fw7x9,server,60a6646a840a53a15195be00e6732d82,e682dde85e87c014,"{""log"":""17:23:01.531 INFO  p.s.PreserveOtherServiceImpl#393 TraceID: 60a6646a840a53a15195be00e6732d82 SpanID: e682dde85e87c014 [createOrder][Preserve Other Service][Get Contacts By Id]\n"",""stream"":""stdout"",""time"":""2025-06-06T09:23:01.531973992Z""}"
2025-06-06T09:23:01.531845502Z,1674984181531845502,33.33.33.116,ts-preserve-other-service-66646bdb5b-fw7x9,server,60a6646a840a53a15195be00e6732d82,e682dde85e87c014,"{""log"":""17:23:01.531 INFO  p.s.PreserveOtherServiceImpl#171 TraceID: 60a6646a840a53a15195be00e6732d82 SpanID: e682dde85e87c014 [preserve][Step 4][Do Order][Order Price][Price is: 122.49999999999999]\n"",""stream"":""stdout"",""time"":""2025-06-06T09:23:01.531845502Z""}"
2025-06-06T09:23:01.498714726Z,1674984181498714726,33.33.33.116,ts-preserve-other-service-66646bdb5b-fw7x9,server,60a6646a840a53a15195be00e6732d82,e682dde85e87c014,"{""log"":""17:23:01.498 INFO  p.s.PreserveOtherServiceImpl#145 TraceID: 60a6646a840a53a15195be00e6732d82 SpanID: e682dde85e87c014 [preserve][Step 4][Do Order][Travel Date][Date is: 2023-01-29]\n"",""stream"":""stdout"",""time"":""2025-06-06T09:23:01.498714726Z""}"
2025-06-06T09:23:01.456337584Z,1674984181456337584,33.33.33.116,ts-preserve-other-service-66646bdb5b-fw7x9,server,60a6646a840a53a15195be00e6732d82,e682dde85e87c014,"{""log"":""17:23:01.455 INFO  p.s.PreserveOtherServiceImpl#101 TraceID: 60a6646a840a53a15195be00e6732d82 SpanID: e682dde85e87c014 [preserve][Step 3][Check tickets num][Tickets Enough]\n"",""stream"":""stdout"",""time"":""2025-06-06T09:23:01.456337584Z""}"
2025-06-06T09:23:01.289591142Z,1674984181289591142,33.33.33.116,ts-preserve-other-service-66646bdb5b-fw7x9,server,60a6646a840a53a15195be00e6732d82,e682dde85e87c014,"{""log"":""17:23:01.289 INFO  p.s.PreserveOtherServiceImpl#363 TraceID: 60a6646a840a53a15195be00e6732d82 SpanID: e682dde85e87c014 [getTripAllDetailInformation][Preserve Other Service][Get Trip All Detail Information]\n"",""stream"":""stdout"",""time"":""2025-06-06T09:23:01.289591142Z""}"
2025-06-06T09:23:01.289470321Z,1674984181289470321,33.33.33.116,ts-preserve-other-service-66646bdb5b-fw7x9,server,60a6646a840a53a15195be00e6732d82,e682dde85e87c014,"{""log"":""17:23:01.289 INFO  p.s.PreserveOtherServiceImpl#78 TraceID: 60a6646a840a53a15195be00e6732d82 SpanID: e682dde85e87c014 [preserve][Step 3][Check tickets num][TripId: Z1234]\n"",""stream"":""stdout"",""time"":""2025-06-06T09:23:01.289470321Z""}"
2025-06-06T09:23:01.289340945Z,1674984181289340945,33.33.33.116,ts-preserve-other-service-66646bdb5b-fw7x9,server,60a6646a840a53a15195be00e6732d82,e682dde85e87c014,"{""log"":""17:23:01.289 INFO  p.s.PreserveOtherServiceImpl#68 TraceID: 60a6646a840a53a15195be00e6732d82 SpanID: e682dde85e87c014 [preserve][Step 2][Find contacts Complete][ContactsId: 415d1665-fbb2-4ec9-83f5-5ebe51dc1825]\n"",""stream"":""stdout"",""time"":""2025-06-06T09:23:01.289340945Z""}"
2025-06-06T09:23:01.274795622Z,1674984181274795622,33.33.33.116,ts-preserve-other-service-66646bdb5b-fw7x9,server,60a6646a840a53a15195be00e6732d82,e682dde85e87c014,"{""log"":""17:23:01.274 INFO  p.s.PreserveOtherServiceImpl#378 TraceID: 60a6646a840a53a15195be00e6732d82 SpanID: e682dde85e87c014 [getContactsById][Preserve Other Service][Get Contacts By Id is]\n"",""stream"":""stdout"",""time"":""2025-06-06T09:23:01.274795622Z""}"
2025-06-06T09:23:01.274676819Z,1674984181274676819,33.33.33.116,ts-preserve-other-service-66646bdb5b-fw7x9,server,60a6646a840a53a15195be00e6732d82,e682dde85e87c014,"{""log"":""17:23:01.274 INFO  p.s.PreserveOtherServiceImpl#58 TraceID: 60a6646a840a53a15195be00e6732d82 SpanID: e682dde85e87c014 [preserve][Step 1][Check Security Complete][AccountId: 4d2a46c7-71cb-4cf1-b5bb-b68406d9da6f]\n"",""stream"":""stdout"",""time"":""2025-06-06T09:23:01.274676819Z""}"
2025-06-06T09:23:01.242907186Z,1674984181242907186,33.33.33.116,ts-preserve-other-service-66646bdb5b-fw7x9,server,60a6646a840a53a15195be00e6732d82,e682dde85e87c014,"{""log"":""17:23:01.242 INFO  p.s.PreserveOtherServiceImpl#348 TraceID: 60a6646a840a53a15195be00e6732d82 SpanID: e682dde85e87c014 [checkSecurity][Preserve Other Service][Check Account Security]\n"",""stream"":""stdout"",""time"":""2025-06-06T09:23:01.242907186Z""}"
2025-06-06T09:23:01.242804021Z,1674984181242804021,33.33.33.116,ts-preserve-other-service-66646bdb5b-fw7x9,server,60a6646a840a53a15195be00e6732d82,e682dde85e87c014,"{""log"":""17:23:01.242 INFO  p.s.PreserveOtherServiceImpl#48 TraceID: 60a6646a840a53a15195be00e6732d82 SpanID: e682dde85e87c014 [preserve][Verify Login] Success\n"",""stream"":""stdout"",""time"":""2025-06-06T09:23:01.242804021Z""}"
2025-06-06T09:23:01.242655267Z,1674984181242655267,33.33.33.116,ts-preserve-other-service-66646bdb5b-fw7x9,server,60a6646a840a53a15195be00e6732d82,e682dde85e87c014,"{""log"":""17:23:01.242 INFO  p.c.PreserveOtherController#35 TraceID: 60a6646a840a53a15195be00e6732d82 SpanID: e682dde85e87c014 [preserve][Preserve Account order][from shanghai to nanjing at 2023-01-29]\n"",""stream"":""stdout"",""time"":""2025-06-06T09:23:01.242655267Z""}"
2025-06-06T09:23:01.251986352Z,1674984181251986352,33.33.33.76,ts-order-service-5b67c48447-mv5hb,server,60a6646a840a53a15195be00e6732d82,dd858f0a542a930f,"{""log"":""17:23:01.251 INFO  o.c.OrderController#118 TraceID: 60a6646a840a53a15195be00e6732d82 SpanID: dd858f0a542a930f [checkSecurityAboutOrder][Security Info Get][AccountId:4d2a46c7-71cb-4cf1-b5bb-b68406d9da6f]\n"",""stream"":""stdout"",""time"":""2025-06-06T09:23:01.251986352Z""}"
2025-06-06T09:23:01.543900488Z,1674984181543900488,33.33.33.155,ts-order-other-service-6cdbf9b4cc-h7mqk,server,60a6646a840a53a15195be00e6732d82,cabad24b6b27cbd0,"{""log"":""17:23:01.543 INFO  o.s.OrderOtherServiceImpl#100 TraceID: 60a6646a840a53a15195be00e6732d82 SpanID: cabad24b6b27cbd0 [create][Order Create Success][OrderId:2ead30fe-b4f4-452d-88bb-5a6e334b7f87,Price: 122.49999999999999]\n"",""stream"":""stdout"",""time"":""2025-06-06T09:23:01.543900488Z""}"
2025-06-06T09:23:01.535580715Z,1674984181535580715,33.33.33.155,ts-order-other-service-6cdbf9b4cc-h7mqk,server,60a6646a840a53a15195be00e6732d82,cabad24b6b27cbd0,"{""log"":""17:23:01.535 INFO  o.s.OrderOtherServiceImpl#92 TraceID: 60a6646a840a53a15195be00e6732d82 SpanID: cabad24b6b27cbd0 [create][Create Order][Ready Create Order]\n"",""stream"":""stdout"",""time"":""2025-06-06T09:23:01.535580715Z""}"
2025-06-06T09:23:01.53549094Z,1674984181535490940,33.33.33.155,ts-order-other-service-6cdbf9b4cc-h7mqk,server,60a6646a840a53a15195be00e6732d82,cabad24b6b27cbd0,"{""log"":""17:23:01.535 INFO  o.c.OrderOtherController#49 TraceID: 60a6646a840a53a15195be00e6732d82 SpanID: cabad24b6b27cbd0 [create][Create Order][from shanghai to nanjing at 2023-01-29]\n"",""stream"":""stdout"",""time"":""2025-06-06T09:23:01.53549094Z""}"
2025-06-06T09:23:01.525225949Z,1674984181525225949,33.33.33.155,ts-order-other-service-6cdbf9b4cc-h7mqk,server,60a6646a840a53a15195be00e6732d82,f5c1b0d7e6044ecc,"{""log"":""17:23:01.524 INFO  o.s.OrderOtherServiceImpl#67 TraceID: 60a6646a840a53a15195be00e6732d82 SpanID: f5c1b0d7e6044ecc [getSoldTickets][Left ticket info][info is: LeftTicketInfo{soldTickets=[Ticket(seatNo=388817927, startStation=shanghai, destStation=nanjing), Ticket(seatNo=512319188, startStation=shanghai, destStation=nanjing), Ticket(seatNo=650950163, startStation=shanghai, destStation=nanjing), Ticket(seatNo=1408310701, startStation=shanghai, destStation=nanjing), Ticket(seatNo=681456978, startStation=shanghai, destStation=nanjing), Ticket(seatNo=1278422345, startStation=shanghai, destStation=nanjing), Ticket(seatNo=113640569, startStation=shanghai, destStation=nanjing), Ticket(seatNo=1706091788, startStation=shanghai, destStation=nanjing), Ticket(seatNo=719931591, startStation=shanghai, destStation=nanjing), Ticket(seatNo=324348558, startStation=shanghai, destStation=nanjing), Ticket(seatNo=437134557, startStation=shanghai, destStation=nanjing), Ticket(seatNo=1180305654, startStation=shanghai, destStation=nanjing), Ticket(seatNo=218664224, startStation=shanghai, destStation=nanjing), Ticket(seatNo=1531256885, startStation=shanghai, destStation=nanjing), Ticket(seatNo=282865016, startStation=shanghai, destStation=nanjing), Ticket(seatNo=290573193, startStation=shanghai, destStation=nanjing), Ticket(seatNo=2091646075, startStation=shanghai, destStation=nanjing), Ticket(seatNo=1529246592, startStation=shanghai, destStation=nanjing), Ticket(seatNo=518358183, startStation=shanghai, destStation=nanjing), Ticket(seatNo=1578574107, startStation=shanghai, destStation=nanjing), Ticket(seatNo=864103707, startStation=shanghai, destStation=nanjing), Ticket(seatNo=1101722819, startStation=shanghai, destStation=nanjing), Ticket(seatNo=1110043211, startStation=shanghai, destStation=nanjing), Ticket(seatNo=2115304579, startStation=shanghai, destStation=nanjing), Ticket(seatNo=517895253, startStation=shanghai, destStation=nanjing), Ticket(seatNo=112374996, startStation=shanghai, destStation=nanjing), Ticket(seatNo=1222554072, startStation=shanghai, destStation=nanjing), Ticket(seatNo=1445221655, startStation=shanghai, destStation=nanjing), Ticket(seatNo=55335899, startStation=shanghai, destStation=nanjing), Ticket(seatNo=1402723531, startStation=shanghai, destStation=nanjing), Ticket(seatNo=520072209, startStation=shanghai, destStation=nanjing), Ticket(seatNo=1063924165, startStation=shanghai, destStation=nanjing), Ticket(seatNo=828062078, startStation=shanghai, destStation=nanjing), Ticket(seatNo=364950093, startStation=shanghai, destStation=nanjing), Ticket(seatNo=2090617881, startStation=shanghai, destStation=nanjing), Ticket(seatNo=1605189805, startStation=shanghai, destStation=nanjing), Ticket(seatNo=182083286, startStation=shanghai, destStation=nanjing), Ticket(seatNo=1956808479, startStation=shanghai, destStation=nanjing), Ticket(seatNo=1479771875, startStation=shanghai, destStation=nanjing), Ticket(seatNo=1340473816, startStation=shanghai, destStation=nanjing), Ticket(seatNo=2058528320, startStation=shanghai, destStation=nanjing), Ticket(seatNo=1862239339, startStation=shanghai, destStation=nanjing), Ticket(seatNo=756196424, startStation=shanghai, destStation=nanjing), Ticket(seatNo=1554210637, startStation=shanghai, destStation=nanjing), Ticket(seatNo=2131607583, startStation=shanghai, destStation=nanjing), Ticket(seatNo=1114945650, startStation=shanghai, destStation=nanjing), Ticket(seatNo=978840618, startStation=shanghai, destStation=nanjing), Ticket(seatNo=1696192204, startStation=shanghai, destStation=nanjing), Ticket(seatNo=159217444, startStation=shanghai, destStation=nanjing), Ticket(seatNo=1472397446, startStation=shanghai, destStation=nanjing), Ticket(seatNo=863762562, startStation=shanghai, destStation=nanjing), Ticket(seatNo=762240728, startStation=shanghai, destStation=nanjing), Ticket(seatNo=733090960, startStation=shanghai, destStation=nanjing), Ticket(seatNo=1636395413, startStation=shanghai, destStation=nanjing), Ticket(seatNo=1385200790, startStation=shanghai, destStation=nanjing), Ticket(seatNo=1483334408, startStation=shanghai, destStation=nanjing), Ticket(seatNo=1230952670, startStation=shanghai, destStation=nanjing), Ticket(seatNo=1760486203, startStation=shanghai, destStation=nanjing), Ticket(seatNo=1631472666, startStation=shanghai, destStation=nanjing), Ticket(seatNo=882144838, startStation=shanghai, destStation=nanjing), Ticket(seatNo=210246843, startStation=shanghai, destStation=nanjing), Ticket(seatNo=427259238, startStation=shanghai, destStation=nanjing), Ticket(seatNo=1232572404, startStation=shanghai, destStation=nanjing), Ticket(seatNo=1304478712, startStation=shanghai, destStation=nanjing), Ticket(seatNo=2016232602, startStation=shanghai, destStation=nanjing), Ticket(seatNo=76670888, startStation=shanghai, destStation=nanjing), Ticket(seatNo=1754550335, startStation=shanghai, destStation=nanjing), Ticket(seatNo=1491838595, startStation=shanghai, destStation=nanjing), Ticket(seatNo=1330605393, startStation=shanghai, destStation=nanjing), Ticket(seatNo=226825480, startStation=shanghai, destStation=nanjing), Ticket(seatNo=1787175945, startStation=shanghai, destStation=nanjing), Ticket(seatNo=590443336, startStation=shanghai, destStation=nanjing), Ticket(seatNo=427944411, startStation=shanghai, destStation=nanjing), Ticket(seatNo=1638437656, startStation=shanghai, destStation=nanjing), Ticket(seatNo=1361381257, startStation=shanghai, destStation=nanjing), Ticket(seatNo=1482512162, startStation=shanghai, destStation=nanjing), Ticket(seatNo=400526011, startStation=shanghai, destStation=nanjing), Ticket(seatNo=1749342441, startStation=shanghai, destStation=nanjing), Ticket(seatNo=2117918027, startStation=shanghai, destStation=nanjing), Ticket(seatNo=654927142, startStation=shanghai, destStation=nanjing), Ticket(seatNo=1977897455, startStation=shanghai, destStation=nanjing), Ticket(seatNo=641977830, startStation=shanghai, destStation=nanjing), Ticket(seatNo=1021188806, startStation=shanghai, destStation=nanjing), Ticket(seatNo=1445935016, startStation=shanghai, destStation=nanjing), Ticket(seatNo=1452278883, startStation=shanghai, destStation=nanjing), Ticket(seatNo=830548221, startStation=shanghai, destStation=nanjing), Ticket(seatNo=1655441840, startStation=shanghai, destStation=nanjing), Ticket(seatNo=678340688, startStation=shanghai, destStation=nanjing), Ticket(seatNo=1682320147, startStation=shanghai, destStation=nanjing), Ticket(seatNo=1195341149, startStation=shanghai, destStation=nanjing), Ticket(seatNo=973914808, startStation=shanghai, destStation=nanjing), Ticket(seatNo=1217764195, startStation=shanghai, destStation=nanjing), Ticket(seatNo=837692558, startStation=shanghai, destStation=nanjing), Ticket(seatNo=1203709814, startStation=shanghai, destStation=nanjing), Ticket(seatNo=984361044, startStation=shanghai, destStation=nanjing), Ticket(seatNo=675974723, startStation=shanghai, destStation=nanjing), Ticket(seatNo=1490992938, startStation=shanghai, destStation=nanjing), Ticket(seatNo=1201160931, startStation=shanghai, destStation=nanjing), Ticket(seatNo=1435884154, startStation=shanghai, destStation=nanjing), Ticket(seatNo=1297551695, startStation=shanghai, destStation=nanjing), Ticket(seatNo=1664074534, startStation=shanghai, destStation=nanjing), Ticket(seatNo=1921728155, startStation=shanghai, destStation=nanjing), Ticket(seatNo=1137714160, startStation=shanghai, destStation=nanjing), Ticket(seatNo=1988971469, startStation=shanghai, destStation=nanjing), Ticket(seatNo=1018160513, startStation=shanghai, destStation=nanjing), Ticket(seatNo=1550917166, startStation=shanghai, destStation=nanjing), Ticket(seatNo=1894695695, startStation=shanghai, destStation=nanjing), Ticket(seatNo=784843623, startStation=shanghai, destStation=nanjing), Ticket(seatNo=1932732784, startStation=shanghai, destStation=nanjing), Ticket(seatNo=1565956437, startStation=shanghai, destStation=nanjing), Ticket(seatNo=249855326, startStation=shanghai, destStation=nanjing), Ticket(seatNo=77833908, startStation=shanghai, destStation=nanjing), Ticket(seatNo=64395763, startStation=shanghai, destStation=nanjing), Ticket(seatNo=781572303, startStation=shanghai, destStation=nanjing), Ticket(seatNo=1060217224, startStation=shanghai, destStation=nanjing), Ticket(seatNo=210817532, startStation=shanghai, destStation=nanjing), Ticket(seatNo=1587135411, startStation=shanghai, destStation=nanjing), Ticket(seatNo=862437816, startStation=shanghai, destStation=nanjing), Ticket(seatNo=348991760, startStation=shanghai, destStation=nanjing), Ticket(seatNo=1479280287, startStation=shanghai, destStation=nanjing), Ticket(seatNo=349038530, startStation=shanghai, destStation=nanjing), Ticket(seatNo=90480773, startStation=shanghai, destStation=nanjing), Ticket(seatNo=1465059263, startStation=shanghai, destStation=nanjing), Ticket(seatNo=985339747, startStation=shanghai, destStation=nanjing), Ticket(seatNo=1498460243, startStation=shanghai, destStation=nanjing), Ticket(seatNo=671507041, startStation=shanghai, destStation=nanjing), Ticket(seatNo=965174800, startStation=shanghai, destStation=nanjing), Ticket(seatNo=1841324996, startStation=shanghai, destStation=nanjing), Ticket(seatNo=1248601454, startStation=shanghai, destStation=nanjing), Ticket(seatNo=1901083814, startStation=shanghai, destStation=nanjing), Ticket(seatNo=2077341681, startStation=shanghai, destStation=nanjing), Ticket(seatNo=1207577891, startStation=shanghai, destStation=nanjing), Ticket(seatNo=1454446323, startStation=shanghai, destStation=nanjing), Ticket(seatNo=234766556, startStation=shanghai, destStation=nanjing), Ticket(seatNo=1726109987, startStation=shanghai, destStation=nanjing), Ticket(seatNo=317002893, startStation=shanghai, destStation=nanjing), Ticket(seatNo=1499460332, startStation=shanghai, destStation=nanjing), Ticket(seatNo=267587626, startStation=shanghai, destStation=nanjing), Ticket(seatNo=747527520, startStation=shanghai, destStation=nanjing), Ticket(seatNo=207584255, startStation=shanghai, destStation=nanjing), Ticket(seatNo=636497848, startStation=shanghai, destStation=nanjing), Ticket(seatNo=134621623, startStation=shanghai, destStation=nanjing), Ticket(seatNo=1143973252, startStation=shanghai, destStation=nanjing), Ticket(seatNo=1285506393, startStation=shanghai, destStation=nanjing), Ticket(seatNo=1318597280, startStation=shanghai, destStation=nanjing), Ticket(seatNo=2109276771, startStation=shanghai, destStation=nanjing), Ticket(seatNo=746347294, startStation=shanghai, destStation=nanjing), Ticket(seatNo=360435965, startStation=shanghai, destStation=nanjing), Ticket(seatNo=1636266694, startStation=shanghai, destStation=nanjing), Ticket(seatNo=538009141, startStation=shanghai, destStation=nanjing), Ticket(seatNo=1944586976, startStation=shanghai, destStation=nanjing), Ticket(seatNo=1320680614, startStation=shanghai, destStation=nanjing), Ticket(seatNo=142490066, startStation=shanghai, destStation=nanjing), Ticket(seatNo=252466715, startStation=shanghai, destStation=nanjing), Ticket(seatNo=1806446874, startStation=shanghai, destStation=nanjing), Ticket(seatNo=1743761737, startStation=shanghai, destStation=nanjing), Ticket(seatNo=610439616, startStation=shanghai, destStation=nanjing), Ticket(seatNo=76166607, startStation=shanghai, destStation=nanjing), Ticket(seatNo=1265135696, startStation=shanghai, destStation=nanjing), Ticket(seatNo=1177274309, startStation=shanghai, destStation=nanjing), Ticket(seatNo=746628462, startStation=shanghai, destStation=nanjing), Ticket(seatNo=573722729, startStation=shanghai, destStation=nanjing), Ticket(seatNo=940056408, startStation=shanghai, destStation=nanjing), Ticket(seatNo=202317050, startStation=shanghai, destStation=nanjing), Ticket(seatNo=221602851, startStation=shanghai, destStation=nanjing), Ticket(seatNo=1431476535, startStation=shanghai, destStation=nanjing), Ticket(seatNo=606888208, startStation=shanghai, destStation=nanjing), Ticket(seatNo=813377677, startStation=shanghai, destStation=nanjing), Ticket(seatNo=1592122745, startStation=shanghai, destStation=nanjing), Ticket(seatNo=2128153780, startStation=shanghai, destStation=nanjing), Ticket(seatNo=568784077, startStation=shanghai, destStation=nanjing), Ticket(seatNo=990332202, startStation=shanghai, destStation=nanjing), Ticket(seatNo=1969469614, startStation=shanghai, destStation=nanjing), Ticket(seatNo=1456285444, startStation=shanghai, destStation=nanjing), Ticket(seatNo=1785859166, startStation=shanghai, destStation=nanjing)]}]\n"",""stream"":""stdout"",""time"":""2025-06-06T09:23:01.525225949Z""}"
2025-06-06T09:23:01.520983068Z,1674984181520983068,33.33.33.155,ts-order-other-service-6cdbf9b4cc-h7mqk,server,60a6646a840a53a15195be00e6732d82,f5c1b0d7e6044ecc,"{""log"":""17:23:01.520 INFO  o.c.OrderOtherController#42 TraceID: 60a6646a840a53a15195be00e6732d82 SpanID: f5c1b0d7e6044ecc [getSoldTickets][Get Sold Ticket][Travel Date: 2023-01-29]\n"",""stream"":""stdout"",""time"":""2025-06-06T09:23:01.520983068Z""}"
2025-06-06T09:23:01.392530773Z,1674984181392530773,33.33.33.155,ts-order-other-service-6cdbf9b4cc-h7mqk,server,60a6646a840a53a15195be00e6732d82,08ea499c253d7602,"{""log"":""17:23:01.392 INFO  o.s.OrderOtherServiceImpl#67 TraceID: 60a6646a840a53a15195be00e6732d82 SpanID: 08ea499c253d7602 [getSoldTickets][Left ticket info][info is: LeftTicketInfo{soldTickets=[Ticket(seatNo=388817927, startStation=shanghai, destStation=nanjing), Ticket(seatNo=512319188, startStation=shanghai, destStation=nanjing), Ticket(seatNo=650950163, startStation=shanghai, destStation=nanjing), Ticket(seatNo=1408310701, startStation=shanghai, destStation=nanjing), Ticket(seatNo=681456978, startStation=shanghai, destStation=nanjing), Ticket(seatNo=1278422345, startStation=shanghai, destStation=nanjing), Ticket(seatNo=113640569, startStation=shanghai, destStation=nanjing), Ticket(seatNo=1706091788, startStation=shanghai, destStation=nanjing), Ticket(seatNo=719931591, startStation=shanghai, destStation=nanjing), Ticket(seatNo=324348558, startStation=shanghai, destStation=nanjing), Ticket(seatNo=437134557, startStation=shanghai, destStation=nanjing), Ticket(seatNo=1180305654, startStation=shanghai, destStation=nanjing), Ticket(seatNo=218664224, startStation=shanghai, destStation=nanjing), Ticket(seatNo=1531256885, startStation=shanghai, destStation=nanjing), Ticket(seatNo=282865016, startStation=shanghai, destStation=nanjing), Ticket(seatNo=290573193, startStation=shanghai, destStation=nanjing), Ticket(seatNo=2091646075, startStation=shanghai, destStation=nanjing), Ticket(seatNo=1529246592, startStation=shanghai, destStation=nanjing), Ticket(seatNo=518358183, startStation=shanghai, destStation=nanjing), Ticket(seatNo=1578574107, startStation=shanghai, destStation=nanjing), Ticket(seatNo=864103707, startStation=shanghai, destStation=nanjing), Ticket(seatNo=1101722819, startStation=shanghai, destStation=nanjing), Ticket(seatNo=1110043211, startStation=shanghai, destStation=nanjing), Ticket(seatNo=2115304579, startStation=shanghai, destStation=nanjing), Ticket(seatNo=517895253, startStation=shanghai, destStation=nanjing), Ticket(seatNo=112374996, startStation=shanghai, destStation=nanjing), Ticket(seatNo=1222554072, startStation=shanghai, destStation=nanjing), Ticket(seatNo=1445221655, startStation=shanghai, destStation=nanjing), Ticket(seatNo=55335899, startStation=shanghai, destStation=nanjing), Ticket(seatNo=1402723531, startStation=shanghai, destStation=nanjing), Ticket(seatNo=520072209, startStation=shanghai, destStation=nanjing), Ticket(seatNo=1063924165, startStation=shanghai, destStation=nanjing), Ticket(seatNo=828062078, startStation=shanghai, destStation=nanjing), Ticket(seatNo=364950093, startStation=shanghai, destStation=nanjing), Ticket(seatNo=2090617881, startStation=shanghai, destStation=nanjing), Ticket(seatNo=1605189805, startStation=shanghai, destStation=nanjing), Ticket(seatNo=182083286, startStation=shanghai, destStation=nanjing), Ticket(seatNo=1956808479, startStation=shanghai, destStation=nanjing), Ticket(seatNo=1479771875, startStation=shanghai, destStation=nanjing), Ticket(seatNo=1340473816, startStation=shanghai, destStation=nanjing), Ticket(seatNo=2058528320, startStation=shanghai, destStation=nanjing), Ticket(seatNo=1862239339, startStation=shanghai, destStation=nanjing), Ticket(seatNo=756196424, startStation=shanghai, destStation=nanjing), Ticket(seatNo=1554210637, startStation=shanghai, destStation=nanjing), Ticket(seatNo=2131607583, startStation=shanghai, destStation=nanjing), Ticket(seatNo=1114945650, startStation=shanghai, destStation=nanjing), Ticket(seatNo=978840618, startStation=shanghai, destStation=nanjing), Ticket(seatNo=1696192204, startStation=shanghai, destStation=nanjing), Ticket(seatNo=159217444, startStation=shanghai, destStation=nanjing), Ticket(seatNo=1472397446, startStation=shanghai, destStation=nanjing), Ticket(seatNo=863762562, startStation=shanghai, destStation=nanjing), Ticket(seatNo=762240728, startStation=shanghai, destStation=nanjing), Ticket(seatNo=733090960, startStation=shanghai, destStation=nanjing), Ticket(seatNo=1636395413, startStation=shanghai, destStation=nanjing), Ticket(seatNo=1385200790, startStation=shanghai, destStation=nanjing), Ticket(seatNo=1483334408, startStation=shanghai, destStation=nanjing), Ticket(seatNo=1230952670, startStation=shanghai, destStation=nanjing), Ticket(seatNo=1760486203, startStation=shanghai, destStation=nanjing), Ticket(seatNo=1631472666, startStation=shanghai, destStation=nanjing), Ticket(seatNo=882144838, startStation=shanghai, destStation=nanjing), Ticket(seatNo=210246843, startStation=shanghai, destStation=nanjing), Ticket(seatNo=427259238, startStation=shanghai, destStation=nanjing), Ticket(seatNo=1232572404, startStation=shanghai, destStation=nanjing), Ticket(seatNo=1304478712, startStation=shanghai, destStation=nanjing), Ticket(seatNo=2016232602, startStation=shanghai, destStation=nanjing), Ticket(seatNo=76670888, startStation=shanghai, destStation=nanjing), Ticket(seatNo=1754550335, startStation=shanghai, destStation=nanjing), Ticket(seatNo=1491838595, startStation=shanghai, destStation=nanjing), Ticket(seatNo=1330605393, startStation=shanghai, destStation=nanjing), Ticket(seatNo=226825480, startStation=shanghai, destStation=nanjing), Ticket(seatNo=1787175945, startStation=shanghai, destStation=nanjing), Ticket(seatNo=590443336, startStation=shanghai, destStation=nanjing), Ticket(seatNo=427944411, startStation=shanghai, destStation=nanjing), Ticket(seatNo=1638437656, startStation=shanghai, destStation=nanjing), Ticket(seatNo=1361381257, startStation=shanghai, destStation=nanjing), Ticket(seatNo=1482512162, startStation=shanghai, destStation=nanjing), Ticket(seatNo=400526011, startStation=shanghai, destStation=nanjing), Ticket(seatNo=1749342441, startStation=shanghai, destStation=nanjing), Ticket(seatNo=2117918027, startStation=shanghai, destStation=nanjing), Ticket(seatNo=654927142, startStation=shanghai, destStation=nanjing), Ticket(seatNo=1977897455, startStation=shanghai, destStation=nanjing), Ticket(seatNo=641977830, startStation=shanghai, destStation=nanjing), Ticket(seatNo=1021188806, startStation=shanghai, destStation=nanjing), Ticket(seatNo=1445935016, startStation=shanghai, destStation=nanjing), Ticket(seatNo=1452278883, startStation=shanghai, destStation=nanjing), Ticket(seatNo=830548221, startStation=shanghai, destStation=nanjing), Ticket(seatNo=1655441840, startStation=shanghai, destStation=nanjing), Ticket(seatNo=678340688, startStation=shanghai, destStation=nanjing), Ticket(seatNo=1682320147, startStation=shanghai, destStation=nanjing), Ticket(seatNo=1195341149, startStation=shanghai, destStation=nanjing), Ticket(seatNo=973914808, startStation=shanghai, destStation=nanjing), Ticket(seatNo=1217764195, startStation=shanghai, destStation=nanjing), Ticket(seatNo=837692558, startStation=shanghai, destStation=nanjing), Ticket(seatNo=1203709814, startStation=shanghai, destStation=nanjing), Ticket(seatNo=984361044, startStation=shanghai, destStation=nanjing), Ticket(seatNo=675974723, startStation=shanghai, destStation=nanjing), Ticket(seatNo=1490992938, startStation=shanghai, destStation=nanjing), Ticket(seatNo=1201160931, startStation=shanghai, destStation=nanjing), Ticket(seatNo=1435884154, startStation=shanghai, destStation=nanjing), Ticket(seatNo=1297551695, startStation=shanghai, destStation=nanjing), Ticket(seatNo=1664074534, startStation=shanghai, destStation=nanjing), Ticket(seatNo=1921728155, startStation=shanghai, destStation=nanjing), Ticket(seatNo=1137714160, startStation=shanghai, destStation=nanjing), Ticket(seatNo=1988971469, startStation=shanghai, destStation=nanjing), Ticket(seatNo=1018160513, startStation=shanghai, destStation=nanjing), Ticket(seatNo=1550917166, startStation=shanghai, destStation=nanjing), Ticket(seatNo=1894695695, startStation=shanghai, destStation=nanjing), Ticket(seatNo=784843623, startStation=shanghai, destStation=nanjing), Ticket(seatNo=1932732784, startStation=shanghai, destStation=nanjing), Ticket(seatNo=1565956437, startStation=shanghai, destStation=nanjing), Ticket(seatNo=249855326, startStation=shanghai, destStation=nanjing), Ticket(seatNo=77833908, startStation=shanghai, destStation=nanjing), Ticket(seatNo=64395763, startStation=shanghai, destStation=nanjing), Ticket(seatNo=781572303, startStation=shanghai, destStation=nanjing), Ticket(seatNo=1060217224, startStation=shanghai, destStation=nanjing), Ticket(seatNo=210817532, startStation=shanghai, destStation=nanjing), Ticket(seatNo=1587135411, startStation=shanghai, destStation=nanjing), Ticket(seatNo=862437816, startStation=shanghai, destStation=nanjing), Ticket(seatNo=348991760, startStation=shanghai, destStation=nanjing), Ticket(seatNo=1479280287, startStation=shanghai, destStation=nanjing), Ticket(seatNo=349038530, startStation=shanghai, destStation=nanjing), Ticket(seatNo=90480773, startStation=shanghai, destStation=nanjing), Ticket(seatNo=1465059263, startStation=shanghai, destStation=nanjing), Ticket(seatNo=985339747, startStation=shanghai, destStation=nanjing), Ticket(seatNo=1498460243, startStation=shanghai, destStation=nanjing), Ticket(seatNo=671507041, startStation=shanghai, destStation=nanjing), Ticket(seatNo=965174800, startStation=shanghai, destStation=nanjing), Ticket(seatNo=1841324996, startStation=shanghai, destStation=nanjing), Ticket(seatNo=1248601454, startStation=shanghai, destStation=nanjing), Ticket(seatNo=1901083814, startStation=shanghai, destStation=nanjing), Ticket(seatNo=2077341681, startStation=shanghai, destStation=nanjing), Ticket(seatNo=1207577891, startStation=shanghai, destStation=nanjing), Ticket(seatNo=1454446323, startStation=shanghai, destStation=nanjing), Ticket(seatNo=234766556, startStation=shanghai, destStation=nanjing), Ticket(seatNo=1726109987, startStation=shanghai, destStation=nanjing), Ticket(seatNo=317002893, startStation=shanghai, destStation=nanjing), Ticket(seatNo=1499460332, startStation=shanghai, destStation=nanjing), Ticket(seatNo=267587626, startStation=shanghai, destStation=nanjing), Ticket(seatNo=747527520, startStation=shanghai, destStation=nanjing), Ticket(seatNo=207584255, startStation=shanghai, destStation=nanjing), Ticket(seatNo=636497848, startStation=shanghai, destStation=nanjing), Ticket(seatNo=134621623, startStation=shanghai, destStation=nanjing), Ticket(seatNo=1143973252, startStation=shanghai, destStation=nanjing), Ticket(seatNo=1285506393, startStation=shanghai, destStation=nanjing), Ticket(seatNo=1318597280, startStation=shanghai, destStation=nanjing), Ticket(seatNo=2109276771, startStation=shanghai, destStation=nanjing), Ticket(seatNo=746347294, startStation=shanghai, destStation=nanjing), Ticket(seatNo=360435965, startStation=shanghai, destStation=nanjing), Ticket(seatNo=1636266694, startStation=shanghai, destStation=nanjing), Ticket(seatNo=538009141, startStation=shanghai, destStation=nanjing), Ticket(seatNo=1944586976, startStation=shanghai, destStation=nanjing), Ticket(seatNo=1320680614, startStation=shanghai, destStation=nanjing), Ticket(seatNo=142490066, startStation=shanghai, destStation=nanjing), Ticket(seatNo=252466715, startStation=shanghai, destStation=nanjing), Ticket(seatNo=1806446874, startStation=shanghai, destStation=nanjing), Ticket(seatNo=1743761737, startStation=shanghai, destStation=nanjing), Ticket(seatNo=610439616, startStation=shanghai, destStation=nanjing), Ticket(seatNo=76166607, startStation=shanghai, destStation=nanjing), Ticket(seatNo=1265135696, startStation=shanghai, destStation=nanjing), Ticket(seatNo=1177274309, startStation=shanghai, destStation=nanjing), Ticket(seatNo=746628462, startStation=shanghai, destStation=nanjing), Ticket(seatNo=573722729, startStation=shanghai, destStation=nanjing), Ticket(seatNo=940056408, startStation=shanghai, destStation=nanjing), Ticket(seatNo=202317050, startStation=shanghai, destStation=nanjing), Ticket(seatNo=221602851, startStation=shanghai, destStation=nanjing), Ticket(seatNo=1431476535, startStation=shanghai, destStation=nanjing), Ticket(seatNo=606888208, startStation=shanghai, destStation=nanjing), Ticket(seatNo=813377677, startStation=shanghai, destStation=nanjing), Ticket(seatNo=1592122745, startStation=shanghai, destStation=nanjing), Ticket(seatNo=2128153780, startStation=shanghai, destStation=nanjing), Ticket(seatNo=568784077, startStation=shanghai, destStation=nanjing), Ticket(seatNo=990332202, startStation=shanghai, destStation=nanjing), Ticket(seatNo=1969469614, startStation=shanghai, destStation=nanjing), Ticket(seatNo=1456285444, startStation=shanghai, destStation=nanjing), Ticket(seatNo=1785859166, startStation=shanghai, destStation=nanjing)]}]\n"",""stream"":""stdout"",""time"":""2025-06-06T09:23:01.392530773Z""}"
2025-06-06T09:23:01.38843364Z,1674984181388433640,33.33.33.155,ts-order-other-service-6cdbf9b4cc-h7mqk,server,60a6646a840a53a15195be00e6732d82,08ea499c253d7602,"{""log"":""17:23:01.388 INFO  o.c.OrderOtherController#42 TraceID: 60a6646a840a53a15195be00e6732d82 SpanID: 08ea499c253d7602 [getSoldTickets][Get Sold Ticket][Travel Date: 2023-01-29]\n"",""stream"":""stdout"",""time"":""2025-06-06T09:23:01.38843364Z""}"
2025-06-06T09:23:01.351202432Z,1674984181351202432,33.33.33.155,ts-order-other-service-6cdbf9b4cc-h7mqk,server,60a6646a840a53a15195be00e6732d82,94b5e60d961afd0c,"{""log"":""17:23:01.350 INFO  o.s.OrderOtherServiceImpl#67 TraceID: 60a6646a840a53a15195be00e6732d82 SpanID: 94b5e60d961afd0c [getSoldTickets][Left ticket info][info is: LeftTicketInfo{soldTickets=[Ticket(seatNo=388817927, startStation=shanghai, destStation=nanjing), Ticket(seatNo=512319188, startStation=shanghai, destStation=nanjing), Ticket(seatNo=650950163, startStation=shanghai, destStation=nanjing), Ticket(seatNo=1408310701, startStation=shanghai, destStation=nanjing), Ticket(seatNo=681456978, startStation=shanghai, destStation=nanjing), Ticket(seatNo=1278422345, startStation=shanghai, destStation=nanjing), Ticket(seatNo=113640569, startStation=shanghai, destStation=nanjing), Ticket(seatNo=1706091788, startStation=shanghai, destStation=nanjing), Ticket(seatNo=719931591, startStation=shanghai, destStation=nanjing), Ticket(seatNo=324348558, startStation=shanghai, destStation=nanjing), Ticket(seatNo=437134557, startStation=shanghai, destStation=nanjing), Ticket(seatNo=1180305654, startStation=shanghai, destStation=nanjing), Ticket(seatNo=218664224, startStation=shanghai, destStation=nanjing), Ticket(seatNo=1531256885, startStation=shanghai, destStation=nanjing), Ticket(seatNo=282865016, startStation=shanghai, destStation=nanjing), Ticket(seatNo=290573193, startStation=shanghai, destStation=nanjing), Ticket(seatNo=2091646075, startStation=shanghai, destStation=nanjing), Ticket(seatNo=1529246592, startStation=shanghai, destStation=nanjing), Ticket(seatNo=518358183, startStation=shanghai, destStation=nanjing), Ticket(seatNo=1578574107, startStation=shanghai, destStation=nanjing), Ticket(seatNo=864103707, startStation=shanghai, destStation=nanjing), Ticket(seatNo=1101722819, startStation=shanghai, destStation=nanjing), Ticket(seatNo=1110043211, startStation=shanghai, destStation=nanjing), Ticket(seatNo=2115304579, startStation=shanghai, destStation=nanjing), Ticket(seatNo=517895253, startStation=shanghai, destStation=nanjing), Ticket(seatNo=112374996, startStation=shanghai, destStation=nanjing), Ticket(seatNo=1222554072, startStation=shanghai, destStation=nanjing), Ticket(seatNo=1445221655, startStation=shanghai, destStation=nanjing), Ticket(seatNo=55335899, startStation=shanghai, destStation=nanjing), Ticket(seatNo=1402723531, startStation=shanghai, destStation=nanjing), Ticket(seatNo=520072209, startStation=shanghai, destStation=nanjing), Ticket(seatNo=1063924165, startStation=shanghai, destStation=nanjing), Ticket(seatNo=828062078, startStation=shanghai, destStation=nanjing), Ticket(seatNo=364950093, startStation=shanghai, destStation=nanjing), Ticket(seatNo=2090617881, startStation=shanghai, destStation=nanjing), Ticket(seatNo=1605189805, startStation=shanghai, destStation=nanjing), Ticket(seatNo=182083286, startStation=shanghai, destStation=nanjing), Ticket(seatNo=1956808479, startStation=shanghai, destStation=nanjing), Ticket(seatNo=1479771875, startStation=shanghai, destStation=nanjing), Ticket(seatNo=1340473816, startStation=shanghai, destStation=nanjing), Ticket(seatNo=2058528320, startStation=shanghai, destStation=nanjing), Ticket(seatNo=1862239339, startStation=shanghai, destStation=nanjing), Ticket(seatNo=756196424, startStation=shanghai, destStation=nanjing), Ticket(seatNo=1554210637, startStation=shanghai, destStation=nanjing), Ticket(seatNo=2131607583, startStation=shanghai, destStation=nanjing), Ticket(seatNo=1114945650, startStation=shanghai, destStation=nanjing), Ticket(seatNo=978840618, startStation=shanghai, destStation=nanjing), Ticket(seatNo=1696192204, startStation=shanghai, destStation=nanjing), Ticket(seatNo=159217444, startStation=shanghai, destStation=nanjing), Ticket(seatNo=1472397446, startStation=shanghai, destStation=nanjing), Ticket(seatNo=863762562, startStation=shanghai, destStation=nanjing), Ticket(seatNo=762240728, startStation=shanghai, destStation=nanjing), Ticket(seatNo=733090960, startStation=shanghai, destStation=nanjing), Ticket(seatNo=1636395413, startStation=shanghai, destStation=nanjing), Ticket(seatNo=1385200790, startStation=shanghai, destStation=nanjing), Ticket(seatNo=1483334408, startStation=shanghai, destStation=nanjing), Ticket(seatNo=1230952670, startStation=shanghai, destStation=nanjing), Ticket(seatNo=1760486203, startStation=shanghai, destStation=nanjing), Ticket(seatNo=1631472666, startStation=shanghai, destStation=nanjing), Ticket(seatNo=882144838, startStation=shanghai, destStation=nanjing), Ticket(seatNo=210246843, startStation=shanghai, destStation=nanjing), Ticket(seatNo=427259238, startStation=shanghai, destStation=nanjing), Ticket(seatNo=1232572404, startStation=shanghai, destStation=nanjing), Ticket(seatNo=1304478712, startStation=shanghai, destStation=nanjing), Ticket(seatNo=2016232602, startStation=shanghai, destStation=nanjing), Ticket(seatNo=76670888, startStation=shanghai, destStation=nanjing), Ticket(seatNo=1754550335, startStation=shanghai, destStation=nanjing), Ticket(seatNo=1491838595, startStation=shanghai, destStation=nanjing), Ticket(seatNo=1330605393, startStation=shanghai, destStation=nanjing), Ticket(seatNo=226825480, startStation=shanghai, destStation=nanjing), Ticket(seatNo=1787175945, startStation=shanghai, destStation=nanjing), Ticket(seatNo=590443336, startStation=shanghai, destStation=nanjing), Ticket(seatNo=427944411, startStation=shanghai, destStation=nanjing), Ticket(seatNo=1638437656, startStation=shanghai, destStation=nanjing), Ticket(seatNo=1361381257, startStation=shanghai, destStation=nanjing), Ticket(seatNo=1482512162, startStation=shanghai, destStation=nanjing), Ticket(seatNo=400526011, startStation=shanghai, destStation=nanjing), Ticket(seatNo=1749342441, startStation=shanghai, destStation=nanjing), Ticket(seatNo=2117918027, startStation=shanghai, destStation=nanjing), Ticket(seatNo=654927142, startStation=shanghai, destStation=nanjing), Ticket(seatNo=1977897455, startStation=shanghai, destStation=nanjing), Ticket(seatNo=641977830, startStation=shanghai, destStation=nanjing), Ticket(seatNo=1021188806, startStation=shanghai, destStation=nanjing), Ticket(seatNo=1445935016, startStation=shanghai, destStation=nanjing), Ticket(seatNo=1452278883, startStation=shanghai, destStation=nanjing), Ticket(seatNo=830548221, startStation=shanghai, destStation=nanjing), Ticket(seatNo=1655441840, startStation=shanghai, destStation=nanjing), Ticket(seatNo=678340688, startStation=shanghai, destStation=nanjing), Ticket(seatNo=1682320147, startStation=shanghai, destStation=nanjing), Ticket(seatNo=1195341149, startStation=shanghai, destStation=nanjing), Ticket(seatNo=973914808, startStation=shanghai, destStation=nanjing), Ticket(seatNo=1217764195, startStation=shanghai, destStation=nanjing), Ticket(seatNo=837692558, startStation=shanghai, destStation=nanjing), Ticket(seatNo=1203709814, startStation=shanghai, destStation=nanjing), Ticket(seatNo=984361044, startStation=shanghai, destStation=nanjing), Ticket(seatNo=675974723, startStation=shanghai, destStation=nanjing), Ticket(seatNo=1490992938, startStation=shanghai, destStation=nanjing), Ticket(seatNo=1201160931, startStation=shanghai, destStation=nanjing), Ticket(seatNo=1435884154, startStation=shanghai, destStation=nanjing), Ticket(seatNo=1297551695, startStation=shanghai, destStation=nanjing), Ticket(seatNo=1664074534, startStation=shanghai, destStation=nanjing), Ticket(seatNo=1921728155, startStation=shanghai, destStation=nanjing), Ticket(seatNo=1137714160, startStation=shanghai, destStation=nanjing), Ticket(seatNo=1988971469, startStation=shanghai, destStation=nanjing), Ticket(seatNo=1018160513, startStation=shanghai, destStation=nanjing), Ticket(seatNo=1550917166, startStation=shanghai, destStation=nanjing), Ticket(seatNo=1894695695, startStation=shanghai, destStation=nanjing), Ticket(seatNo=784843623, startStation=shanghai, destStation=nanjing), Ticket(seatNo=1932732784, startStation=shanghai, destStation=nanjing), Ticket(seatNo=1565956437, startStation=shanghai, destStation=nanjing), Ticket(seatNo=249855326, startStation=shanghai, destStation=nanjing), Ticket(seatNo=77833908, startStation=shanghai, destStation=nanjing), Ticket(seatNo=64395763, startStation=shanghai, destStation=nanjing), Ticket(seatNo=781572303, startStation=shanghai, destStation=nanjing), Ticket(seatNo=1060217224, startStation=shanghai, destStation=nanjing), Ticket(seatNo=210817532, startStation=shanghai, destStation=nanjing), Ticket(seatNo=1587135411, startStation=shanghai, destStation=nanjing), Ticket(seatNo=862437816, startStation=shanghai, destStation=nanjing), Ticket(seatNo=348991760, startStation=shanghai, destStation=nanjing), Ticket(seatNo=1479280287, startStation=shanghai, destStation=nanjing), Ticket(seatNo=349038530, startStation=shanghai, destStation=nanjing), Ticket(seatNo=90480773, startStation=shanghai, destStation=nanjing), Ticket(seatNo=1465059263, startStation=shanghai, destStation=nanjing), Ticket(seatNo=985339747, startStation=shanghai, destStation=nanjing), Ticket(seatNo=1498460243, startStation=shanghai, destStation=nanjing), Ticket(seatNo=671507041, startStation=shanghai, destStation=nanjing), Ticket(seatNo=965174800, startStation=shanghai, destStation=nanjing), Ticket(seatNo=1841324996, startStation=shanghai, destStation=nanjing), Ticket(seatNo=1248601454, startStation=shanghai, destStation=nanjing), Ticket(seatNo=1901083814, startStation=shanghai, destStation=nanjing), Ticket(seatNo=2077341681, startStation=shanghai, destStation=nanjing), Ticket(seatNo=1207577891, startStation=shanghai, destStation=nanjing), Ticket(seatNo=1454446323, startStation=shanghai, destStation=nanjing), Ticket(seatNo=234766556, startStation=shanghai, destStation=nanjing), Ticket(seatNo=1726109987, startStation=shanghai, destStation=nanjing), Ticket(seatNo=317002893, startStation=shanghai, destStation=nanjing), Ticket(seatNo=1499460332, startStation=shanghai, destStation=nanjing), Ticket(seatNo=267587626, startStation=shanghai, destStation=nanjing), Ticket(seatNo=747527520, startStation=shanghai, destStation=nanjing), Ticket(seatNo=207584255, startStation=shanghai, destStation=nanjing), Ticket(seatNo=636497848, startStation=shanghai, destStation=nanjing), Ticket(seatNo=134621623, startStation=shanghai, destStation=nanjing), Ticket(seatNo=1143973252, startStation=shanghai, destStation=nanjing), Ticket(seatNo=1285506393, startStation=shanghai, destStation=nanjing), Ticket(seatNo=1318597280, startStation=shanghai, destStation=nanjing), Ticket(seatNo=2109276771, startStation=shanghai, destStation=nanjing), Ticket(seatNo=746347294, startStation=shanghai, destStation=nanjing), Ticket(seatNo=360435965, startStation=shanghai, destStation=nanjing), Ticket(seatNo=1636266694, startStation=shanghai, destStation=nanjing), Ticket(seatNo=538009141, startStation=shanghai, destStation=nanjing), Ticket(seatNo=1944586976, startStation=shanghai, destStation=nanjing), Ticket(seatNo=1320680614, startStation=shanghai, destStation=nanjing), Ticket(seatNo=142490066, startStation=shanghai, destStation=nanjing), Ticket(seatNo=252466715, startStation=shanghai, destStation=nanjing), Ticket(seatNo=1806446874, startStation=shanghai, destStation=nanjing), Ticket(seatNo=1743761737, startStation=shanghai, destStation=nanjing), Ticket(seatNo=610439616, startStation=shanghai, destStation=nanjing), Ticket(seatNo=76166607, startStation=shanghai, destStation=nanjing), Ticket(seatNo=1265135696, startStation=shanghai, destStation=nanjing), Ticket(seatNo=1177274309, startStation=shanghai, destStation=nanjing), Ticket(seatNo=746628462, startStation=shanghai, destStation=nanjing), Ticket(seatNo=573722729, startStation=shanghai, destStation=nanjing), Ticket(seatNo=940056408, startStation=shanghai, destStation=nanjing), Ticket(seatNo=202317050, startStation=shanghai, destStation=nanjing), Ticket(seatNo=221602851, startStation=shanghai, destStation=nanjing), Ticket(seatNo=1431476535, startStation=shanghai, destStation=nanjing), Ticket(seatNo=606888208, startStation=shanghai, destStation=nanjing), Ticket(seatNo=813377677, startStation=shanghai, destStation=nanjing), Ticket(seatNo=1592122745, startStation=shanghai, destStation=nanjing), Ticket(seatNo=2128153780, startStation=shanghai, destStation=nanjing), Ticket(seatNo=568784077, startStation=shanghai, destStation=nanjing), Ticket(seatNo=990332202, startStation=shanghai, destStation=nanjing), Ticket(seatNo=1969469614, startStation=shanghai, destStation=nanjing), Ticket(seatNo=1456285444, startStation=shanghai, destStation=nanjing), Ticket(seatNo=1785859166, startStation=shanghai, destStation=nanjing)]}]\n"",""stream"":""stdout"",""time"":""2025-06-06T09:23:01.351202432Z""}"
2025-06-06T09:23:01.347052446Z,1674984181347052446,33.33.33.155,ts-order-other-service-6cdbf9b4cc-h7mqk,server,60a6646a840a53a15195be00e6732d82,94b5e60d961afd0c,"{""log"":""17:23:01.346 INFO  o.c.OrderOtherController#42 TraceID: 60a6646a840a53a15195be00e6732d82 SpanID: 94b5e60d961afd0c [getSoldTickets][Get Sold Ticket][Travel Date: 2023-01-29]\n"",""stream"":""stdout"",""time"":""2025-06-06T09:23:01.347052446Z""}"
2025-06-06T09:23:01.265314957Z,1674984181265314957,33.33.33.155,ts-order-other-service-6cdbf9b4cc-h7mqk,server,60a6646a840a53a15195be00e6732d82,1fc3bb6d178611b8,"{""log"":""17:23:01.264 INFO  o.c.OrderOtherController#118 TraceID: 60a6646a840a53a15195be00e6732d82 SpanID: 1fc3bb6d178611b8 [checkSecurityAboutOrder][Security Info Get][CheckDate:Sun Jan 29 17:23:01 CST 2023 , AccountId:4d2a46c7-71cb-4cf1-b5bb-b68406d9da6f]\n"",""stream"":""stdout"",""time"":""2025-06-06T09:23:01.265314957Z""}"
2025-06-06T09:23:01.559615826Z,1674984181559615826,33.33.33.155,ts-food-service-f5756978c-k8vqf,server,60a6646a840a53a15195be00e6732d82,1bcc17303316341b,"{""log"":""17:23:01.559 INFO  f.s.FoodServiceImpl#143 TraceID: 60a6646a840a53a15195be00e6732d82 SpanID: 1bcc17303316341b [createFoodOrder][AddFoodOrder][delivery info send to mq][delivery info: {\""orderId\"":\""2ead30fe-b4f4-452d-88bb-5a6e334b7f87\"",\""foodName\"":\""Soup\"",\""storeName\"":\""Roman Holiday\"",\""stationName\"":\""Su Zhou\""}]\n"",""stream"":""stdout"",""time"":""2025-06-06T09:23:01.559615826Z""}"
2025-06-06T09:23:01.559023524Z,1674984181559023524,33.33.33.155,ts-food-service-f5756978c-k8vqf,server,60a6646a840a53a15195be00e6732d82,1bcc17303316341b,"{""log"":""17:23:01.558 INFO  f.mq.RabbitSend#20 TraceID: 60a6646a840a53a15195be00e6732d82 SpanID: 1bcc17303316341b Send info to mq:{\""orderId\"":\""2ead30fe-b4f4-452d-88bb-5a6e334b7f87\"",\""foodName\"":\""Soup\"",\""storeName\"":\""Roman Holiday\"",\""stationName\"":\""Su Zhou\""}\n"",""stream"":""stdout"",""time"":""2025-06-06T09:23:01.559023524Z""}"
2025-06-06T09:23:01.558319115Z,1674984181558319115,33.33.33.155,ts-food-service-f5756978c-k8vqf,server,60a6646a840a53a15195be00e6732d82,1bcc17303316341b,"{""log"":""17:23:01.557 INFO  f.s.FoodServiceImpl#132 TraceID: 60a6646a840a53a15195be00e6732d82 SpanID: 1bcc17303316341b [createFoodOrder][AddFoodOrder Success]\n"",""stream"":""stdout"",""time"":""2025-06-06T09:23:01.558319115Z""}"
2025-06-06T09:23:01.551035394Z,1674984181551035394,33.33.33.155,ts-food-service-f5756978c-k8vqf,server,60a6646a840a53a15195be00e6732d82,1bcc17303316341b,"{""log"":""17:23:01.550 INFO  f.c.FoodController#58 TraceID: 60a6646a840a53a15195be00e6732d82 SpanID: 1bcc17303316341b [createFoodOrder][Try to Create a FoodOrder!]\n"",""stream"":""stdout"",""time"":""2025-06-06T09:23:01.551035394Z""}"
2025-06-06T09:23:01.570551455Z,1674984181570551455,33.33.33.76,ts-delivery-service-7d97b69596-lmsfv,server,60a6646a840a53a15195be00e6732d82,aac47d856e409029,"{""log"":""17:23:01.570 INFO  d.m.RabbitReceive#52 TraceID: 60a6646a840a53a15195be00e6732d82 SpanID: aac47d856e409029 [process][Save delivery object into database success]\n"",""stream"":""stdout"",""time"":""2025-06-06T09:23:01.570551455Z""}"
2025-06-06T09:23:01.563322831Z,1674984181563322831,33.33.33.76,ts-delivery-service-7d97b69596-lmsfv,server,60a6646a840a53a15195be00e6732d82,aac47d856e409029,"{""log"":""17:23:01.563 INFO  d.m.RabbitReceive#44 TraceID: 60a6646a840a53a15195be00e6732d82 SpanID: aac47d856e409029 [process][Receive delivery object][delivery object: {}]Delivery(id=null, orderId=2ead30fe-b4f4-452d-88bb-5a6e334b7f87, foodName=Soup, storeName=Roman Holiday, stationName=Su Zhou)\n"",""stream"":""stdout"",""time"":""2025-06-06T09:23:01.563322831Z""}"
2025-06-06T09:23:01.562011382Z,1674984181562011382,33.33.33.76,ts-delivery-service-7d97b69596-lmsfv,server,60a6646a840a53a15195be00e6732d82,aac47d856e409029,"{""log"":""17:23:01.561 INFO  d.m.RabbitReceive#37 TraceID: 60a6646a840a53a15195be00e6732d82 SpanID: aac47d856e409029 [process][Delivery service]\n"",""stream"":""stdout"",""time"":""2025-06-06T09:23:01.562011382Z""}"
2025-06-06T09:23:01.287205723Z,1674984181287205723,33.33.33.79,ts-contacts-service-866bd68c97-xcqfx,server,60a6646a840a53a15195be00e6732d82,610a637d09ac3c44,"{""log"":""17:23:01.286 INFO  c.s.ContactsServiceImpl#34 TraceID: 60a6646a840a53a15195be00e6732d82 SpanID: 610a637d09ac3c44 [findContactsById][contactsRepository.findById][Find contacts]\n"",""stream"":""stdout"",""time"":""2025-06-06T09:23:01.287205723Z""}"
2025-06-06T09:23:01.281384836Z,1674984181281384836,33.33.33.79,ts-contacts-service-866bd68c97-xcqfx,server,60a6646a840a53a15195be00e6732d82,610a637d09ac3c44,"{""log"":""17:23:01.280 INFO  c.s.ContactsServiceImpl#31 TraceID: 60a6646a840a53a15195be00e6732d82 SpanID: 610a637d09ac3c44 FIND CONTACTS BY ID: 415d1665-fbb2-4ec9-83f5-5ebe51dc1825\n"",""stream"":""stdout"",""time"":""2025-06-06T09:23:01.281384836Z""}"
2025-06-06T09:23:01.2810705Z,1674984181281070500,33.33.33.79,ts-contacts-service-866bd68c97-xcqfx,server,60a6646a840a53a15195be00e6732d82,610a637d09ac3c44,"{""log"":""17:23:01.280 INFO  c.c.ContactsController#84 TraceID: 60a6646a840a53a15195be00e6732d82 SpanID: 610a637d09ac3c44 [ContactsService][VerifyLogin Success]\n"",""stream"":""stdout"",""time"":""2025-06-06T09:23:01.2810705Z""}"
2025-06-06T09:23:01.280772765Z,1674984181280772765,33.33.33.79,ts-contacts-service-866bd68c97-xcqfx,server,60a6646a840a53a15195be00e6732d82,610a637d09ac3c44,"{""log"":""17:23:01.279 INFO  c.c.ContactsController#83 TraceID: 60a6646a840a53a15195be00e6732d82 SpanID: 610a637d09ac3c44 [ContactsService][Contacts Id Print][id: 415d1665-fbb2-4ec9-83f5-5ebe51dc1825]\n"",""stream"":""stdout"",""time"":""2025-06-06T09:23:01.280772765Z""}"
2025-06-06T09:23:01.449310921Z,1674984181449310921,33.33.33.115,ts-config-service-5fcd447d84-wxwjd,server,60a6646a840a53a15195be00e6732d82,79b132366a09a1d9,"{""log"":""17:23:01.449 INFO  c.s.ConfigServiceImpl#65 TraceID: 60a6646a840a53a15195be00e6732d82 SpanID: 79b132366a09a1d9 [query][Query config success][config name: DirectTicketAllocationProportion]\n"",""stream"":""stdout"",""time"":""2025-06-06T09:23:01.449310921Z""}"
2025-06-06T09:23:01.448363201Z,1674984181448363201,33.33.33.115,ts-config-service-5fcd447d84-wxwjd,server,60a6646a840a53a15195be00e6732d82,79b132366a09a1d9,"{""log"":""17:23:01.448 INFO  c.c.ConfigController#67 TraceID: 60a6646a840a53a15195be00e6732d82 SpanID: 79b132366a09a1d9 [retrieve][Retrieve config][configName: DirectTicketAllocationProportion]\n"",""stream"":""stdout"",""time"":""2025-06-06T09:23:01.448363201Z""}"
2025-06-06T09:23:01.358361859Z,1674984181358361859,33.33.33.115,ts-config-service-5fcd447d84-wxwjd,server,60a6646a840a53a15195be00e6732d82,63711adc5824d1e4,"{""log"":""17:23:01.358 INFO  c.s.ConfigServiceImpl#65 TraceID: 60a6646a840a53a15195be00e6732d82 SpanID: 63711adc5824d1e4 [query][Query config success][config name: DirectTicketAllocationProportion]\n"",""stream"":""stdout"",""time"":""2025-06-06T09:23:01.358361859Z""}"
2025-06-06T09:23:01.357394209Z,1674984181357394209,33.33.33.115,ts-config-service-5fcd447d84-wxwjd,server,60a6646a840a53a15195be00e6732d82,63711adc5824d1e4,"{""log"":""17:23:01.356 INFO  c.c.ConfigController#67 TraceID: 60a6646a840a53a15195be00e6732d82 SpanID: 63711adc5824d1e4 [retrieve][Retrieve config][configName: DirectTicketAllocationProportion]\n"",""stream"":""stdout"",""time"":""2025-06-06T09:23:01.357394209Z""}"
2025-06-06T09:23:01.49732347Z,1674984181497323470,33.33.33.76,ts-basic-service-5dc8d4f9fd-46997,server,60a6646a840a53a15195be00e6732d82,6e586fdcfee3209a,"{""log"":""17:23:01.497 INFO  f.m.s.BasicServiceImpl#119 TraceID: 60a6646a840a53a15195be00e6732d82 SpanID: 6e586fdcfee3209a [queryForTravel][all done][result: TravelResult(status=true, percent=1.0, trainType=TrainType(id=e24bb484-516a-4aad-b37f-517e7139e913, name=ZhiDa, economyClass=2147483647, confortClass=2147483647, averageSpeed=120), route=Route(id=0b23bd3e-876a-4af3-b920-c50a90c90b04, stations=[shanghai, nanjing, shijiazhuang, taiyuan], distances=[0, 350, 1000, 1300], startStation=shanghai, endStation=taiyuan), prices={confortClass=350.0, economyClass=122.49999999999999})]\n"",""stream"":""stdout"",""time"":""2025-06-06T09:23:01.49732347Z""}"
2025-06-06T09:23:01.497152576Z,1674984181497152576,33.33.33.76,ts-basic-service-5dc8d4f9fd-46997,server,60a6646a840a53a15195be00e6732d82,6e586fdcfee3209a,"{""log"":""17:23:01.496 INFO  f.m.s.BasicServiceImpl#100 TraceID: 60a6646a840a53a15195be00e6732d82 SpanID: 6e586fdcfee3209a [queryForTravel][calculate price]\n"",""stream"":""stdout"",""time"":""2025-06-06T09:23:01.497152576Z""}"
2025-06-06T09:23:01.496862534Z,1674984181496862534,33.33.33.76,ts-basic-service-5dc8d4f9fd-46997,server,60a6646a840a53a15195be00e6732d82,6e586fdcfee3209a,"{""log"":""17:23:01.496 INFO  f.m.s.BasicServiceImpl#454 TraceID: 60a6646a840a53a15195be00e6732d82 SpanID: 6e586fdcfee3209a [queryPriceConfigByRouteIdAndTrainType][Response Resutl to String][result: Response(status=1, msg=Success, data={id=b90a6ad7-ffad-4624-9655-48e9e185fa6c, trainType=ZhiDa, routeId=0b23bd3e-876a-4af3-b920-c50a90c90b04, basicPriceRate=0.35, firstClassPriceRate=1.0})]\n"",""stream"":""stdout"",""time"":""2025-06-06T09:23:01.496862534Z""}"
2025-06-06T09:23:01.488923159Z,1674984181488923159,33.33.33.76,ts-basic-service-5dc8d4f9fd-46997,server,60a6646a840a53a15195be00e6732d82,6e586fdcfee3209a,"{""log"":""17:23:01.488 INFO  f.m.s.BasicServiceImpl#444 TraceID: 60a6646a840a53a15195be00e6732d82 SpanID: 6e586fdcfee3209a [queryPriceConfigByRouteIdAndTrainType][Query For Price Config][RouteId: 0b23bd3e-876a-4af3-b920-c50a90c90b04 ,TrainType: ZhiDa]\n"",""stream"":""stdout"",""time"":""2025-06-06T09:23:01.488923159Z""}"
2025-06-06T09:23:01.488757385Z,1674984181488757385,33.33.33.76,ts-basic-service-5dc8d4f9fd-46997,server,60a6646a840a53a15195be00e6732d82,6e586fdcfee3209a,"{""log"":""17:23:01.488 INFO  f.m.s.BasicServiceImpl#90 TraceID: 60a6646a840a53a15195be00e6732d82 SpanID: 6e586fdcfee3209a [queryForTravel][query stations and distances][stations: [shanghai, nanjing, shijiazhuang, taiyuan] distances: [0, 350, 1000, 1300]]\n"",""stream"":""stdout"",""time"":""2025-06-06T09:23:01.488757385Z""}"
2025-06-06T09:23:01.488628416Z,1674984181488628416,33.33.33.76,ts-basic-service-5dc8d4f9fd-46997,server,60a6646a840a53a15195be00e6732d82,6e586fdcfee3209a,"{""log"":""17:23:01.488 INFO  f.m.s.BasicServiceImpl#89 TraceID: 60a6646a840a53a15195be00e6732d82 SpanID: 6e586fdcfee3209a [queryForTravel][query start index and end index][indexStart: 0 indexEnd: 1]\n"",""stream"":""stdout"",""time"":""2025-06-06T09:23:01.488628416Z""}"
2025-06-06T09:23:01.488213787Z,1674984181488213787,33.33.33.76,ts-basic-service-5dc8d4f9fd-46997,server,60a6646a840a53a15195be00e6732d82,6e586fdcfee3209a,"{""log"":""17:23:01.487 INFO  f.m.s.BasicServiceImpl#438 TraceID: 60a6646a840a53a15195be00e6732d82 SpanID: 6e586fdcfee3209a [getRouteByRouteId][Get Route By Id][Success]\n"",""stream"":""stdout"",""time"":""2025-06-06T09:23:01.488213787Z""}"
2025-06-06T09:23:01.475292606Z,1674984181475292606,33.33.33.76,ts-basic-service-5dc8d4f9fd-46997,server,60a6646a840a53a15195be00e6732d82,6e586fdcfee3209a,"{""log"":""17:23:01.474 INFO  f.m.s.BasicServiceImpl#425 TraceID: 60a6646a840a53a15195be00e6732d82 SpanID: 6e586fdcfee3209a [getRouteByRouteId][Get Route By Id][Route ID: 0b23bd3e-876a-4af3-b920-c50a90c90b04]\n"",""stream"":""stdout"",""time"":""2025-06-06T09:23:01.475292606Z""}"
2025-06-06T09:23:01.468903931Z,1674984181468903931,33.33.33.76,ts-basic-service-5dc8d4f9fd-46997,server,60a6646a840a53a15195be00e6732d82,6e586fdcfee3209a,"{""log"":""17:23:01.468 INFO  f.m.s.BasicServiceImpl#391 TraceID: 60a6646a840a53a15195be00e6732d82 SpanID: 6e586fdcfee3209a [queryTrainTypeByName][Query Train Type][Train Type name: ZhiDa]\n"",""stream"":""stdout"",""time"":""2025-06-06T09:23:01.468903931Z""}"
2025-06-06T09:23:01.46554495Z,1674984181465544950,33.33.33.76,ts-basic-service-5dc8d4f9fd-46997,server,60a6646a840a53a15195be00e6732d82,6e586fdcfee3209a,"{""log"":""17:23:01.465 INFO  f.m.s.BasicServiceImpl#360 TraceID: 60a6646a840a53a15195be00e6732d82 SpanID: 6e586fdcfee3209a [checkStationExists][Check Station Exists][stationName: nanjing]\n"",""stream"":""stdout"",""time"":""2025-06-06T09:23:01.46554495Z""}"
2025-06-06T09:23:01.46116477Z,1674984181461164770,33.33.33.76,ts-basic-service-5dc8d4f9fd-46997,server,60a6646a840a53a15195be00e6732d82,6e586fdcfee3209a,"{""log"":""17:23:01.460 INFO  f.m.s.BasicServiceImpl#360 TraceID: 60a6646a840a53a15195be00e6732d82 SpanID: 6e586fdcfee3209a [checkStationExists][Check Station Exists][stationName: shanghai]\n"",""stream"":""stdout"",""time"":""2025-06-06T09:23:01.46116477Z""}"
2025-06-06T09:23:01.461028303Z,1674984181461028303,33.33.33.76,ts-basic-service-5dc8d4f9fd-46997,server,60a6646a840a53a15195be00e6732d82,6e586fdcfee3209a,"{""log"":""17:23:01.460 INFO  f.m.c.BasicController#38 TraceID: 60a6646a840a53a15195be00e6732d82 SpanID: 6e586fdcfee3209a [queryForTravel][Query for travel][Travel: Travel(trip=Trip(id=8a533bf9-bd12-4608-a8eb-606890982448, tripId=Z1234, trainTypeName=ZhiDa, routeId=0b23bd3e-876a-4af3-b920-c50a90c90b04, startStationName=shanghai, stationsName=nanjing, terminalStationName=beijing, startTime=2013-05-04 09:51:52, endTime=2013-05-04 15:51:52), startPlace=shanghai, endPlace=nanjing, departureTime=2023-01-29 17:23:01)]\n"",""stream"":""stdout"",""time"":""2025-06-06T09:23:01.461028303Z""}"
2025-06-06T09:23:01.337592198Z,1674984181337592198,33.33.33.76,ts-basic-service-5dc8d4f9fd-46997,server,60a6646a840a53a15195be00e6732d82,d20992c0cc53b619,"{""log"":""17:23:01.337 INFO  f.m.s.BasicServiceImpl#119 TraceID: 60a6646a840a53a15195be00e6732d82 SpanID: d20992c0cc53b619 [queryForTravel][all done][result: TravelResult(status=true, percent=1.0, trainType=TrainType(id=e24bb484-516a-4aad-b37f-517e7139e913, name=ZhiDa, economyClass=2147483647, confortClass=2147483647, averageSpeed=120), route=Route(id=0b23bd3e-876a-4af3-b920-c50a90c90b04, stations=[shanghai, nanjing, shijiazhuang, taiyuan], distances=[0, 350, 1000, 1300], startStation=shanghai, endStation=taiyuan), prices={confortClass=350.0, economyClass=122.49999999999999})]\n"",""stream"":""stdout"",""time"":""2025-06-06T09:23:01.337592198Z""}"
2025-06-06T09:23:01.337293606Z,1674984181337293606,33.33.33.76,ts-basic-service-5dc8d4f9fd-46997,server,60a6646a840a53a15195be00e6732d82,d20992c0cc53b619,"{""log"":""17:23:01.336 INFO  f.m.s.BasicServiceImpl#100 TraceID: 60a6646a840a53a15195be00e6732d82 SpanID: d20992c0cc53b619 [queryForTravel][calculate price]\n"",""stream"":""stdout"",""time"":""2025-06-06T09:23:01.337293606Z""}"
2025-06-06T09:23:01.336799583Z,1674984181336799583,33.33.33.76,ts-basic-service-5dc8d4f9fd-46997,server,60a6646a840a53a15195be00e6732d82,d20992c0cc53b619,"{""log"":""17:23:01.336 INFO  f.m.s.BasicServiceImpl#454 TraceID: 60a6646a840a53a15195be00e6732d82 SpanID: d20992c0cc53b619 [queryPriceConfigByRouteIdAndTrainType][Response Resutl to String][result: Response(status=1, msg=Success, data={id=b90a6ad7-ffad-4624-9655-48e9e185fa6c, trainType=ZhiDa, routeId=0b23bd3e-876a-4af3-b920-c50a90c90b04, basicPriceRate=0.35, firstClassPriceRate=1.0})]\n"",""stream"":""stdout"",""time"":""2025-06-06T09:23:01.336799583Z""}"
2025-06-06T09:23:01.329895677Z,1674984181329895677,33.33.33.76,ts-basic-service-5dc8d4f9fd-46997,server,60a6646a840a53a15195be00e6732d82,d20992c0cc53b619,"{""log"":""17:23:01.327 INFO  f.m.s.BasicServiceImpl#444 TraceID: 60a6646a840a53a15195be00e6732d82 SpanID: d20992c0cc53b619 [queryPriceConfigByRouteIdAndTrainType][Query For Price Config][RouteId: 0b23bd3e-876a-4af3-b920-c50a90c90b04 ,TrainType: ZhiDa]\n"",""stream"":""stdout"",""time"":""2025-06-06T09:23:01.329895677Z""}"
2025-06-06T09:23:01.329877484Z,1674984181329877484,33.33.33.76,ts-basic-service-5dc8d4f9fd-46997,server,60a6646a840a53a15195be00e6732d82,d20992c0cc53b619,"{""log"":""17:23:01.327 INFO  f.m.s.BasicServiceImpl#90 TraceID: 60a6646a840a53a15195be00e6732d82 SpanID: d20992c0cc53b619 [queryForTravel][query stations and distances][stations: [shanghai, nanjing, shijiazhuang, taiyuan] distances: [0, 350, 1000, 1300]]\n"",""stream"":""stdout"",""time"":""2025-06-06T09:23:01.329877484Z""}"
2025-06-06T09:23:01.327613247Z,1674984181327613247,33.33.33.76,ts-basic-service-5dc8d4f9fd-46997,server,60a6646a840a53a15195be00e6732d82,d20992c0cc53b619,"{""log"":""17:23:01.327 INFO  f.m.s.BasicServiceImpl#89 TraceID: 60a6646a840a53a15195be00e6732d82 SpanID: d20992c0cc53b619 [queryForTravel][query start index and end index][indexStart: 0 indexEnd: 1]\n"",""stream"":""stdout"",""time"":""2025-06-06T09:23:01.327613247Z""}"
2025-06-06T09:23:01.327073148Z,1674984181327073148,33.33.33.76,ts-basic-service-5dc8d4f9fd-46997,server,60a6646a840a53a15195be00e6732d82,d20992c0cc53b619,"{""log"":""17:23:01.326 INFO  f.m.s.BasicServiceImpl#438 TraceID: 60a6646a840a53a15195be00e6732d82 SpanID: d20992c0cc53b619 [getRouteByRouteId][Get Route By Id][Success]\n"",""stream"":""stdout"",""time"":""2025-06-06T09:23:01.327073148Z""}"
2025-06-06T09:23:01.313767182Z,1674984181313767182,33.33.33.76,ts-basic-service-5dc8d4f9fd-46997,server,60a6646a840a53a15195be00e6732d82,d20992c0cc53b619,"{""log"":""17:23:01.313 INFO  f.m.s.BasicServiceImpl#425 TraceID: 60a6646a840a53a15195be00e6732d82 SpanID: d20992c0cc53b619 [getRouteByRouteId][Get Route By Id][Route ID: 0b23bd3e-876a-4af3-b920-c50a90c90b04]\n"",""stream"":""stdout"",""time"":""2025-06-06T09:23:01.313767182Z""}"
2025-06-06T09:23:01.306122482Z,1674984181306122482,33.33.33.76,ts-basic-service-5dc8d4f9fd-46997,server,60a6646a840a53a15195be00e6732d82,d20992c0cc53b619,"{""log"":""17:23:01.305 INFO  f.m.s.BasicServiceImpl#391 TraceID: 60a6646a840a53a15195be00e6732d82 SpanID: d20992c0cc53b619 [queryTrainTypeByName][Query Train Type][Train Type name: ZhiDa]\n"",""stream"":""stdout"",""time"":""2025-06-06T09:23:01.306122482Z""}"
2025-06-06T09:23:01.302709331Z,1674984181302709331,33.33.33.76,ts-basic-service-5dc8d4f9fd-46997,server,60a6646a840a53a15195be00e6732d82,d20992c0cc53b619,"{""log"":""17:23:01.302 INFO  f.m.s.BasicServiceImpl#360 TraceID: 60a6646a840a53a15195be00e6732d82 SpanID: d20992c0cc53b619 [checkStationExists][Check Station Exists][stationName: nanjing]\n"",""stream"":""stdout"",""time"":""2025-06-06T09:23:01.302709331Z""}"
2025-06-06T09:23:01.298415501Z,1674984181298415501,33.33.33.76,ts-basic-service-5dc8d4f9fd-46997,server,60a6646a840a53a15195be00e6732d82,d20992c0cc53b619,"{""log"":""17:23:01.298 INFO  f.m.s.BasicServiceImpl#360 TraceID: 60a6646a840a53a15195be00e6732d82 SpanID: d20992c0cc53b619 [checkStationExists][Check Station Exists][stationName: shanghai]\n"",""stream"":""stdout"",""time"":""2025-06-06T09:23:01.298415501Z""}"
2025-06-06T09:23:01.298354802Z,1674984181298354802,33.33.33.76,ts-basic-service-5dc8d4f9fd-46997,server,60a6646a840a53a15195be00e6732d82,d20992c0cc53b619,"{""log"":""17:23:01.297 INFO  f.m.c.BasicController#38 TraceID: 60a6646a840a53a15195be00e6732d82 SpanID: d20992c0cc53b619 [queryForTravel][Query for travel][Travel: Travel(trip=Trip(id=8a533bf9-bd12-4608-a8eb-606890982448, tripId=Z1234, trainTypeName=ZhiDa, routeId=0b23bd3e-876a-4af3-b920-c50a90c90b04, startStationName=shanghai, stationsName=nanjing, terminalStationName=beijing, startTime=2013-05-04 09:51:52, endTime=2013-05-04 15:51:52), startPlace=shanghai, endPlace=nanjing, departureTime=2023-01-29)]\n"",""stream"":""stdout"",""time"":""2025-06-06T09:23:01.298354802Z""}"
2025-06-06T09:22:43.445466916Z,1674984163445466916,33.33.33.76,ts-user-service-687d654649-lrcwv,server,fe567e1be621747372a03ffd22064e2e,a556e9f5bbf7cf18,"{""log"":""17:22:43.444 INFO  u.c.UserController#48 TraceID: fe567e1be621747372a03ffd22064e2e SpanID: a556e9f5bbf7cf18 [getUserByUserId][Get user by user id][UserId: 4d2a46c7-71cb-4cf1-b5bb-b68406d9da6f]\n"",""stream"":""stdout"",""time"":""2025-06-06T09:22:43.445466916Z""}"
2025-06-06T09:22:43.352915771Z,1674984163352915771,33.33.33.167,ts-travel2-service-5c66d57d58-6mp2b,server,fe567e1be621747372a03ffd22064e2e,0e03ef0cae662c2a,"{""log"":""17:22:43.352 INFO  t.s.TravelServiceImpl#372 TraceID: fe567e1be621747372a03ffd22064e2e SpanID: 0e03ef0cae662c2a [getTickets][Calculate distance][calculate time：175  time: Sat May 04 12:46:52 CST 2013]\n"",""stream"":""stdout"",""time"":""2025-06-06T09:22:43.352915771Z""}"
2025-06-06T09:22:43.352736009Z,1674984163352736009,33.33.33.167,ts-travel2-service-5c66d57d58-6mp2b,server,fe567e1be621747372a03ffd22064e2e,0e03ef0cae662c2a,"{""log"":""17:22:43.352 INFO  t.s.TravelServiceImpl#366 TraceID: fe567e1be621747372a03ffd22064e2e SpanID: 0e03ef0cae662c2a [getTickets][Calculate distance][calculate time：0  time: Sat May 04 09:51:52 CST 2013]\n"",""stream"":""stdout"",""time"":""2025-06-06T09:22:43.352736009Z""}"
2025-06-06T09:22:43.352524733Z,1674984163352524733,33.33.33.167,ts-travel2-service-5c66d57d58-6mp2b,server,fe567e1be621747372a03ffd22064e2e,0e03ef0cae662c2a,"{""log"":""17:22:43.351 INFO  t.s.TravelServiceImpl#469 TraceID: fe567e1be621747372a03ffd22064e2e SpanID: 0e03ef0cae662c2a [getRestTicketNumber][Get Rest tickets num][num is: Response(status=1, msg=Get Left Ticket of Internal Success, data=1073741652)]\n"",""stream"":""stdout"",""time"":""2025-06-06T09:22:43.352524733Z""}"
2025-06-06T09:22:43.077617546Z,1674984163077617546,33.33.33.167,ts-travel2-service-5c66d57d58-6mp2b,server,fe567e1be621747372a03ffd22064e2e,0e03ef0cae662c2a,"{""log"":""17:22:43.077 INFO  t.s.TravelServiceImpl#459 TraceID: fe567e1be621747372a03ffd22064e2e SpanID: 0e03ef0cae662c2a [getRestTicketNumber][Seat request][request: Seat(travelDate=2023-01-29, trainNumber=Z1234, startStation=shanghai, destStation=nanjing, seatType=3, totalNum=2147483647, stations=[shanghai, nanjing, shijiazhuang, taiyuan])]\n"",""stream"":""stdout"",""time"":""2025-06-06T09:22:43.077617546Z""}"
2025-06-06T09:22:43.077393447Z,1674984163077393447,33.33.33.167,ts-travel2-service-5c66d57d58-6mp2b,server,fe567e1be621747372a03ffd22064e2e,0e03ef0cae662c2a,"{""log"":""17:22:43.076 INFO  t.s.TravelServiceImpl#469 TraceID: fe567e1be621747372a03ffd22064e2e SpanID: 0e03ef0cae662c2a [getRestTicketNumber][Get Rest tickets num][num is: Response(status=1, msg=Get Left Ticket of Internal Success, data=1073741652)]\n"",""stream"":""stdout"",""time"":""2025-06-06T09:22:43.077393447Z""}"
2025-06-06T09:22:43.052708398Z,1674984163052708398,33.33.33.167,ts-travel2-service-5c66d57d58-6mp2b,server,fe567e1be621747372a03ffd22064e2e,0e03ef0cae662c2a,"{""log"":""17:22:43.052 INFO  t.s.TravelServiceImpl#459 TraceID: fe567e1be621747372a03ffd22064e2e SpanID: 0e03ef0cae662c2a [getRestTicketNumber][Seat request][request: Seat(travelDate=2023-01-29, trainNumber=Z1234, startStation=shanghai, destStation=nanjing, seatType=2, totalNum=2147483647, stations=[shanghai, nanjing, shijiazhuang, taiyuan])]\n"",""stream"":""stdout"",""time"":""2025-06-06T09:22:43.052708398Z""}"
2025-06-06T09:22:42.535688656Z,1674984162535688656,33.33.33.167,ts-travel2-service-5c66d57d58-6mp2b,server,fe567e1be621747372a03ffd22064e2e,0e03ef0cae662c2a,"{""log"":""17:22:42.535 INFO  t.c.Travel2Controller#129 TraceID: fe567e1be621747372a03ffd22064e2e SpanID: 0e03ef0cae662c2a [getTripAllDetailInfo][Get trip detail][TripId: Z1234]\n"",""stream"":""stdout"",""time"":""2025-06-06T09:22:42.535688656Z""}"
2025-06-06T09:22:43.37420221Z,1674984163374202210,33.33.33.79,ts-train-service-86f5f97bc9-dkqmf,server,fe567e1be621747372a03ffd22064e2e,3e90afbedd73b933,"{""log"":""17:22:43.373 INFO  t.c.TrainController#60 TraceID: fe567e1be621747372a03ffd22064e2e SpanID: 3e90afbedd73b933 [retrieveByName][Retrieve train][TrainTypeName: ZhiDa]\n"",""stream"":""stdout"",""time"":""2025-06-06T09:22:43.37420221Z""}"
2025-06-06T09:22:42.552425505Z,1674984162552425505,33.33.33.79,ts-train-service-86f5f97bc9-dkqmf,server,fe567e1be621747372a03ffd22064e2e,5d274a86d5815629,"{""log"":""17:22:42.551 INFO  t.c.TrainController#60 TraceID: fe567e1be621747372a03ffd22064e2e SpanID: 5d274a86d5815629 [retrieveByName][Retrieve train][TrainTypeName: ZhiDa]\n"",""stream"":""stdout"",""time"":""2025-06-06T09:22:42.552425505Z""}"
2025-06-06T09:22:43.367979144Z,1674984163367979144,33.33.33.76,ts-station-service-7f4f5f6f77-5qb6j,server,fe567e1be621747372a03ffd22064e2e,32d3a72493e814f7,"{""log"":""17:22:43.367 INFO  f.m.c.StationController#63 TraceID: fe567e1be621747372a03ffd22064e2e SpanID: 32d3a72493e814f7 [queryForId][Query for station id][StationName: nanjing]\n"",""stream"":""stdout"",""time"":""2025-06-06T09:22:43.367979144Z""}"
2025-06-06T09:22:43.364448525Z,1674984163364448525,33.33.33.76,ts-station-service-7f4f5f6f77-5qb6j,server,fe567e1be621747372a03ffd22064e2e,b3d33f74f8c3fc35,"{""log"":""17:22:43.363 INFO  f.m.c.StationController#63 TraceID: fe567e1be621747372a03ffd22064e2e SpanID: b3d33f74f8c3fc35 [queryForId][Query for station id][StationName: shanghai]\n"",""stream"":""stdout"",""time"":""2025-06-06T09:22:43.364448525Z""}"
2025-06-06T09:22:42.547215313Z,1674984162547215313,33.33.33.76,ts-station-service-7f4f5f6f77-5qb6j,server,fe567e1be621747372a03ffd22064e2e,0c0ba776468eafe8,"{""log"":""17:22:42.546 INFO  f.m.c.StationController#63 TraceID: fe567e1be621747372a03ffd22064e2e SpanID: 0c0ba776468eafe8 [queryForId][Query for station id][StationName: nanjing]\n"",""stream"":""stdout"",""time"":""2025-06-06T09:22:42.547215313Z""}"
2025-06-06T09:22:42.542547269Z,1674984162542547269,33.33.33.76,ts-station-service-7f4f5f6f77-5qb6j,server,fe567e1be621747372a03ffd22064e2e,6106ca2843409af5,"{""log"":""17:22:42.542 INFO  f.m.c.StationController#63 TraceID: fe567e1be621747372a03ffd22064e2e SpanID: 6106ca2843409af5 [queryForId][Query for station id][StationName: shanghai]\n"",""stream"":""stdout"",""time"":""2025-06-06T09:22:42.542547269Z""}"
2025-06-06T09:22:42.512143109Z,1674984162512143109,33.33.33.115,ts-security-service-cb9788d56-mrzv2,ts-security-service,fe567e1be621747372a03ffd22064e2e,7a18963d530d675b,"{""log"":""17:22:42.511 INFO  s.s.SecurityServiceImpl#119 TraceID: fe567e1be621747372a03ffd22064e2e SpanID: 7a18963d530d675b [check][Max][Max In One Hour: 2147483647  Max Not Use: 2147483647]\n"",""stream"":""stdout"",""time"":""2025-06-06T09:22:42.512143109Z""}"
2025-06-06T09:22:42.509499775Z,1674984162509499775,33.33.33.115,ts-security-service-cb9788d56-mrzv2,ts-security-service,fe567e1be621747372a03ffd22064e2e,7a18963d530d675b,"{""log"":""17:22:42.509 INFO  s.s.SecurityServiceImpl#156 TraceID: fe567e1be621747372a03ffd22064e2e SpanID: 7a18963d530d675b [getSecurityOrderOtherInfoFromOrder][Get Order Other Info For Security][Last One Hour: 172  Total Valid Order: 115]\n"",""stream"":""stdout"",""time"":""2025-06-06T09:22:42.509499775Z""}"
2025-06-06T09:22:42.500471743Z,1674984162500471743,33.33.33.115,ts-security-service-cb9788d56-mrzv2,ts-security-service,fe567e1be621747372a03ffd22064e2e,7a18963d530d675b,"{""log"":""17:22:42.500 INFO  s.s.SecurityServiceImpl#141 TraceID: fe567e1be621747372a03ffd22064e2e SpanID: 7a18963d530d675b [getSecurityOrderInfoFromOrder][Get Order Info For Security][Last One Hour: 323  Total Valid Order: 161]\n"",""stream"":""stdout"",""time"":""2025-06-06T09:22:42.500471743Z""}"
2025-06-06T09:22:42.485976359Z,1674984162485976359,33.33.33.115,ts-security-service-cb9788d56-mrzv2,ts-security-service,fe567e1be621747372a03ffd22064e2e,7a18963d530d675b,"{""log"":""17:22:42.485 INFO  s.c.SecurityController#62 TraceID: fe567e1be621747372a03ffd22064e2e SpanID: 7a18963d530d675b [check][Check Security][Check Account Id: 4d2a46c7-71cb-4cf1-b5bb-b68406d9da6f]\n"",""stream"":""stdout"",""time"":""2025-06-06T09:22:42.485976359Z""}"
2025-06-06T09:22:43.420238377Z,1674984163420238377,33.33.33.82,ts-seat-service-5c95b49cff-tdsdz,server,fe567e1be621747372a03ffd22064e2e,d385ff59a3d85efc,"{""log"":""17:22:43.419 INFO  s.s.SeatServiceImpl#114 TraceID: fe567e1be621747372a03ffd22064e2e SpanID: d385ff59a3d85efc [distributeSeat][Assign new tickets][Use a new seat number][seat number:1408310701]\n"",""stream"":""stdout"",""time"":""2025-06-06T09:22:43.420238377Z""}"
2025-06-06T09:22:43.419868171Z,1674984163419868171,33.33.33.82,ts-seat-service-5c95b49cff-tdsdz,server,fe567e1be621747372a03ffd22064e2e,d385ff59a3d85efc,"{""log"":""17:22:43.418 INFO  s.s.SeatServiceImpl#79 TraceID: fe567e1be621747372a03ffd22064e2e SpanID: d385ff59a3d85efc [distributeSeat][Left ticket info][info is : Response(status=1, msg=Success, data=LeftTicketInfo{soldTickets=[Ticket(seatNo=388817927, startStation=shanghai, destStation=nanjing), Ticket(seatNo=512319188, startStation=shanghai, destStation=nanjing), Ticket(seatNo=650950163, startStation=shanghai, destStation=nanjing), Ticket(seatNo=681456978, startStation=shanghai, destStation=nanjing), Ticket(seatNo=1278422345, startStation=shanghai, destStation=nanjing), Ticket(seatNo=113640569, startStation=shanghai, destStation=nanjing), Ticket(seatNo=1706091788, startStation=shanghai, destStation=nanjing), Ticket(seatNo=719931591, startStation=shanghai, destStation=nanjing), Ticket(seatNo=324348558, startStation=shanghai, destStation=nanjing), Ticket(seatNo=437134557, startStation=shanghai, destStation=nanjing), Ticket(seatNo=1180305654, startStation=shanghai, destStation=nanjing), Ticket(seatNo=218664224, startStation=shanghai, destStation=nanjing), Ticket(seatNo=1531256885, startStation=shanghai, destStation=nanjing), Ticket(seatNo=282865016, startStation=shanghai, destStation=nanjing), Ticket(seatNo=290573193, startStation=shanghai, destStation=nanjing), Ticket(seatNo=2091646075, startStation=shanghai, destStation=nanjing), Ticket(seatNo=1529246592, startStation=shanghai, destStation=nanjing), Ticket(seatNo=518358183, startStation=shanghai, destStation=nanjing), Ticket(seatNo=1578574107, startStation=shanghai, destStation=nanjing), Ticket(seatNo=864103707, startStation=shanghai, destStation=nanjing), Ticket(seatNo=1101722819, startStation=shanghai, destStation=nanjing), Ticket(seatNo=1110043211, startStation=shanghai, destStation=nanjing), Ticket(seatNo=2115304579, startStation=shanghai, destStation=nanjing), Ticket(seatNo=517895253, startStation=shanghai, destStation=nanjing), Ticket(seatNo=112374996, startStation=shanghai, destStation=nanjing), Ticket(seatNo=1222554072, startStation=shanghai, destStation=nanjing), Ticket(seatNo=1445221655, startStation=shanghai, destStation=nanjing), Ticket(seatNo=55335899, startStation=shanghai, destStation=nanjing), Ticket(seatNo=1402723531, startStation=shanghai, destStation=nanjing), Ticket(seatNo=520072209, startStation=shanghai, destStation=nanjing), Ticket(seatNo=1063924165, startStation=shanghai, destStation=nanjing), Ticket(seatNo=828062078, startStation=shanghai, destStation=nanjing), Ticket(seatNo=364950093, startStation=shanghai, destStation=nanjing), Ticket(seatNo=2090617881, startStation=shanghai, destStation=nanjing), Ticket(seatNo=1605189805, startStation=shanghai, destStation=nanjing), Ticket(seatNo=182083286, startStation=shanghai, destStation=nanjing), Ticket(seatNo=1956808479, startStation=shanghai, destStation=nanjing), Ticket(seatNo=1479771875, startStation=shanghai, destStation=nanjing), Ticket(seatNo=1340473816, startStation=shanghai, destStation=nanjing), Ticket(seatNo=2058528320, startStation=shanghai, destStation=nanjing), Ticket(seatNo=1862239339, startStation=shanghai, destStation=nanjing), Ticket(seatNo=756196424, startStation=shanghai, destStation=nanjing), Ticket(seatNo=1554210637, startStation=shanghai, destStation=nanjing), Ticket(seatNo=2131607583, startStation=shanghai, destStation=nanjing), Ticket(seatNo=1114945650, startStation=shanghai, destStation=nanjing), Ticket(seatNo=978840618, startStation=shanghai, destStation=nanjing), Ticket(seatNo=1696192204, startStation=shanghai, destStation=nanjing), Ticket(seatNo=159217444, startStation=shanghai, destStation=nanjing), Ticket(seatNo=1472397446, startStation=shanghai, destStation=nanjing), Ticket(seatNo=863762562, startStation=shanghai, destStation=nanjing), Ticket(seatNo=762240728, startStation=shanghai, destStation=nanjing), Ticket(seatNo=733090960, startStation=shanghai, destStation=nanjing), Ticket(seatNo=1385200790, startStation=shanghai, destStation=nanjing), Ticket(seatNo=1483334408, startStation=shanghai, destStation=nanjing), Ticket(seatNo=1230952670, startStation=shanghai, destStation=nanjing), Ticket(seatNo=1760486203, startStation=shanghai, destStation=nanjing), Ticket(seatNo=1631472666, startStation=shanghai, destStation=nanjing), Ticket(seatNo=882144838, startStation=shanghai, destStation=nanjing), Ticket(seatNo=210246843, startStation=shanghai, destStation=nanjing), Ticket(seatNo=427259238, startStation=shanghai, destStation=nanjing), Ticket(seatNo=1232572404, startStation=shanghai, destStation=nanjing), Ticket(seatNo=1304478712, startStation=shanghai, destStation=nanjing), Ticket(seatNo=2016232602, startStation=shanghai, destStation=nanjing), Ticket(seatNo=76670888, startStation=shanghai, destStation=nanjing), Ticket(seatNo=1754550335, startStation=shanghai, destStation=nanjing), Ticket(seatNo=1491838595, startStation=shanghai, destStation=nanjing), Ticket(seatNo=1330605393, startStation=shanghai, destStation=nanjing), Ticket(seatNo=226825480, startStation=shanghai, destStation=nanjing), Ticket(seatNo=1787175945, startStation=shanghai, destStation=nanjing), Ticket(seatNo=590443336, startStation=shanghai, destStation=nanjing), Ticket(seatNo=427944411, startStation=shanghai, destStation=nanjing), Ticket(seatNo=1638437656, startStation=shanghai, destStation=nanjing), Ticket(seatNo=1361381257, startStation=shanghai, destStation=nanjing), Ticket(seatNo=1482512162, startStation=shanghai, destStation=nanjing), Ticket(seatNo=400526011, startStation=shanghai, destStation=nanjing), Ticket(seatNo=1749342441, startStation=shanghai, destStation=nanjing), Ticket(seatNo=2117918027, startStation=shanghai, destStation=nanjing), Ticket(seatNo=654927142, startStation=shanghai, destStation=nanjing), Ticket(seatNo=1977897455, startStation=shanghai, destStation=nanjing), Ticket(seatNo=641977830, startStation=shanghai, destStation=nanjing), Ticket(seatNo=1021188806, startStation=shanghai, destStation=nanjing), Ticket(seatNo=1445935016, startStation=shanghai, destStation=nanjing), Ticket(seatNo=830548221, startStation=shanghai, destStation=nanjing), Ticket(seatNo=1655441840, startStation=shanghai, destStation=nanjing), Ticket(seatNo=678340688, startStation=shanghai, destStation=nanjing), Ticket(seatNo=1682320147, startStation=shanghai, destStation=nanjing), Ticket(seatNo=1195341149, startStation=shanghai, destStation=nanjing), Ticket(seatNo=973914808, startStation=shanghai, destStation=nanjing), Ticket(seatNo=1217764195, startStation=shanghai, destStation=nanjing), Ticket(seatNo=837692558, startStation=shanghai, destStation=nanjing), Ticket(seatNo=1203709814, startStation=shanghai, destStation=nanjing), Ticket(seatNo=984361044, startStation=shanghai, destStation=nanjing), Ticket(seatNo=675974723, startStation=shanghai, destStation=nanjing), Ticket(seatNo=1490992938, startStation=shanghai, destStation=nanjing), Ticket(seatNo=1201160931, startStation=shanghai, destStation=nanjing), Ticket(seatNo=1435884154, startStation=shanghai, destStation=nanjing), Ticket(seatNo=1297551695, startStation=shanghai, destStation=nanjing), Ticket(seatNo=1664074534, startStation=shanghai, destStation=nanjing), Ticket(seatNo=1921728155, startStation=shanghai, destStation=nanjing), Ticket(seatNo=1137714160, startStation=shanghai, destStation=nanjing), Ticket(seatNo=1988971469, startStation=shanghai, destStation=nanjing), Ticket(seatNo=1018160513, startStation=shanghai, destStation=nanjing), Ticket(seatNo=1550917166, startStation=shanghai, destStation=nanjing), Ticket(seatNo=1894695695, startStation=shanghai, destStation=nanjing), Ticket(seatNo=784843623, startStation=shanghai, destStation=nanjing), Ticket(seatNo=1932732784, startStation=shanghai, destStation=nanjing), Ticket(seatNo=1565956437, startStation=shanghai, destStation=nanjing), Ticket(seatNo=249855326, startStation=shanghai, destStation=nanjing), Ticket(seatNo=77833908, startStation=shanghai, destStation=nanjing), Ticket(seatNo=64395763, startStation=shanghai, destStation=nanjing), Ticket(seatNo=781572303, startStation=shanghai, destStation=nanjing), Ticket(seatNo=1060217224, startStation=shanghai, destStation=nanjing), Ticket(seatNo=210817532, startStation=shanghai, destStation=nanjing), Ticket(seatNo=1587135411, startStation=shanghai, destStation=nanjing), Ticket(seatNo=862437816, startStation=shanghai, destStation=nanjing), Ticket(seatNo=348991760, startStation=shanghai, destStation=nanjing), Ticket(seatNo=1479280287, startStation=shanghai, destStation=nanjing), Ticket(seatNo=349038530, startStation=shanghai, destStation=nanjing), Ticket(seatNo=90480773, startStation=shanghai, destStation=nanjing), Ticket(seatNo=1465059263, startStation=shanghai, destStation=nanjing), Ticket(seatNo=985339747, startStation=shanghai, destStation=nanjing), Ticket(seatNo=1498460243, startStation=shanghai, destStation=nanjing), Ticket(seatNo=671507041, startStation=shanghai, destStation=nanjing), Ticket(seatNo=965174800, startStation=shanghai, destStation=nanjing), Ticket(seatNo=1841324996, startStation=shanghai, destStation=nanjing), Ticket(seatNo=1248601454, startStation=shanghai, destStation=nanjing), Ticket(seatNo=1901083814, startStation=shanghai, destStation=nanjing), Ticket(seatNo=2077341681, startStation=shanghai, destStation=nanjing), Ticket(seatNo=1207577891, startStation=shanghai, destStation=nanjing), Ticket(seatNo=1454446323, startStation=shanghai, destStation=nanjing), Ticket(seatNo=234766556, startStation=shanghai, destStation=nanjing), Ticket(seatNo=1726109987, startStation=shanghai, destStation=nanjing), Ticket(seatNo=317002893, startStation=shanghai, destStation=nanjing), Ticket(seatNo=1499460332, startStation=shanghai, destStation=nanjing), Ticket(seatNo=267587626, startStation=shanghai, destStation=nanjing), Ticket(seatNo=747527520, startStation=shanghai, destStation=nanjing), Ticket(seatNo=207584255, startStation=shanghai, destStation=nanjing), Ticket(seatNo=636497848, startStation=shanghai, destStation=nanjing), Ticket(seatNo=134621623, startStation=shanghai, destStation=nanjing), Ticket(seatNo=1143973252, startStation=shanghai, destStation=nanjing), Ticket(seatNo=1285506393, startStation=shanghai, destStation=nanjing), Ticket(seatNo=1318597280, startStation=shanghai, destStation=nanjing), Ticket(seatNo=2109276771, startStation=shanghai, destStation=nanjing), Ticket(seatNo=746347294, startStation=shanghai, destStation=nanjing), Ticket(seatNo=1636266694, startStation=shanghai, destStation=nanjing), Ticket(seatNo=538009141, startStation=shanghai, destStation=nanjing), Ticket(seatNo=1944586976, startStation=shanghai, destStation=nanjing), Ticket(seatNo=1320680614, startStation=shanghai, destStation=nanjing), Ticket(seatNo=142490066, startStation=shanghai, destStation=nanjing), Ticket(seatNo=252466715, startStation=shanghai, destStation=nanjing), Ticket(seatNo=1806446874, startStation=shanghai, destStation=nanjing), Ticket(seatNo=1743761737, startStation=shanghai, destStation=nanjing), Ticket(seatNo=610439616, startStation=shanghai, destStation=nanjing), Ticket(seatNo=76166607, startStation=shanghai, destStation=nanjing), Ticket(seatNo=1265135696, startStation=shanghai, destStation=nanjing), Ticket(seatNo=1177274309, startStation=shanghai, destStation=nanjing), Ticket(seatNo=746628462, startStation=shanghai, destStation=nanjing), Ticket(seatNo=573722729, startStation=shanghai, destStation=nanjing), Ticket(seatNo=940056408, startStation=shanghai, destStation=nanjing), Ticket(seatNo=202317050, startStation=shanghai, destStation=nanjing), Ticket(seatNo=221602851, startStation=shanghai, destStation=nanjing), Ticket(seatNo=1431476535, startStation=shanghai, destStation=nanjing), Ticket(seatNo=606888208, startStation=shanghai, destStation=nanjing), Ticket(seatNo=813377677, startStation=shanghai, destStation=nanjing), Ticket(seatNo=1592122745, startStation=shanghai, destStation=nanjing), Ticket(seatNo=2128153780, startStation=shanghai, destStation=nanjing), Ticket(seatNo=568784077, startStation=shanghai, destStation=nanjing), Ticket(seatNo=990332202, startStation=shanghai, destStation=nanjing), Ticket(seatNo=1969469614, startStation=shanghai, destStation=nanjing), Ticket(seatNo=1456285444, startStation=shanghai, destStation=nanjing), Ticket(seatNo=1785859166, startStation=shanghai, destStation=nanjing)]})]\n"",""stream"":""stdout"",""time"":""2025-06-06T09:22:43.419868171Z""}"
2025-06-06T09:22:43.409005549Z,1674984163409005549,33.33.33.82,ts-seat-service-5c95b49cff-tdsdz,server,fe567e1be621747372a03ffd22064e2e,d385ff59a3d85efc,"{""log"":""17:22:43.408 INFO  s.s.SeatServiceImpl#69 TraceID: fe567e1be621747372a03ffd22064e2e SpanID: d385ff59a3d85efc [distributeSeat][TrainNumber start][Other Capital Except D and G]\n"",""stream"":""stdout"",""time"":""2025-06-06T09:22:43.409005549Z""}"
2025-06-06T09:22:43.408637703Z,1674984163408637703,33.33.33.82,ts-seat-service-5c95b49cff-tdsdz,server,fe567e1be621747372a03ffd22064e2e,d385ff59a3d85efc,"{""log"":""17:22:43.407 INFO  s.c.SeatController#41 TraceID: fe567e1be621747372a03ffd22064e2e SpanID: d385ff59a3d85efc [distributeSeat][Create seat][TravelDate: 2023-01-29,TrainNumber: Z1234,SeatType: 3]\n"",""stream"":""stdout"",""time"":""2025-06-06T09:22:43.408637703Z""}"
2025-06-06T09:22:43.350285677Z,1674984163350285677,33.33.33.82,ts-seat-service-5c95b49cff-tdsdz,server,fe567e1be621747372a03ffd22064e2e,d0bd6bc6a58e330b,"{""log"":""17:22:43.349 INFO  s.s.SeatServiceImpl#217 TraceID: fe567e1be621747372a03ffd22064e2e SpanID: d0bd6bc6a58e330b [getDirectProportion][Configs is : Config(name=DirectTicketAllocationProportion, value=0.5, description=Allocation Proportion Of The Direct Ticket - From Start To End)]\n"",""stream"":""stdout"",""time"":""2025-06-06T09:22:43.350285677Z""}"
2025-06-06T09:22:43.344344706Z,1674984163344344706,33.33.33.82,ts-seat-service-5c95b49cff-tdsdz,server,fe567e1be621747372a03ffd22064e2e,d0bd6bc6a58e330b,"{""log"":""17:22:43.342 INFO  s.s.SeatServiceImpl#166 TraceID: fe567e1be621747372a03ffd22064e2e SpanID: d0bd6bc6a58e330b [getLeftTicketOfInterval][Get Order tickets result][result is \u003c200,Response(status=1, msg=Success, data=LeftTicketInfo{soldTickets=[Ticket(seatNo=388817927, startStation=shanghai, destStation=nanjing), Ticket(seatNo=512319188, startStation=shanghai, destStation=nanjing), Ticket(seatNo=650950163, startStation=shanghai, destStation=nanjing), Ticket(seatNo=681456978, startStation=shanghai, destStation=nanjing), Ticket(seatNo=1278422345, startStation=shanghai, destStation=nanjing), Ticket(seatNo=113640569, startStation=shanghai, destStation=nanjing), Ticket(seatNo=1706091788, startStation=shanghai, destStation=nanjing), Ticket(seatNo=719931591, startStation=shanghai, destStation=nanjing), Ticket(seatNo=324348558, startStation=shanghai, destStation=nanjing), Ticket(seatNo=437134557, startStation=shanghai, destStation=nanjing), Ticket(seatNo=1180305654, startStation=shanghai, destStation=nanjing), Ticket(seatNo=218664224, startStation=shanghai, destStation=nanjing), Ticket(seatNo=1531256885, startStation=shanghai, destStation=nanjing), Ticket(seatNo=282865016, startStation=shanghai, destStation=nanjing), Ticket(seatNo=290573193, startStation=shanghai, destStation=nanjing), Ticket(seatNo=2091646075, startStation=shanghai, destStation=nanjing), Ticket(seatNo=1529246592, startStation=shanghai, destStation=nanjing), Ticket(seatNo=518358183, startStation=shanghai, destStation=nanjing), Ticket(seatNo=1578574107, startStation=shanghai, destStation=nanjing), Ticket(seatNo=864103707, startStation=shanghai, destStation=nanjing), Ticket(seatNo=1101722819, startStation=shanghai, destStation=nanjing), Ticket(seatNo=1110043211, startStation=shanghai, destStation=nanjing), Ticket(seatNo=2115304579, startStation=shanghai, destStation=nanjing), Ticket(seatNo=517895253, startStation=shanghai, destStation=nanjing), Ticket(seatNo=112374996, startStation=shanghai, destStation=nanjing), Ticket(seatNo=1222554072, startStation=shanghai, destStation=nanjing), Ticket(seatNo=1445221655, startStation=shanghai, destStation=nanjing), Ticket(seatNo=55335899, startStation=shanghai, destStation=nanjing), Ticket(seatNo=1402723531, startStation=shanghai, destStation=nanjing), Ticket(seatNo=520072209, startStation=shanghai, destStation=nanjing), Ticket(seatNo=1063924165, startStation=shanghai, destStation=nanjing), Ticket(seatNo=828062078, startStation=shanghai, destStation=nanjing), Ticket(seatNo=364950093, startStation=shanghai, destStation=nanjing), Ticket(seatNo=2090617881, startStation=shanghai, destStation=nanjing), Ticket(seatNo=1605189805, startStation=shanghai, destStation=nanjing), Ticket(seatNo=182083286, startStation=shanghai, destStation=nanjing), Ticket(seatNo=1956808479, startStation=shanghai, destStation=nanjing), Ticket(seatNo=1479771875, startStation=shanghai, destStation=nanjing), Ticket(seatNo=1340473816, startStation=shanghai, destStation=nanjing), Ticket(seatNo=2058528320, startStation=shanghai, destStation=nanjing), Ticket(seatNo=1862239339, startStation=shanghai, destStation=nanjing), Ticket(seatNo=756196424, startStation=shanghai, destStation=nanjing), Ticket(seatNo=1554210637, startStation=shanghai, destStation=nanjing), Ticket(seatNo=2131607583, startStation=shanghai, destStation=nanjing), Ticket(seatNo=1114945650, startStation=shanghai, destStation=nanjing), Ticket(seatNo=978840618, startStation=shanghai, destStation=nanjing), Ticket(seatNo=1696192204, startStation=shanghai, destStation=nanjing), Ticket(seatNo=159217444, startStation=shanghai, destStation=nanjing), Ticket(seatNo=1472397446, startStation=shanghai, destStation=nanjing), Ticket(seatNo=863762562, startStation=shanghai, destStation=nanjing), Ticket(seatNo=762240728, startStation=shanghai, destStation=nanjing), Ticket(seatNo=733090960, startStation=shanghai, destStation=nanjing), Ticket(seatNo=1385200790, startStation=shanghai, destStation=nanjing), Ticket(seatNo=1483334408, startStation=shanghai, destStation=nanjing), Ticket(seatNo=1230952670, startStation=shanghai, destStation=nanjing), Ticket(seatNo=1760486203, startStation=shanghai, destStation=nanjing), Ticket(seatNo=1631472666, startStation=shanghai, destStation=nanjing), Ticket(seatNo=882144838, startStation=shanghai, destStation=nanjing), Ticket(seatNo=210246843, startStation=shanghai, destStation=nanjing), Ticket(seatNo=427259238, startStation=shanghai, destStation=nanjing), Ticket(seatNo=1232572404, startStation=shanghai, destStation=nanjing), Ticket(seatNo=1304478712, startStation=shanghai, destStation=nanjing), Ticket(seatNo=2016232602, startStation=shanghai, destStation=nanjing), Ticket(seatNo=76670888, startStation=shanghai, destStation=nanjing), Ticket(seatNo=1754550335, startStation=shanghai, destStation=nanjing), Ticket(seatNo=1491838595, startStation=shanghai, destStation=nanjing), Ticket(seatNo=1330605393, startStation=shanghai, destStation=nanjing), Ticket(seatNo=226825480, startStation=shanghai, destStation=nanjing), Ticket(seatNo=1787175945, startStation=shanghai, destStation=nanjing), Ticket(seatNo=590443336, startStation=shanghai, destStation=nanjing), Ticket(seatNo=427944411, startStation=shanghai, destStation=nanjing), Ticket(seatNo=1638437656, startStation=shanghai, destStation=nanjing), Ticket(seatNo=1361381257, startStation=shanghai, destStation=nanjing), Ticket(seatNo=1482512162, startStation=shanghai, destStation=nanjing), Ticket(seatNo=400526011, startStation=shanghai, destStation=nanjing), Ticket(seatNo=1749342441, startStation=shanghai, destStation=nanjing), Ticket(seatNo=2117918027, startStation=shanghai, destStation=nanjing), Ticket(seatNo=654927142, startStation=shanghai, destStation=nanjing), Ticket(seatNo=1977897455, startStation=shanghai, destStation=nanjing), Ticket(seatNo=641977830, startStation=shanghai, destStation=nanjing), Ticket(seatNo=1021188806, startStation=shanghai, destStation=nanjing), Ticket(seatNo=1445935016, startStation=shanghai, destStation=nanjing), Ticket(seatNo=830548221, startStation=shanghai, destStation=nanjing), Ticket(seatNo=1655441840, startStation=shanghai, destStation=nanjing), Ticket(seatNo=678340688, startStation=shanghai, destStation=nanjing), Ticket(seatNo=1682320147, startStation=shanghai, destStation=nanjing), Ticket(seatNo=1195341149, startStation=shanghai, destStation=nanjing), Ticket(seatNo=973914808, startStation=shanghai, destStation=nanjing), Ticket(seatNo=1217764195, startStation=shanghai, destStation=nanjing), Ticket(seatNo=837692558, startStation=shanghai, destStation=nanjing), Ticket(seatNo=1203709814, startStation=shanghai, destStation=nanjing), Ticket(seatNo=984361044, startStation=shanghai, destStation=nanjing), Ticket(seatNo=675974723, startStation=shanghai, destStation=nanjing), Ticket(seatNo=1490992938, startStation=shanghai, destStation=nanjing), Ticket(seatNo=1201160931, startStation=shanghai, destStation=nanjing), Ticket(seatNo=1435884154, startStation=shanghai, destStation=nanjing), Ticket(seatNo=1297551695, startStation=shanghai, destStation=nanjing), Ticket(seatNo=1664074534, startStation=shanghai, destStation=nanjing), Ticket(seatNo=1921728155, startStation=shanghai, destStation=nanjing), Ticket(seatNo=1137714160, startStation=shanghai, destStation=nanjing), Ticket(seatNo=1988971469, startStation=shanghai, destStation=nanjing), Ticket(seatNo=1018160513, startStation=shanghai, destStation=nanjing), Ticket(seatNo=1550917166, startStation=shanghai, destStation=nanjing), Ticket(seatNo=1894695695, startStation=shanghai, destStation=nanjing), Ticket(seatNo=784843623, startStation=shanghai, destStation=nanjing), Ticket(seatNo=1932732784, startStation=shanghai, destStation=nanjing), Ticket(seatNo=1565956437, startStation=shanghai, destStation=nanjing), Ticket(seatNo=249855326, startStation=shanghai, destStation=nanjing), Ticket(seatNo=77833908, startStation=shanghai, destStation=nanjing), Ticket(seatNo=64395763, startStation=shanghai, destStation=nanjing), Ticket(seatNo=781572303, startStation=shanghai, destStation=nanjing), Ticket(seatNo=1060217224, startStation=shanghai, destStation=nanjing), Ticket(seatNo=210817532, startStation=shanghai, destStation=nanjing), Ticket(seatNo=1587135411, startStation=shanghai, destStation=nanjing), Ticket(seatNo=862437816, startStation=shanghai, destStation=nanjing), Ticket(seatNo=348991760, startStation=shanghai, destStation=nanjing), Ticket(seatNo=1479280287, startStation=shanghai, destStation=nanjing), Ticket(seatNo=349038530, startStation=shanghai, destStation=nanjing), Ticket(seatNo=90480773, startStation=shanghai, destStation=nanjing), Ticket(seatNo=1465059263, startStation=shanghai, destStation=nanjing), Ticket(seatNo=985339747, startStation=shanghai, destStation=nanjing), Ticket(seatNo=1498460243, startStation=shanghai, destStation=nanjing), Ticket(seatNo=671507041, startStation=shanghai, destStation=nanjing), Ticket(seatNo=965174800, startStation=shanghai, destStation=nanjing), Ticket(seatNo=1841324996, startStation=shanghai, destStation=nanjing), Ticket(seatNo=1248601454, startStation=shanghai, destStation=nanjing), Ticket(seatNo=1901083814, startStation=shanghai, destStation=nanjing), Ticket(seatNo=2077341681, startStation=shanghai, destStation=nanjing), Ticket(seatNo=1207577891, startStation=shanghai, destStation=nanjing), Ticket(seatNo=1454446323, startStation=shanghai, destStation=nanjing), Ticket(seatNo=234766556, startStation=shanghai, destStation=nanjing), Ticket(seatNo=1726109987, startStation=shanghai, destStation=nanjing), Ticket(seatNo=317002893, startStation=shanghai, destStation=nanjing), Ticket(seatNo=1499460332, startStation=shanghai, destStation=nanjing), Ticket(seatNo=267587626, startStation=shanghai, destStation=nanjing), Ticket(seatNo=747527520, startStation=shanghai, destStation=nanjing), Ticket(seatNo=207584255, startStation=shanghai, destStation=nanjing), Ticket(seatNo=636497848, startStation=shanghai, destStation=nanjing), Ticket(seatNo=134621623, startStation=shanghai, destStation=nanjing), Ticket(seatNo=1143973252, startStation=shanghai, destStation=nanjing), Ticket(seatNo=1285506393, startStation=shanghai, destStation=nanjing), Ticket(seatNo=1318597280, startStation=shanghai, destStation=nanjing), Ticket(seatNo=2109276771, startStation=shanghai, destStation=nanjing), Ticket(seatNo=746347294, startStation=shanghai, destStation=nanjing), Ticket(seatNo=1636266694, startStation=shanghai, destStation=nanjing), Ticket(seatNo=538009141, startStation=shanghai, destStation=nanjing), Ticket(seatNo=1944586976, startStation=shanghai, destStation=nanjing), Ticket(seatNo=1320680614, startStation=shanghai, destStation=nanjing), Ticket(seatNo=142490066, startStation=shanghai, destStation=nanjing), Ticket(seatNo=252466715, startStation=shanghai, destStation=nanjing), Ticket(seatNo=1806446874, startStation=shanghai, destStation=nanjing), Ticket(seatNo=1743761737, startStation=shanghai, destStation=nanjing), Ticket(seatNo=610439616, startStation=shanghai, destStation=nanjing), Ticket(seatNo=76166607, startStation=shanghai, destStation=nanjing), Ticket(seatNo=1265135696, startStation=shanghai, destStation=nanjing), Ticket(seatNo=1177274309, startStation=shanghai, destStation=nanjing), Ticket(seatNo=746628462, startStation=shanghai, destStation=nanjing), Ticket(seatNo=573722729, startStation=shanghai, destStation=nanjing), Ticket(seatNo=940056408, startStation=shanghai, destStation=nanjing), Ticket(seatNo=202317050, startStation=shanghai, destStation=nanjing), Ticket(seatNo=221602851, startStation=shanghai, destStation=nanjing), Ticket(seatNo=1431476535, startStation=shanghai, destStation=nanjing), Ticket(seatNo=606888208, startStation=shanghai, destStation=nanjing), Ticket(seatNo=813377677, startStation=shanghai, destStation=nanjing), Ticket(seatNo=1592122745, startStation=shanghai, destStation=nanjing), Ticket(seatNo=2128153780, startStation=shanghai, destStation=nanjing), Ticket(seatNo=568784077, startStation=shanghai, destStation=nanjing), Ticket(seatNo=990332202, startStation=shanghai, destStation=nanjing), Ticket(seatNo=1969469614, startStation=shanghai, destStation=nanjing), Ticket(seatNo=1456285444, startStation=shanghai, destStation=nanjing), Ticket(seatNo=1785859166, startStation=shanghai, destStation=nanjing)]}),[vary:\""Origin,Access-Control-Request-Method,Access-Control-Request-Headers\"", x-content-type-options:\""nosniff\"", x-xss-protection:\""1; mode=block\"", cache-control:\""no-cache, no-store, max-age=0, must-revalidate\"", pragma:\""no-cache\"", expires:\""0\"", x-frame-options:\""DENY\"", content-type:\""application/json\"", date:\""Sun, 29 Jan 2023 09:22:42 GMT\"", x-envoy-upstream-service-time:\""7\"", server:\""envoy\"", transfer-encoding:\""chunked\""]\u003e]\n"",""stream"":""stdout"",""time"":""2025-06-06T09:22:43.344344706Z""}"
2025-06-06T09:22:43.081334191Z,1674984163081334191,33.33.33.82,ts-seat-service-5c95b49cff-tdsdz,server,fe567e1be621747372a03ffd22064e2e,d0bd6bc6a58e330b,"{""log"":""17:22:43.080 INFO  s.s.SeatServiceImpl#154 TraceID: fe567e1be621747372a03ffd22064e2e SpanID: d0bd6bc6a58e330b [getLeftTicketOfInterval][TrainNumber start with other capital][trainNumber:Z1234]\n"",""stream"":""stdout"",""time"":""2025-06-06T09:22:43.081334191Z""}"
2025-06-06T09:22:43.081003371Z,1674984163081003371,33.33.33.82,ts-seat-service-5c95b49cff-tdsdz,server,fe567e1be621747372a03ffd22064e2e,d0bd6bc6a58e330b,"{""log"":""17:22:43.080 INFO  s.s.SeatServiceImpl#137 TraceID: fe567e1be621747372a03ffd22064e2e SpanID: d0bd6bc6a58e330b [getLeftTicketOfInterval][Seat request][request:Seat(travelDate=2023-01-29, trainNumber=Z1234, startStation=shanghai, destStation=nanjing, seatType=3, totalNum=2147483647, stations=[shanghai, nanjing, shijiazhuang, taiyuan])]\n"",""stream"":""stdout"",""time"":""2025-06-06T09:22:43.081003371Z""}"
2025-06-06T09:22:43.080642216Z,1674984163080642216,33.33.33.82,ts-seat-service-5c95b49cff-tdsdz,server,fe567e1be621747372a03ffd22064e2e,d0bd6bc6a58e330b,"{""log"":""17:22:43.079 INFO  s.c.SeatController#57 TraceID: fe567e1be621747372a03ffd22064e2e SpanID: d0bd6bc6a58e330b [getLeftTicketOfInterval][Get left ticket of interval][TravelDate: 2023-01-29,TrainNumber: Z1234,SeatType: 3]\n"",""stream"":""stdout"",""time"":""2025-06-06T09:22:43.080642216Z""}"
2025-06-06T09:22:43.07568115Z,1674984163075681150,33.33.33.82,ts-seat-service-5c95b49cff-tdsdz,server,fe567e1be621747372a03ffd22064e2e,8752013c4ac6c515,"{""log"":""17:22:43.074 INFO  s.s.SeatServiceImpl#217 TraceID: fe567e1be621747372a03ffd22064e2e SpanID: 8752013c4ac6c515 [getDirectProportion][Configs is : Config(name=DirectTicketAllocationProportion, value=0.5, description=Allocation Proportion Of The Direct Ticket - From Start To End)]\n"",""stream"":""stdout"",""time"":""2025-06-06T09:22:43.07568115Z""}"
2025-06-06T09:22:43.069902576Z,1674984163069902576,33.33.33.82,ts-seat-service-5c95b49cff-tdsdz,server,fe567e1be621747372a03ffd22064e2e,8752013c4ac6c515,"{""log"":""17:22:43.068 INFO  s.s.SeatServiceImpl#166 TraceID: fe567e1be621747372a03ffd22064e2e SpanID: 8752013c4ac6c515 [getLeftTicketOfInterval][Get Order tickets result][result is \u003c200,Response(status=1, msg=Success, data=LeftTicketInfo{soldTickets=[Ticket(seatNo=388817927, startStation=shanghai, destStation=nanjing), Ticket(seatNo=512319188, startStation=shanghai, destStation=nanjing), Ticket(seatNo=650950163, startStation=shanghai, destStation=nanjing), Ticket(seatNo=681456978, startStation=shanghai, destStation=nanjing), Ticket(seatNo=1278422345, startStation=shanghai, destStation=nanjing), Ticket(seatNo=113640569, startStation=shanghai, destStation=nanjing), Ticket(seatNo=1706091788, startStation=shanghai, destStation=nanjing), Ticket(seatNo=719931591, startStation=shanghai, destStation=nanjing), Ticket(seatNo=324348558, startStation=shanghai, destStation=nanjing), Ticket(seatNo=437134557, startStation=shanghai, destStation=nanjing), Ticket(seatNo=1180305654, startStation=shanghai, destStation=nanjing), Ticket(seatNo=218664224, startStation=shanghai, destStation=nanjing), Ticket(seatNo=1531256885, startStation=shanghai, destStation=nanjing), Ticket(seatNo=282865016, startStation=shanghai, destStation=nanjing), Ticket(seatNo=290573193, startStation=shanghai, destStation=nanjing), Ticket(seatNo=2091646075, startStation=shanghai, destStation=nanjing), Ticket(seatNo=1529246592, startStation=shanghai, destStation=nanjing), Ticket(seatNo=518358183, startStation=shanghai, destStation=nanjing), Ticket(seatNo=1578574107, startStation=shanghai, destStation=nanjing), Ticket(seatNo=864103707, startStation=shanghai, destStation=nanjing), Ticket(seatNo=1101722819, startStation=shanghai, destStation=nanjing), Ticket(seatNo=1110043211, startStation=shanghai, destStation=nanjing), Ticket(seatNo=2115304579, startStation=shanghai, destStation=nanjing), Ticket(seatNo=517895253, startStation=shanghai, destStation=nanjing), Ticket(seatNo=112374996, startStation=shanghai, destStation=nanjing), Ticket(seatNo=1222554072, startStation=shanghai, destStation=nanjing), Ticket(seatNo=1445221655, startStation=shanghai, destStation=nanjing), Ticket(seatNo=55335899, startStation=shanghai, destStation=nanjing), Ticket(seatNo=1402723531, startStation=shanghai, destStation=nanjing), Ticket(seatNo=520072209, startStation=shanghai, destStation=nanjing), Ticket(seatNo=1063924165, startStation=shanghai, destStation=nanjing), Ticket(seatNo=828062078, startStation=shanghai, destStation=nanjing), Ticket(seatNo=364950093, startStation=shanghai, destStation=nanjing), Ticket(seatNo=2090617881, startStation=shanghai, destStation=nanjing), Ticket(seatNo=1605189805, startStation=shanghai, destStation=nanjing), Ticket(seatNo=182083286, startStation=shanghai, destStation=nanjing), Ticket(seatNo=1956808479, startStation=shanghai, destStation=nanjing), Ticket(seatNo=1479771875, startStation=shanghai, destStation=nanjing), Ticket(seatNo=1340473816, startStation=shanghai, destStation=nanjing), Ticket(seatNo=2058528320, startStation=shanghai, destStation=nanjing), Ticket(seatNo=1862239339, startStation=shanghai, destStation=nanjing), Ticket(seatNo=756196424, startStation=shanghai, destStation=nanjing), Ticket(seatNo=1554210637, startStation=shanghai, destStation=nanjing), Ticket(seatNo=2131607583, startStation=shanghai, destStation=nanjing), Ticket(seatNo=1114945650, startStation=shanghai, destStation=nanjing), Ticket(seatNo=978840618, startStation=shanghai, destStation=nanjing), Ticket(seatNo=1696192204, startStation=shanghai, destStation=nanjing), Ticket(seatNo=159217444, startStation=shanghai, destStation=nanjing), Ticket(seatNo=1472397446, startStation=shanghai, destStation=nanjing), Ticket(seatNo=863762562, startStation=shanghai, destStation=nanjing), Ticket(seatNo=762240728, startStation=shanghai, destStation=nanjing), Ticket(seatNo=733090960, startStation=shanghai, destStation=nanjing), Ticket(seatNo=1385200790, startStation=shanghai, destStation=nanjing), Ticket(seatNo=1483334408, startStation=shanghai, destStation=nanjing), Ticket(seatNo=1230952670, startStation=shanghai, destStation=nanjing), Ticket(seatNo=1760486203, startStation=shanghai, destStation=nanjing), Ticket(seatNo=1631472666, startStation=shanghai, destStation=nanjing), Ticket(seatNo=882144838, startStation=shanghai, destStation=nanjing), Ticket(seatNo=210246843, startStation=shanghai, destStation=nanjing), Ticket(seatNo=427259238, startStation=shanghai, destStation=nanjing), Ticket(seatNo=1232572404, startStation=shanghai, destStation=nanjing), Ticket(seatNo=1304478712, startStation=shanghai, destStation=nanjing), Ticket(seatNo=2016232602, startStation=shanghai, destStation=nanjing), Ticket(seatNo=76670888, startStation=shanghai, destStation=nanjing), Ticket(seatNo=1754550335, startStation=shanghai, destStation=nanjing), Ticket(seatNo=1491838595, startStation=shanghai, destStation=nanjing), Ticket(seatNo=1330605393, startStation=shanghai, destStation=nanjing), Ticket(seatNo=226825480, startStation=shanghai, destStation=nanjing), Ticket(seatNo=1787175945, startStation=shanghai, destStation=nanjing), Ticket(seatNo=590443336, startStation=shanghai, destStation=nanjing), Ticket(seatNo=427944411, startStation=shanghai, destStation=nanjing), Ticket(seatNo=1638437656, startStation=shanghai, destStation=nanjing), Ticket(seatNo=1361381257, startStation=shanghai, destStation=nanjing), Ticket(seatNo=1482512162, startStation=shanghai, destStation=nanjing), Ticket(seatNo=400526011, startStation=shanghai, destStation=nanjing), Ticket(seatNo=1749342441, startStation=shanghai, destStation=nanjing), Ticket(seatNo=2117918027, startStation=shanghai, destStation=nanjing), Ticket(seatNo=654927142, startStation=shanghai, destStation=nanjing), Ticket(seatNo=1977897455, startStation=shanghai, destStation=nanjing), Ticket(seatNo=641977830, startStation=shanghai, destStation=nanjing), Ticket(seatNo=1021188806, startStation=shanghai, destStation=nanjing), Ticket(seatNo=1445935016, startStation=shanghai, destStation=nanjing), Ticket(seatNo=830548221, startStation=shanghai, destStation=nanjing), Ticket(seatNo=1655441840, startStation=shanghai, destStation=nanjing), Ticket(seatNo=678340688, startStation=shanghai, destStation=nanjing), Ticket(seatNo=1682320147, startStation=shanghai, destStation=nanjing), Ticket(seatNo=1195341149, startStation=shanghai, destStation=nanjing), Ticket(seatNo=973914808, startStation=shanghai, destStation=nanjing), Ticket(seatNo=1217764195, startStation=shanghai, destStation=nanjing), Ticket(seatNo=837692558, startStation=shanghai, destStation=nanjing), Ticket(seatNo=1203709814, startStation=shanghai, destStation=nanjing), Ticket(seatNo=984361044, startStation=shanghai, destStation=nanjing), Ticket(seatNo=675974723, startStation=shanghai, destStation=nanjing), Ticket(seatNo=1490992938, startStation=shanghai, destStation=nanjing), Ticket(seatNo=1201160931, startStation=shanghai, destStation=nanjing), Ticket(seatNo=1435884154, startStation=shanghai, destStation=nanjing), Ticket(seatNo=1297551695, startStation=shanghai, destStation=nanjing), Ticket(seatNo=1664074534, startStation=shanghai, destStation=nanjing), Ticket(seatNo=1921728155, startStation=shanghai, destStation=nanjing), Ticket(seatNo=1137714160, startStation=shanghai, destStation=nanjing), Ticket(seatNo=1988971469, startStation=shanghai, destStation=nanjing), Ticket(seatNo=1018160513, startStation=shanghai, destStation=nanjing), Ticket(seatNo=1550917166, startStation=shanghai, destStation=nanjing), Ticket(seatNo=1894695695, startStation=shanghai, destStation=nanjing), Ticket(seatNo=784843623, startStation=shanghai, destStation=nanjing), Ticket(seatNo=1932732784, startStation=shanghai, destStation=nanjing), Ticket(seatNo=1565956437, startStation=shanghai, destStation=nanjing), Ticket(seatNo=249855326, startStation=shanghai, destStation=nanjing), Ticket(seatNo=77833908, startStation=shanghai, destStation=nanjing), Ticket(seatNo=64395763, startStation=shanghai, destStation=nanjing), Ticket(seatNo=781572303, startStation=shanghai, destStation=nanjing), Ticket(seatNo=1060217224, startStation=shanghai, destStation=nanjing), Ticket(seatNo=210817532, startStation=shanghai, destStation=nanjing), Ticket(seatNo=1587135411, startStation=shanghai, destStation=nanjing), Ticket(seatNo=862437816, startStation=shanghai, destStation=nanjing), Ticket(seatNo=348991760, startStation=shanghai, destStation=nanjing), Ticket(seatNo=1479280287, startStation=shanghai, destStation=nanjing), Ticket(seatNo=349038530, startStation=shanghai, destStation=nanjing), Ticket(seatNo=90480773, startStation=shanghai, destStation=nanjing), Ticket(seatNo=1465059263, startStation=shanghai, destStation=nanjing), Ticket(seatNo=985339747, startStation=shanghai, destStation=nanjing), Ticket(seatNo=1498460243, startStation=shanghai, destStation=nanjing), Ticket(seatNo=671507041, startStation=shanghai, destStation=nanjing), Ticket(seatNo=965174800, startStation=shanghai, destStation=nanjing), Ticket(seatNo=1841324996, startStation=shanghai, destStation=nanjing), Ticket(seatNo=1248601454, startStation=shanghai, destStation=nanjing), Ticket(seatNo=1901083814, startStation=shanghai, destStation=nanjing), Ticket(seatNo=2077341681, startStation=shanghai, destStation=nanjing), Ticket(seatNo=1207577891, startStation=shanghai, destStation=nanjing), Ticket(seatNo=1454446323, startStation=shanghai, destStation=nanjing), Ticket(seatNo=234766556, startStation=shanghai, destStation=nanjing), Ticket(seatNo=1726109987, startStation=shanghai, destStation=nanjing), Ticket(seatNo=317002893, startStation=shanghai, destStation=nanjing), Ticket(seatNo=1499460332, startStation=shanghai, destStation=nanjing), Ticket(seatNo=267587626, startStation=shanghai, destStation=nanjing), Ticket(seatNo=747527520, startStation=shanghai, destStation=nanjing), Ticket(seatNo=207584255, startStation=shanghai, destStation=nanjing), Ticket(seatNo=636497848, startStation=shanghai, destStation=nanjing), Ticket(seatNo=134621623, startStation=shanghai, destStation=nanjing), Ticket(seatNo=1143973252, startStation=shanghai, destStation=nanjing), Ticket(seatNo=1285506393, startStation=shanghai, destStation=nanjing), Ticket(seatNo=1318597280, startStation=shanghai, destStation=nanjing), Ticket(seatNo=2109276771, startStation=shanghai, destStation=nanjing), Ticket(seatNo=746347294, startStation=shanghai, destStation=nanjing), Ticket(seatNo=1636266694, startStation=shanghai, destStation=nanjing), Ticket(seatNo=538009141, startStation=shanghai, destStation=nanjing), Ticket(seatNo=1944586976, startStation=shanghai, destStation=nanjing), Ticket(seatNo=1320680614, startStation=shanghai, destStation=nanjing), Ticket(seatNo=142490066, startStation=shanghai, destStation=nanjing), Ticket(seatNo=252466715, startStation=shanghai, destStation=nanjing), Ticket(seatNo=1806446874, startStation=shanghai, destStation=nanjing), Ticket(seatNo=1743761737, startStation=shanghai, destStation=nanjing), Ticket(seatNo=610439616, startStation=shanghai, destStation=nanjing), Ticket(seatNo=76166607, startStation=shanghai, destStation=nanjing), Ticket(seatNo=1265135696, startStation=shanghai, destStation=nanjing), Ticket(seatNo=1177274309, startStation=shanghai, destStation=nanjing), Ticket(seatNo=746628462, startStation=shanghai, destStation=nanjing), Ticket(seatNo=573722729, startStation=shanghai, destStation=nanjing), Ticket(seatNo=940056408, startStation=shanghai, destStation=nanjing), Ticket(seatNo=202317050, startStation=shanghai, destStation=nanjing), Ticket(seatNo=221602851, startStation=shanghai, destStation=nanjing), Ticket(seatNo=1431476535, startStation=shanghai, destStation=nanjing), Ticket(seatNo=606888208, startStation=shanghai, destStation=nanjing), Ticket(seatNo=813377677, startStation=shanghai, destStation=nanjing), Ticket(seatNo=1592122745, startStation=shanghai, destStation=nanjing), Ticket(seatNo=2128153780, startStation=shanghai, destStation=nanjing), Ticket(seatNo=568784077, startStation=shanghai, destStation=nanjing), Ticket(seatNo=990332202, startStation=shanghai, destStation=nanjing), Ticket(seatNo=1969469614, startStation=shanghai, destStation=nanjing), Ticket(seatNo=1456285444, startStation=shanghai, destStation=nanjing), Ticket(seatNo=1785859166, startStation=shanghai, destStation=nanjing)]}),[vary:\""Origin,Access-Control-Request-Method,Access-Control-Request-Headers\"", x-content-type-options:\""nosniff\"", x-xss-protection:\""1; mode=block\"", cache-control:\""no-cache, no-store, max-age=0, must-revalidate\"", pragma:\""no-cache\"", expires:\""0\"", x-frame-options:\""DENY\"", content-type:\""application/json\"", date:\""Sun, 29 Jan 2023 09:22:42 GMT\"", x-envoy-upstream-service-time:\""8\"", server:\""envoy\"", transfer-encoding:\""chunked\""]\u003e]\n"",""stream"":""stdout"",""time"":""2025-06-06T09:22:43.069902576Z""}"
2025-06-06T09:22:43.05715208Z,1674984163057152080,33.33.33.82,ts-seat-service-5c95b49cff-tdsdz,server,fe567e1be621747372a03ffd22064e2e,8752013c4ac6c515,"{""log"":""17:22:43.056 INFO  s.s.SeatServiceImpl#154 TraceID: fe567e1be621747372a03ffd22064e2e SpanID: 8752013c4ac6c515 [getLeftTicketOfInterval][TrainNumber start with other capital][trainNumber:Z1234]\n"",""stream"":""stdout"",""time"":""2025-06-06T09:22:43.05715208Z""}"
2025-06-06T09:22:43.05686295Z,1674984163056862950,33.33.33.82,ts-seat-service-5c95b49cff-tdsdz,server,fe567e1be621747372a03ffd22064e2e,8752013c4ac6c515,"{""log"":""17:22:43.056 INFO  s.s.SeatServiceImpl#137 TraceID: fe567e1be621747372a03ffd22064e2e SpanID: 8752013c4ac6c515 [getLeftTicketOfInterval][Seat request][request:Seat(travelDate=2023-01-29, trainNumber=Z1234, startStation=shanghai, destStation=nanjing, seatType=2, totalNum=2147483647, stations=[shanghai, nanjing, shijiazhuang, taiyuan])]\n"",""stream"":""stdout"",""time"":""2025-06-06T09:22:43.05686295Z""}"
2025-06-06T09:22:43.056476077Z,1674984163056476077,33.33.33.82,ts-seat-service-5c95b49cff-tdsdz,server,fe567e1be621747372a03ffd22064e2e,8752013c4ac6c515,"{""log"":""17:22:43.055 INFO  s.c.SeatController#57 TraceID: fe567e1be621747372a03ffd22064e2e SpanID: 8752013c4ac6c515 [getLeftTicketOfInterval][Get left ticket of interval][TravelDate: 2023-01-29,TrainNumber: Z1234,SeatType: 2]\n"",""stream"":""stdout"",""time"":""2025-06-06T09:22:43.056476077Z""}"
2025-06-06T09:22:43.382601168Z,1674984163382601168,33.33.33.80,ts-route-service-b6c59fb57-zv8dt,server,fe567e1be621747372a03ffd22064e2e,7cf205a6ad6125b6,"{""log"":""17:22:43.381 INFO  r.c.RouteController#47 TraceID: fe567e1be621747372a03ffd22064e2e SpanID: 7cf205a6ad6125b6 [getRouteById][Query route by id][RouteId: 0b23bd3e-876a-4af3-b920-c50a90c90b04]\n"",""stream"":""stdout"",""time"":""2025-06-06T09:22:43.382601168Z""}"
2025-06-06T09:22:42.560159727Z,1674984162560159727,33.33.33.80,ts-route-service-b6c59fb57-zv8dt,server,fe567e1be621747372a03ffd22064e2e,428e428411558f7b,"{""log"":""17:22:42.559 INFO  r.c.RouteController#47 TraceID: fe567e1be621747372a03ffd22064e2e SpanID: 428e428411558f7b [getRouteById][Query route by id][RouteId: 0b23bd3e-876a-4af3-b920-c50a90c90b04]\n"",""stream"":""stdout"",""time"":""2025-06-06T09:22:42.560159727Z""}"
2025-06-06T09:22:43.396606705Z,1674984163396606705,33.33.33.79,ts-price-service-76846864d9-g465z,server,fe567e1be621747372a03ffd22064e2e,50123792db30069f,"{""log"":""17:22:43.396 INFO  p.s.PriceServiceImpl#71 TraceID: fe567e1be621747372a03ffd22064e2e SpanID: 50123792db30069f [findByRouteIdAndTrainType][Route: 0b23bd3e-876a-4af3-b920-c50a90c90b04 , Train Type: ZhiDa]\n"",""stream"":""stdout"",""time"":""2025-06-06T09:22:43.396606705Z""}"
2025-06-06T09:22:43.396239072Z,1674984163396239072,33.33.33.79,ts-price-service-76846864d9-g465z,server,fe567e1be621747372a03ffd22064e2e,50123792db30069f,"{""log"":""17:22:43.395 INFO  p.c.PriceController#39 TraceID: fe567e1be621747372a03ffd22064e2e SpanID: 50123792db30069f [findByRouteIdAndTrainType][Query price][RouteId: 0b23bd3e-876a-4af3-b920-c50a90c90b04, TrainType: ZhiDa]\n"",""stream"":""stdout"",""time"":""2025-06-06T09:22:43.396239072Z""}"
2025-06-06T09:22:43.045415948Z,1674984163045415948,33.33.33.79,ts-price-service-76846864d9-g465z,server,fe567e1be621747372a03ffd22064e2e,d7be7ea8c596859b,"{""log"":""17:22:43.044 INFO  p.s.PriceServiceImpl#71 TraceID: fe567e1be621747372a03ffd22064e2e SpanID: d7be7ea8c596859b [findByRouteIdAndTrainType][Route: 0b23bd3e-876a-4af3-b920-c50a90c90b04 , Train Type: ZhiDa]\n"",""stream"":""stdout"",""time"":""2025-06-06T09:22:43.045415948Z""}"
2025-06-06T09:22:43.045018589Z,1674984163045018589,33.33.33.79,ts-price-service-76846864d9-g465z,server,fe567e1be621747372a03ffd22064e2e,d7be7ea8c596859b,"{""log"":""17:22:43.044 INFO  p.c.PriceController#39 TraceID: fe567e1be621747372a03ffd22064e2e SpanID: d7be7ea8c596859b [findByRouteIdAndTrainType][Query price][RouteId: 0b23bd3e-876a-4af3-b920-c50a90c90b04, TrainType: ZhiDa]\n"",""stream"":""stdout"",""time"":""2025-06-06T09:22:43.045018589Z""}"
2025-06-06T09:22:43.436940706Z,1674984163436940706,33.33.33.116,ts-preserve-other-service-66646bdb5b-fw7x9,server,fe567e1be621747372a03ffd22064e2e,d77e45d30a857beb,"{""log"":""17:22:43.436 INFO  p.s.PreserveOtherServiceImpl#301 TraceID: fe567e1be621747372a03ffd22064e2e SpanID: d77e45d30a857beb [getAccount][Cancel Order Service][Get Order By Id]\n"",""stream"":""stdout"",""time"":""2025-06-06T09:22:43.436940706Z""}"
2025-06-06T09:22:43.436824022Z,1674984163436824022,33.33.33.116,ts-preserve-other-service-66646bdb5b-fw7x9,server,fe567e1be621747372a03ffd22064e2e,d77e45d30a857beb,"{""log"":""17:22:43.436 INFO  p.s.PreserveOtherServiceImpl#239 TraceID: fe567e1be621747372a03ffd22064e2e SpanID: d77e45d30a857beb [preserve][Step 7][Add Consign][Do not need to consign]\n"",""stream"":""stdout"",""time"":""2025-06-06T09:22:43.436824022Z""}"
2025-06-06T09:22:43.436705802Z,1674984163436705802,33.33.33.116,ts-preserve-other-service-66646bdb5b-fw7x9,server,fe567e1be621747372a03ffd22064e2e,d77e45d30a857beb,"{""log"":""17:22:43.436 INFO  p.s.PreserveOtherServiceImpl#214 TraceID: fe567e1be621747372a03ffd22064e2e SpanID: d77e45d30a857beb [preserve][Step 6][Buy Food][Do not need to buy food]\n"",""stream"":""stdout"",""time"":""2025-06-06T09:22:43.436705802Z""}"
2025-06-06T09:22:43.436592001Z,1674984163436592001,33.33.33.116,ts-preserve-other-service-66646bdb5b-fw7x9,server,fe567e1be621747372a03ffd22064e2e,d77e45d30a857beb,"{""log"":""17:22:43.436 INFO  p.s.PreserveOtherServiceImpl#183 TraceID: fe567e1be621747372a03ffd22064e2e SpanID: d77e45d30a857beb [preserve][Step 5][Buy Assurance][Do not need to buy assurance]\n"",""stream"":""stdout"",""time"":""2025-06-06T09:22:43.436592001Z""}"
2025-06-06T09:22:43.436470714Z,1674984163436470714,33.33.33.116,ts-preserve-other-service-66646bdb5b-fw7x9,server,fe567e1be621747372a03ffd22064e2e,d77e45d30a857beb,"{""log"":""17:22:43.436 INFO  p.s.PreserveOtherServiceImpl#179 TraceID: fe567e1be621747372a03ffd22064e2e SpanID: d77e45d30a857beb [preserve][Step 4][Do Order][Do Order Complete]\n"",""stream"":""stdout"",""time"":""2025-06-06T09:22:43.436470714Z""}"
2025-06-06T09:22:43.422442256Z,1674984163422442256,33.33.33.116,ts-preserve-other-service-66646bdb5b-fw7x9,server,fe567e1be621747372a03ffd22064e2e,d77e45d30a857beb,"{""log"":""17:22:43.422 INFO  p.s.PreserveOtherServiceImpl#393 TraceID: fe567e1be621747372a03ffd22064e2e SpanID: d77e45d30a857beb [createOrder][Preserve Other Service][Get Contacts By Id]\n"",""stream"":""stdout"",""time"":""2025-06-06T09:22:43.422442256Z""}"
2025-06-06T09:22:43.422310588Z,1674984163422310588,33.33.33.116,ts-preserve-other-service-66646bdb5b-fw7x9,server,fe567e1be621747372a03ffd22064e2e,d77e45d30a857beb,"{""log"":""17:22:43.421 INFO  p.s.PreserveOtherServiceImpl#171 TraceID: fe567e1be621747372a03ffd22064e2e SpanID: d77e45d30a857beb [preserve][Step 4][Do Order][Order Price][Price is: 122.49999999999999]\n"",""stream"":""stdout"",""time"":""2025-06-06T09:22:43.422310588Z""}"
2025-06-06T09:22:43.402122241Z,1674984163402122241,33.33.33.116,ts-preserve-other-service-66646bdb5b-fw7x9,server,fe567e1be621747372a03ffd22064e2e,d77e45d30a857beb,"{""log"":""17:22:43.401 INFO  p.s.PreserveOtherServiceImpl#145 TraceID: fe567e1be621747372a03ffd22064e2e SpanID: d77e45d30a857beb [preserve][Step 4][Do Order][Travel Date][Date is: 2023-01-29]\n"",""stream"":""stdout"",""time"":""2025-06-06T09:22:43.402122241Z""}"
2025-06-06T09:22:43.356285568Z,1674984163356285568,33.33.33.116,ts-preserve-other-service-66646bdb5b-fw7x9,server,fe567e1be621747372a03ffd22064e2e,d77e45d30a857beb,"{""log"":""17:22:43.355 INFO  p.s.PreserveOtherServiceImpl#101 TraceID: fe567e1be621747372a03ffd22064e2e SpanID: d77e45d30a857beb [preserve][Step 3][Check tickets num][Tickets Enough]\n"",""stream"":""stdout"",""time"":""2025-06-06T09:22:43.356285568Z""}"
2025-06-06T09:22:42.530638133Z,1674984162530638133,33.33.33.116,ts-preserve-other-service-66646bdb5b-fw7x9,server,fe567e1be621747372a03ffd22064e2e,d77e45d30a857beb,"{""log"":""17:22:42.530 INFO  p.s.PreserveOtherServiceImpl#363 TraceID: fe567e1be621747372a03ffd22064e2e SpanID: d77e45d30a857beb [getTripAllDetailInformation][Preserve Other Service][Get Trip All Detail Information]\n"",""stream"":""stdout"",""time"":""2025-06-06T09:22:42.530638133Z""}"
2025-06-06T09:22:42.530518186Z,1674984162530518186,33.33.33.116,ts-preserve-other-service-66646bdb5b-fw7x9,server,fe567e1be621747372a03ffd22064e2e,d77e45d30a857beb,"{""log"":""17:22:42.530 INFO  p.s.PreserveOtherServiceImpl#78 TraceID: fe567e1be621747372a03ffd22064e2e SpanID: d77e45d30a857beb [preserve][Step 3][Check tickets num][TripId: Z1234]\n"",""stream"":""stdout"",""time"":""2025-06-06T09:22:42.530518186Z""}"
2025-06-06T09:22:42.530371461Z,1674984162530371461,33.33.33.116,ts-preserve-other-service-66646bdb5b-fw7x9,server,fe567e1be621747372a03ffd22064e2e,d77e45d30a857beb,"{""log"":""17:22:42.530 INFO  p.s.PreserveOtherServiceImpl#68 TraceID: fe567e1be621747372a03ffd22064e2e SpanID: d77e45d30a857beb [preserve][Step 2][Find contacts Complete][ContactsId: 415d1665-fbb2-4ec9-83f5-5ebe51dc1825]\n"",""stream"":""stdout"",""time"":""2025-06-06T09:22:42.530371461Z""}"
2025-06-06T09:22:42.514099009Z,1674984162514099009,33.33.33.116,ts-preserve-other-service-66646bdb5b-fw7x9,server,fe567e1be621747372a03ffd22064e2e,d77e45d30a857beb,"{""log"":""17:22:42.513 INFO  p.s.PreserveOtherServiceImpl#378 TraceID: fe567e1be621747372a03ffd22064e2e SpanID: d77e45d30a857beb [getContactsById][Preserve Other Service][Get Contacts By Id is]\n"",""stream"":""stdout"",""time"":""2025-06-06T09:22:42.514099009Z""}"
2025-06-06T09:22:42.513964778Z,1674984162513964778,33.33.33.116,ts-preserve-other-service-66646bdb5b-fw7x9,server,fe567e1be621747372a03ffd22064e2e,d77e45d30a857beb,"{""log"":""17:22:42.513 INFO  p.s.PreserveOtherServiceImpl#58 TraceID: fe567e1be621747372a03ffd22064e2e SpanID: d77e45d30a857beb [preserve][Step 1][Check Security Complete][AccountId: 4d2a46c7-71cb-4cf1-b5bb-b68406d9da6f]\n"",""stream"":""stdout"",""time"":""2025-06-06T09:22:42.513964778Z""}"
2025-06-06T09:22:42.480038589Z,1674984162480038589,33.33.33.116,ts-preserve-other-service-66646bdb5b-fw7x9,server,fe567e1be621747372a03ffd22064e2e,d77e45d30a857beb,"{""log"":""17:22:42.479 INFO  p.s.PreserveOtherServiceImpl#348 TraceID: fe567e1be621747372a03ffd22064e2e SpanID: d77e45d30a857beb [checkSecurity][Preserve Other Service][Check Account Security]\n"",""stream"":""stdout"",""time"":""2025-06-06T09:22:42.480038589Z""}"
2025-06-06T09:22:42.479911933Z,1674984162479911933,33.33.33.116,ts-preserve-other-service-66646bdb5b-fw7x9,server,fe567e1be621747372a03ffd22064e2e,d77e45d30a857beb,"{""log"":""17:22:42.479 INFO  p.s.PreserveOtherServiceImpl#48 TraceID: fe567e1be621747372a03ffd22064e2e SpanID: d77e45d30a857beb [preserve][Verify Login] Success\n"",""stream"":""stdout"",""time"":""2025-06-06T09:22:42.479911933Z""}"
2025-06-06T09:22:42.479789164Z,1674984162479789164,33.33.33.116,ts-preserve-other-service-66646bdb5b-fw7x9,server,fe567e1be621747372a03ffd22064e2e,d77e45d30a857beb,"{""log"":""17:22:42.479 INFO  p.c.PreserveOtherController#35 TraceID: fe567e1be621747372a03ffd22064e2e SpanID: d77e45d30a857beb [preserve][Preserve Account order][from shanghai to nanjing at 2023-01-29]\n"",""stream"":""stdout"",""time"":""2025-06-06T09:22:42.479789164Z""}"
2025-06-06T09:22:42.491249072Z,1674984162491249072,33.33.33.76,ts-order-service-5b67c48447-mv5hb,server,fe567e1be621747372a03ffd22064e2e,f566eecc7c758499,"{""log"":""17:22:42.490 INFO  o.c.OrderController#118 TraceID: fe567e1be621747372a03ffd22064e2e SpanID: f566eecc7c758499 [checkSecurityAboutOrder][Security Info Get][AccountId:4d2a46c7-71cb-4cf1-b5bb-b68406d9da6f]\n"",""stream"":""stdout"",""time"":""2025-06-06T09:22:42.491249072Z""}"
2025-06-06T09:22:43.435273533Z,1674984163435273533,33.33.33.155,ts-order-other-service-6cdbf9b4cc-h7mqk,server,fe567e1be621747372a03ffd22064e2e,c8e8a5caa15f4805,"{""log"":""17:22:43.435 INFO  o.s.OrderOtherServiceImpl#100 TraceID: fe567e1be621747372a03ffd22064e2e SpanID: c8e8a5caa15f4805 [create][Order Create Success][OrderId:199e2ee4-e9b8-4584-9877-9a2c3e5e1c54,Price: 122.49999999999999]\n"",""stream"":""stdout"",""time"":""2025-06-06T09:22:43.435273533Z""}"
2025-06-06T09:22:43.426338286Z,1674984163426338286,33.33.33.155,ts-order-other-service-6cdbf9b4cc-h7mqk,server,fe567e1be621747372a03ffd22064e2e,c8e8a5caa15f4805,"{""log"":""17:22:43.426 INFO  o.s.OrderOtherServiceImpl#92 TraceID: fe567e1be621747372a03ffd22064e2e SpanID: c8e8a5caa15f4805 [create][Create Order][Ready Create Order]\n"",""stream"":""stdout"",""time"":""2025-06-06T09:22:43.426338286Z""}"
2025-06-06T09:22:43.426209688Z,1674984163426209688,33.33.33.155,ts-order-other-service-6cdbf9b4cc-h7mqk,server,fe567e1be621747372a03ffd22064e2e,c8e8a5caa15f4805,"{""log"":""17:22:43.425 INFO  o.c.OrderOtherController#49 TraceID: fe567e1be621747372a03ffd22064e2e SpanID: c8e8a5caa15f4805 [create][Create Order][from shanghai to nanjing at 2023-01-29]\n"",""stream"":""stdout"",""time"":""2025-06-06T09:22:43.426209688Z""}"
2025-06-06T09:22:43.416224787Z,1674984163416224787,33.33.33.155,ts-order-other-service-6cdbf9b4cc-h7mqk,server,fe567e1be621747372a03ffd22064e2e,bfd70ea022a9095f,"{""log"":""17:22:43.415 INFO  o.s.OrderOtherServiceImpl#67 TraceID: fe567e1be621747372a03ffd22064e2e SpanID: bfd70ea022a9095f [getSoldTickets][Left ticket info][info is: LeftTicketInfo{soldTickets=[Ticket(seatNo=388817927, startStation=shanghai, destStation=nanjing), Ticket(seatNo=512319188, startStation=shanghai, destStation=nanjing), Ticket(seatNo=650950163, startStation=shanghai, destStation=nanjing), Ticket(seatNo=681456978, startStation=shanghai, destStation=nanjing), Ticket(seatNo=1278422345, startStation=shanghai, destStation=nanjing), Ticket(seatNo=113640569, startStation=shanghai, destStation=nanjing), Ticket(seatNo=1706091788, startStation=shanghai, destStation=nanjing), Ticket(seatNo=719931591, startStation=shanghai, destStation=nanjing), Ticket(seatNo=324348558, startStation=shanghai, destStation=nanjing), Ticket(seatNo=437134557, startStation=shanghai, destStation=nanjing), Ticket(seatNo=1180305654, startStation=shanghai, destStation=nanjing), Ticket(seatNo=218664224, startStation=shanghai, destStation=nanjing), Ticket(seatNo=1531256885, startStation=shanghai, destStation=nanjing), Ticket(seatNo=282865016, startStation=shanghai, destStation=nanjing), Ticket(seatNo=290573193, startStation=shanghai, destStation=nanjing), Ticket(seatNo=2091646075, startStation=shanghai, destStation=nanjing), Ticket(seatNo=1529246592, startStation=shanghai, destStation=nanjing), Ticket(seatNo=518358183, startStation=shanghai, destStation=nanjing), Ticket(seatNo=1578574107, startStation=shanghai, destStation=nanjing), Ticket(seatNo=864103707, startStation=shanghai, destStation=nanjing), Ticket(seatNo=1101722819, startStation=shanghai, destStation=nanjing), Ticket(seatNo=1110043211, startStation=shanghai, destStation=nanjing), Ticket(seatNo=2115304579, startStation=shanghai, destStation=nanjing), Ticket(seatNo=517895253, startStation=shanghai, destStation=nanjing), Ticket(seatNo=112374996, startStation=shanghai, destStation=nanjing), Ticket(seatNo=1222554072, startStation=shanghai, destStation=nanjing), Ticket(seatNo=1445221655, startStation=shanghai, destStation=nanjing), Ticket(seatNo=55335899, startStation=shanghai, destStation=nanjing), Ticket(seatNo=1402723531, startStation=shanghai, destStation=nanjing), Ticket(seatNo=520072209, startStation=shanghai, destStation=nanjing), Ticket(seatNo=1063924165, startStation=shanghai, destStation=nanjing), Ticket(seatNo=828062078, startStation=shanghai, destStation=nanjing), Ticket(seatNo=364950093, startStation=shanghai, destStation=nanjing), Ticket(seatNo=2090617881, startStation=shanghai, destStation=nanjing), Ticket(seatNo=1605189805, startStation=shanghai, destStation=nanjing), Ticket(seatNo=182083286, startStation=shanghai, destStation=nanjing), Ticket(seatNo=1956808479, startStation=shanghai, destStation=nanjing), Ticket(seatNo=1479771875, startStation=shanghai, destStation=nanjing), Ticket(seatNo=1340473816, startStation=shanghai, destStation=nanjing), Ticket(seatNo=2058528320, startStation=shanghai, destStation=nanjing), Ticket(seatNo=1862239339, startStation=shanghai, destStation=nanjing), Ticket(seatNo=756196424, startStation=shanghai, destStation=nanjing), Ticket(seatNo=1554210637, startStation=shanghai, destStation=nanjing), Ticket(seatNo=2131607583, startStation=shanghai, destStation=nanjing), Ticket(seatNo=1114945650, startStation=shanghai, destStation=nanjing), Ticket(seatNo=978840618, startStation=shanghai, destStation=nanjing), Ticket(seatNo=1696192204, startStation=shanghai, destStation=nanjing), Ticket(seatNo=159217444, startStation=shanghai, destStation=nanjing), Ticket(seatNo=1472397446, startStation=shanghai, destStation=nanjing), Ticket(seatNo=863762562, startStation=shanghai, destStation=nanjing), Ticket(seatNo=762240728, startStation=shanghai, destStation=nanjing), Ticket(seatNo=733090960, startStation=shanghai, destStation=nanjing), Ticket(seatNo=1385200790, startStation=shanghai, destStation=nanjing), Ticket(seatNo=1483334408, startStation=shanghai, destStation=nanjing), Ticket(seatNo=1230952670, startStation=shanghai, destStation=nanjing), Ticket(seatNo=1760486203, startStation=shanghai, destStation=nanjing), Ticket(seatNo=1631472666, startStation=shanghai, destStation=nanjing), Ticket(seatNo=882144838, startStation=shanghai, destStation=nanjing), Ticket(seatNo=210246843, startStation=shanghai, destStation=nanjing), Ticket(seatNo=427259238, startStation=shanghai, destStation=nanjing), Ticket(seatNo=1232572404, startStation=shanghai, destStation=nanjing), Ticket(seatNo=1304478712, startStation=shanghai, destStation=nanjing), Ticket(seatNo=2016232602, startStation=shanghai, destStation=nanjing), Ticket(seatNo=76670888, startStation=shanghai, destStation=nanjing), Ticket(seatNo=1754550335, startStation=shanghai, destStation=nanjing), Ticket(seatNo=1491838595, startStation=shanghai, destStation=nanjing), Ticket(seatNo=1330605393, startStation=shanghai, destStation=nanjing), Ticket(seatNo=226825480, startStation=shanghai, destStation=nanjing), Ticket(seatNo=1787175945, startStation=shanghai, destStation=nanjing), Ticket(seatNo=590443336, startStation=shanghai, destStation=nanjing), Ticket(seatNo=427944411, startStation=shanghai, destStation=nanjing), Ticket(seatNo=1638437656, startStation=shanghai, destStation=nanjing), Ticket(seatNo=1361381257, startStation=shanghai, destStation=nanjing), Ticket(seatNo=1482512162, startStation=shanghai, destStation=nanjing), Ticket(seatNo=400526011, startStation=shanghai, destStation=nanjing), Ticket(seatNo=1749342441, startStation=shanghai, destStation=nanjing), Ticket(seatNo=2117918027, startStation=shanghai, destStation=nanjing), Ticket(seatNo=654927142, startStation=shanghai, destStation=nanjing), Ticket(seatNo=1977897455, startStation=shanghai, destStation=nanjing), Ticket(seatNo=641977830, startStation=shanghai, destStation=nanjing), Ticket(seatNo=1021188806, startStation=shanghai, destStation=nanjing), Ticket(seatNo=1445935016, startStation=shanghai, destStation=nanjing), Ticket(seatNo=830548221, startStation=shanghai, destStation=nanjing), Ticket(seatNo=1655441840, startStation=shanghai, destStation=nanjing), Ticket(seatNo=678340688, startStation=shanghai, destStation=nanjing), Ticket(seatNo=1682320147, startStation=shanghai, destStation=nanjing), Ticket(seatNo=1195341149, startStation=shanghai, destStation=nanjing), Ticket(seatNo=973914808, startStation=shanghai, destStation=nanjing), Ticket(seatNo=1217764195, startStation=shanghai, destStation=nanjing), Ticket(seatNo=837692558, startStation=shanghai, destStation=nanjing), Ticket(seatNo=1203709814, startStation=shanghai, destStation=nanjing), Ticket(seatNo=984361044, startStation=shanghai, destStation=nanjing), Ticket(seatNo=675974723, startStation=shanghai, destStation=nanjing), Ticket(seatNo=1490992938, startStation=shanghai, destStation=nanjing), Ticket(seatNo=1201160931, startStation=shanghai, destStation=nanjing), Ticket(seatNo=1435884154, startStation=shanghai, destStation=nanjing), Ticket(seatNo=1297551695, startStation=shanghai, destStation=nanjing), Ticket(seatNo=1664074534, startStation=shanghai, destStation=nanjing), Ticket(seatNo=1921728155, startStation=shanghai, destStation=nanjing), Ticket(seatNo=1137714160, startStation=shanghai, destStation=nanjing), Ticket(seatNo=1988971469, startStation=shanghai, destStation=nanjing), Ticket(seatNo=1018160513, startStation=shanghai, destStation=nanjing), Ticket(seatNo=1550917166, startStation=shanghai, destStation=nanjing), Ticket(seatNo=1894695695, startStation=shanghai, destStation=nanjing), Ticket(seatNo=784843623, startStation=shanghai, destStation=nanjing), Ticket(seatNo=1932732784, startStation=shanghai, destStation=nanjing), Ticket(seatNo=1565956437, startStation=shanghai, destStation=nanjing), Ticket(seatNo=249855326, startStation=shanghai, destStation=nanjing), Ticket(seatNo=77833908, startStation=shanghai, destStation=nanjing), Ticket(seatNo=64395763, startStation=shanghai, destStation=nanjing), Ticket(seatNo=781572303, startStation=shanghai, destStation=nanjing), Ticket(seatNo=1060217224, startStation=shanghai, destStation=nanjing), Ticket(seatNo=210817532, startStation=shanghai, destStation=nanjing), Ticket(seatNo=1587135411, startStation=shanghai, destStation=nanjing), Ticket(seatNo=862437816, startStation=shanghai, destStation=nanjing), Ticket(seatNo=348991760, startStation=shanghai, destStation=nanjing), Ticket(seatNo=1479280287, startStation=shanghai, destStation=nanjing), Ticket(seatNo=349038530, startStation=shanghai, destStation=nanjing), Ticket(seatNo=90480773, startStation=shanghai, destStation=nanjing), Ticket(seatNo=1465059263, startStation=shanghai, destStation=nanjing), Ticket(seatNo=985339747, startStation=shanghai, destStation=nanjing), Ticket(seatNo=1498460243, startStation=shanghai, destStation=nanjing), Ticket(seatNo=671507041, startStation=shanghai, destStation=nanjing), Ticket(seatNo=965174800, startStation=shanghai, destStation=nanjing), Ticket(seatNo=1841324996, startStation=shanghai, destStation=nanjing), Ticket(seatNo=1248601454, startStation=shanghai, destStation=nanjing), Ticket(seatNo=1901083814, startStation=shanghai, destStation=nanjing), Ticket(seatNo=2077341681, startStation=shanghai, destStation=nanjing), Ticket(seatNo=1207577891, startStation=shanghai, destStation=nanjing), Ticket(seatNo=1454446323, startStation=shanghai, destStation=nanjing), Ticket(seatNo=234766556, startStation=shanghai, destStation=nanjing), Ticket(seatNo=1726109987, startStation=shanghai, destStation=nanjing), Ticket(seatNo=317002893, startStation=shanghai, destStation=nanjing), Ticket(seatNo=1499460332, startStation=shanghai, destStation=nanjing), Ticket(seatNo=267587626, startStation=shanghai, destStation=nanjing), Ticket(seatNo=747527520, startStation=shanghai, destStation=nanjing), Ticket(seatNo=207584255, startStation=shanghai, destStation=nanjing), Ticket(seatNo=636497848, startStation=shanghai, destStation=nanjing), Ticket(seatNo=134621623, startStation=shanghai, destStation=nanjing), Ticket(seatNo=1143973252, startStation=shanghai, destStation=nanjing), Ticket(seatNo=1285506393, startStation=shanghai, destStation=nanjing), Ticket(seatNo=1318597280, startStation=shanghai, destStation=nanjing), Ticket(seatNo=2109276771, startStation=shanghai, destStation=nanjing), Ticket(seatNo=746347294, startStation=shanghai, destStation=nanjing), Ticket(seatNo=1636266694, startStation=shanghai, destStation=nanjing), Ticket(seatNo=538009141, startStation=shanghai, destStation=nanjing), Ticket(seatNo=1944586976, startStation=shanghai, destStation=nanjing), Ticket(seatNo=1320680614, startStation=shanghai, destStation=nanjing), Ticket(seatNo=142490066, startStation=shanghai, destStation=nanjing), Ticket(seatNo=252466715, startStation=shanghai, destStation=nanjing), Ticket(seatNo=1806446874, startStation=shanghai, destStation=nanjing), Ticket(seatNo=1743761737, startStation=shanghai, destStation=nanjing), Ticket(seatNo=610439616, startStation=shanghai, destStation=nanjing), Ticket(seatNo=76166607, startStation=shanghai, destStation=nanjing), Ticket(seatNo=1265135696, startStation=shanghai, destStation=nanjing), Ticket(seatNo=1177274309, startStation=shanghai, destStation=nanjing), Ticket(seatNo=746628462, startStation=shanghai, destStation=nanjing), Ticket(seatNo=573722729, startStation=shanghai, destStation=nanjing), Ticket(seatNo=940056408, startStation=shanghai, destStation=nanjing), Ticket(seatNo=202317050, startStation=shanghai, destStation=nanjing), Ticket(seatNo=221602851, startStation=shanghai, destStation=nanjing), Ticket(seatNo=1431476535, startStation=shanghai, destStation=nanjing), Ticket(seatNo=606888208, startStation=shanghai, destStation=nanjing), Ticket(seatNo=813377677, startStation=shanghai, destStation=nanjing), Ticket(seatNo=1592122745, startStation=shanghai, destStation=nanjing), Ticket(seatNo=2128153780, startStation=shanghai, destStation=nanjing), Ticket(seatNo=568784077, startStation=shanghai, destStation=nanjing), Ticket(seatNo=990332202, startStation=shanghai, destStation=nanjing), Ticket(seatNo=1969469614, startStation=shanghai, destStation=nanjing), Ticket(seatNo=1456285444, startStation=shanghai, destStation=nanjing), Ticket(seatNo=1785859166, startStation=shanghai, destStation=nanjing)]}]\n"",""stream"":""stdout"",""time"":""2025-06-06T09:22:43.416224787Z""}"
2025-06-06T09:22:43.411913025Z,1674984163411913025,33.33.33.155,ts-order-other-service-6cdbf9b4cc-h7mqk,server,fe567e1be621747372a03ffd22064e2e,bfd70ea022a9095f,"{""log"":""17:22:43.411 INFO  o.c.OrderOtherController#42 TraceID: fe567e1be621747372a03ffd22064e2e SpanID: bfd70ea022a9095f [getSoldTickets][Get Sold Ticket][Travel Date: 2023-01-29]\n"",""stream"":""stdout"",""time"":""2025-06-06T09:22:43.411913025Z""}"
2025-06-06T09:22:43.087748458Z,1674984163087748458,33.33.33.155,ts-order-other-service-6cdbf9b4cc-h7mqk,server,fe567e1be621747372a03ffd22064e2e,3e0dc9531f6157ac,"{""log"":""17:22:43.087 INFO  o.s.OrderOtherServiceImpl#67 TraceID: fe567e1be621747372a03ffd22064e2e SpanID: 3e0dc9531f6157ac [getSoldTickets][Left ticket info][info is: LeftTicketInfo{soldTickets=[Ticket(seatNo=388817927, startStation=shanghai, destStation=nanjing), Ticket(seatNo=512319188, startStation=shanghai, destStation=nanjing), Ticket(seatNo=650950163, startStation=shanghai, destStation=nanjing), Ticket(seatNo=681456978, startStation=shanghai, destStation=nanjing), Ticket(seatNo=1278422345, startStation=shanghai, destStation=nanjing), Ticket(seatNo=113640569, startStation=shanghai, destStation=nanjing), Ticket(seatNo=1706091788, startStation=shanghai, destStation=nanjing), Ticket(seatNo=719931591, startStation=shanghai, destStation=nanjing), Ticket(seatNo=324348558, startStation=shanghai, destStation=nanjing), Ticket(seatNo=437134557, startStation=shanghai, destStation=nanjing), Ticket(seatNo=1180305654, startStation=shanghai, destStation=nanjing), Ticket(seatNo=218664224, startStation=shanghai, destStation=nanjing), Ticket(seatNo=1531256885, startStation=shanghai, destStation=nanjing), Ticket(seatNo=282865016, startStation=shanghai, destStation=nanjing), Ticket(seatNo=290573193, startStation=shanghai, destStation=nanjing), Ticket(seatNo=2091646075, startStation=shanghai, destStation=nanjing), Ticket(seatNo=1529246592, startStation=shanghai, destStation=nanjing), Ticket(seatNo=518358183, startStation=shanghai, destStation=nanjing), Ticket(seatNo=1578574107, startStation=shanghai, destStation=nanjing), Ticket(seatNo=864103707, startStation=shanghai, destStation=nanjing), Ticket(seatNo=1101722819, startStation=shanghai, destStation=nanjing), Ticket(seatNo=1110043211, startStation=shanghai, destStation=nanjing), Ticket(seatNo=2115304579, startStation=shanghai, destStation=nanjing), Ticket(seatNo=517895253, startStation=shanghai, destStation=nanjing), Ticket(seatNo=112374996, startStation=shanghai, destStation=nanjing), Ticket(seatNo=1222554072, startStation=shanghai, destStation=nanjing), Ticket(seatNo=1445221655, startStation=shanghai, destStation=nanjing), Ticket(seatNo=55335899, startStation=shanghai, destStation=nanjing), Ticket(seatNo=1402723531, startStation=shanghai, destStation=nanjing), Ticket(seatNo=520072209, startStation=shanghai, destStation=nanjing), Ticket(seatNo=1063924165, startStation=shanghai, destStation=nanjing), Ticket(seatNo=828062078, startStation=shanghai, destStation=nanjing), Ticket(seatNo=364950093, startStation=shanghai, destStation=nanjing), Ticket(seatNo=2090617881, startStation=shanghai, destStation=nanjing), Ticket(seatNo=1605189805, startStation=shanghai, destStation=nanjing), Ticket(seatNo=182083286, startStation=shanghai, destStation=nanjing), Ticket(seatNo=1956808479, startStation=shanghai, destStation=nanjing), Ticket(seatNo=1479771875, startStation=shanghai, destStation=nanjing), Ticket(seatNo=1340473816, startStation=shanghai, destStation=nanjing), Ticket(seatNo=2058528320, startStation=shanghai, destStation=nanjing), Ticket(seatNo=1862239339, startStation=shanghai, destStation=nanjing), Ticket(seatNo=756196424, startStation=shanghai, destStation=nanjing), Ticket(seatNo=1554210637, startStation=shanghai, destStation=nanjing), Ticket(seatNo=2131607583, startStation=shanghai, destStation=nanjing), Ticket(seatNo=1114945650, startStation=shanghai, destStation=nanjing), Ticket(seatNo=978840618, startStation=shanghai, destStation=nanjing), Ticket(seatNo=1696192204, startStation=shanghai, destStation=nanjing), Ticket(seatNo=159217444, startStation=shanghai, destStation=nanjing), Ticket(seatNo=1472397446, startStation=shanghai, destStation=nanjing), Ticket(seatNo=863762562, startStation=shanghai, destStation=nanjing), Ticket(seatNo=762240728, startStation=shanghai, destStation=nanjing), Ticket(seatNo=733090960, startStation=shanghai, destStation=nanjing), Ticket(seatNo=1385200790, startStation=shanghai, destStation=nanjing), Ticket(seatNo=1483334408, startStation=shanghai, destStation=nanjing), Ticket(seatNo=1230952670, startStation=shanghai, destStation=nanjing), Ticket(seatNo=1760486203, startStation=shanghai, destStation=nanjing), Ticket(seatNo=1631472666, startStation=shanghai, destStation=nanjing), Ticket(seatNo=882144838, startStation=shanghai, destStation=nanjing), Ticket(seatNo=210246843, startStation=shanghai, destStation=nanjing), Ticket(seatNo=427259238, startStation=shanghai, destStation=nanjing), Ticket(seatNo=1232572404, startStation=shanghai, destStation=nanjing), Ticket(seatNo=1304478712, startStation=shanghai, destStation=nanjing), Ticket(seatNo=2016232602, startStation=shanghai, destStation=nanjing), Ticket(seatNo=76670888, startStation=shanghai, destStation=nanjing), Ticket(seatNo=1754550335, startStation=shanghai, destStation=nanjing), Ticket(seatNo=1491838595, startStation=shanghai, destStation=nanjing), Ticket(seatNo=1330605393, startStation=shanghai, destStation=nanjing), Ticket(seatNo=226825480, startStation=shanghai, destStation=nanjing), Ticket(seatNo=1787175945, startStation=shanghai, destStation=nanjing), Ticket(seatNo=590443336, startStation=shanghai, destStation=nanjing), Ticket(seatNo=427944411, startStation=shanghai, destStation=nanjing), Ticket(seatNo=1638437656, startStation=shanghai, destStation=nanjing), Ticket(seatNo=1361381257, startStation=shanghai, destStation=nanjing), Ticket(seatNo=1482512162, startStation=shanghai, destStation=nanjing), Ticket(seatNo=400526011, startStation=shanghai, destStation=nanjing), Ticket(seatNo=1749342441, startStation=shanghai, destStation=nanjing), Ticket(seatNo=2117918027, startStation=shanghai, destStation=nanjing), Ticket(seatNo=654927142, startStation=shanghai, destStation=nanjing), Ticket(seatNo=1977897455, startStation=shanghai, destStation=nanjing), Ticket(seatNo=641977830, startStation=shanghai, destStation=nanjing), Ticket(seatNo=1021188806, startStation=shanghai, destStation=nanjing), Ticket(seatNo=1445935016, startStation=shanghai, destStation=nanjing), Ticket(seatNo=830548221, startStation=shanghai, destStation=nanjing), Ticket(seatNo=1655441840, startStation=shanghai, destStation=nanjing), Ticket(seatNo=678340688, startStation=shanghai, destStation=nanjing), Ticket(seatNo=1682320147, startStation=shanghai, destStation=nanjing), Ticket(seatNo=1195341149, startStation=shanghai, destStation=nanjing), Ticket(seatNo=973914808, startStation=shanghai, destStation=nanjing), Ticket(seatNo=1217764195, startStation=shanghai, destStation=nanjing), Ticket(seatNo=837692558, startStation=shanghai, destStation=nanjing), Ticket(seatNo=1203709814, startStation=shanghai, destStation=nanjing), Ticket(seatNo=984361044, startStation=shanghai, destStation=nanjing), Ticket(seatNo=675974723, startStation=shanghai, destStation=nanjing), Ticket(seatNo=1490992938, startStation=shanghai, destStation=nanjing), Ticket(seatNo=1201160931, startStation=shanghai, destStation=nanjing), Ticket(seatNo=1435884154, startStation=shanghai, destStation=nanjing), Ticket(seatNo=1297551695, startStation=shanghai, destStation=nanjing), Ticket(seatNo=1664074534, startStation=shanghai, destStation=nanjing), Ticket(seatNo=1921728155, startStation=shanghai, destStation=nanjing), Ticket(seatNo=1137714160, startStation=shanghai, destStation=nanjing), Ticket(seatNo=1988971469, startStation=shanghai, destStation=nanjing), Ticket(seatNo=1018160513, startStation=shanghai, destStation=nanjing), Ticket(seatNo=1550917166, startStation=shanghai, destStation=nanjing), Ticket(seatNo=1894695695, startStation=shanghai, destStation=nanjing), Ticket(seatNo=784843623, startStation=shanghai, destStation=nanjing), Ticket(seatNo=1932732784, startStation=shanghai, destStation=nanjing), Ticket(seatNo=1565956437, startStation=shanghai, destStation=nanjing), Ticket(seatNo=249855326, startStation=shanghai, destStation=nanjing), Ticket(seatNo=77833908, startStation=shanghai, destStation=nanjing), Ticket(seatNo=64395763, startStation=shanghai, destStation=nanjing), Ticket(seatNo=781572303, startStation=shanghai, destStation=nanjing), Ticket(seatNo=1060217224, startStation=shanghai, destStation=nanjing), Ticket(seatNo=210817532, startStation=shanghai, destStation=nanjing), Ticket(seatNo=1587135411, startStation=shanghai, destStation=nanjing), Ticket(seatNo=862437816, startStation=shanghai, destStation=nanjing), Ticket(seatNo=348991760, startStation=shanghai, destStation=nanjing), Ticket(seatNo=1479280287, startStation=shanghai, destStation=nanjing), Ticket(seatNo=349038530, startStation=shanghai, destStation=nanjing), Ticket(seatNo=90480773, startStation=shanghai, destStation=nanjing), Ticket(seatNo=1465059263, startStation=shanghai, destStation=nanjing), Ticket(seatNo=985339747, startStation=shanghai, destStation=nanjing), Ticket(seatNo=1498460243, startStation=shanghai, destStation=nanjing), Ticket(seatNo=671507041, startStation=shanghai, destStation=nanjing), Ticket(seatNo=965174800, startStation=shanghai, destStation=nanjing), Ticket(seatNo=1841324996, startStation=shanghai, destStation=nanjing), Ticket(seatNo=1248601454, startStation=shanghai, destStation=nanjing), Ticket(seatNo=1901083814, startStation=shanghai, destStation=nanjing), Ticket(seatNo=2077341681, startStation=shanghai, destStation=nanjing), Ticket(seatNo=1207577891, startStation=shanghai, destStation=nanjing), Ticket(seatNo=1454446323, startStation=shanghai, destStation=nanjing), Ticket(seatNo=234766556, startStation=shanghai, destStation=nanjing), Ticket(seatNo=1726109987, startStation=shanghai, destStation=nanjing), Ticket(seatNo=317002893, startStation=shanghai, destStation=nanjing), Ticket(seatNo=1499460332, startStation=shanghai, destStation=nanjing), Ticket(seatNo=267587626, startStation=shanghai, destStation=nanjing), Ticket(seatNo=747527520, startStation=shanghai, destStation=nanjing), Ticket(seatNo=207584255, startStation=shanghai, destStation=nanjing), Ticket(seatNo=636497848, startStation=shanghai, destStation=nanjing), Ticket(seatNo=134621623, startStation=shanghai, destStation=nanjing), Ticket(seatNo=1143973252, startStation=shanghai, destStation=nanjing), Ticket(seatNo=1285506393, startStation=shanghai, destStation=nanjing), Ticket(seatNo=1318597280, startStation=shanghai, destStation=nanjing), Ticket(seatNo=2109276771, startStation=shanghai, destStation=nanjing), Ticket(seatNo=746347294, startStation=shanghai, destStation=nanjing), Ticket(seatNo=1636266694, startStation=shanghai, destStation=nanjing), Ticket(seatNo=538009141, startStation=shanghai, destStation=nanjing), Ticket(seatNo=1944586976, startStation=shanghai, destStation=nanjing), Ticket(seatNo=1320680614, startStation=shanghai, destStation=nanjing), Ticket(seatNo=142490066, startStation=shanghai, destStation=nanjing), Ticket(seatNo=252466715, startStation=shanghai, destStation=nanjing), Ticket(seatNo=1806446874, startStation=shanghai, destStation=nanjing), Ticket(seatNo=1743761737, startStation=shanghai, destStation=nanjing), Ticket(seatNo=610439616, startStation=shanghai, destStation=nanjing), Ticket(seatNo=76166607, startStation=shanghai, destStation=nanjing), Ticket(seatNo=1265135696, startStation=shanghai, destStation=nanjing), Ticket(seatNo=1177274309, startStation=shanghai, destStation=nanjing), Ticket(seatNo=746628462, startStation=shanghai, destStation=nanjing), Ticket(seatNo=573722729, startStation=shanghai, destStation=nanjing), Ticket(seatNo=940056408, startStation=shanghai, destStation=nanjing), Ticket(seatNo=202317050, startStation=shanghai, destStation=nanjing), Ticket(seatNo=221602851, startStation=shanghai, destStation=nanjing), Ticket(seatNo=1431476535, startStation=shanghai, destStation=nanjing), Ticket(seatNo=606888208, startStation=shanghai, destStation=nanjing), Ticket(seatNo=813377677, startStation=shanghai, destStation=nanjing), Ticket(seatNo=1592122745, startStation=shanghai, destStation=nanjing), Ticket(seatNo=2128153780, startStation=shanghai, destStation=nanjing), Ticket(seatNo=568784077, startStation=shanghai, destStation=nanjing), Ticket(seatNo=990332202, startStation=shanghai, destStation=nanjing), Ticket(seatNo=1969469614, startStation=shanghai, destStation=nanjing), Ticket(seatNo=1456285444, startStation=shanghai, destStation=nanjing), Ticket(seatNo=1785859166, startStation=shanghai, destStation=nanjing)]}]\n"",""stream"":""stdout"",""time"":""2025-06-06T09:22:43.087748458Z""}"
2025-06-06T09:22:43.083506563Z,1674984163083506563,33.33.33.155,ts-order-other-service-6cdbf9b4cc-h7mqk,server,fe567e1be621747372a03ffd22064e2e,3e0dc9531f6157ac,"{""log"":""17:22:43.083 INFO  o.c.OrderOtherController#42 TraceID: fe567e1be621747372a03ffd22064e2e SpanID: 3e0dc9531f6157ac [getSoldTickets][Get Sold Ticket][Travel Date: 2023-01-29]\n"",""stream"":""stdout"",""time"":""2025-06-06T09:22:43.083506563Z""}"
2025-06-06T09:22:43.065236697Z,1674984163065236697,33.33.33.155,ts-order-other-service-6cdbf9b4cc-h7mqk,server,fe567e1be621747372a03ffd22064e2e,0c1ea3c28fc5cb15,"{""log"":""17:22:43.064 INFO  o.s.OrderOtherServiceImpl#67 TraceID: fe567e1be621747372a03ffd22064e2e SpanID: 0c1ea3c28fc5cb15 [getSoldTickets][Left ticket info][info is: LeftTicketInfo{soldTickets=[Ticket(seatNo=388817927, startStation=shanghai, destStation=nanjing), Ticket(seatNo=512319188, startStation=shanghai, destStation=nanjing), Ticket(seatNo=650950163, startStation=shanghai, destStation=nanjing), Ticket(seatNo=681456978, startStation=shanghai, destStation=nanjing), Ticket(seatNo=1278422345, startStation=shanghai, destStation=nanjing), Ticket(seatNo=113640569, startStation=shanghai, destStation=nanjing), Ticket(seatNo=1706091788, startStation=shanghai, destStation=nanjing), Ticket(seatNo=719931591, startStation=shanghai, destStation=nanjing), Ticket(seatNo=324348558, startStation=shanghai, destStation=nanjing), Ticket(seatNo=437134557, startStation=shanghai, destStation=nanjing), Ticket(seatNo=1180305654, startStation=shanghai, destStation=nanjing), Ticket(seatNo=218664224, startStation=shanghai, destStation=nanjing), Ticket(seatNo=1531256885, startStation=shanghai, destStation=nanjing), Ticket(seatNo=282865016, startStation=shanghai, destStation=nanjing), Ticket(seatNo=290573193, startStation=shanghai, destStation=nanjing), Ticket(seatNo=2091646075, startStation=shanghai, destStation=nanjing), Ticket(seatNo=1529246592, startStation=shanghai, destStation=nanjing), Ticket(seatNo=518358183, startStation=shanghai, destStation=nanjing), Ticket(seatNo=1578574107, startStation=shanghai, destStation=nanjing), Ticket(seatNo=864103707, startStation=shanghai, destStation=nanjing), Ticket(seatNo=1101722819, startStation=shanghai, destStation=nanjing), Ticket(seatNo=1110043211, startStation=shanghai, destStation=nanjing), Ticket(seatNo=2115304579, startStation=shanghai, destStation=nanjing), Ticket(seatNo=517895253, startStation=shanghai, destStation=nanjing), Ticket(seatNo=112374996, startStation=shanghai, destStation=nanjing), Ticket(seatNo=1222554072, startStation=shanghai, destStation=nanjing), Ticket(seatNo=1445221655, startStation=shanghai, destStation=nanjing), Ticket(seatNo=55335899, startStation=shanghai, destStation=nanjing), Ticket(seatNo=1402723531, startStation=shanghai, destStation=nanjing), Ticket(seatNo=520072209, startStation=shanghai, destStation=nanjing), Ticket(seatNo=1063924165, startStation=shanghai, destStation=nanjing), Ticket(seatNo=828062078, startStation=shanghai, destStation=nanjing), Ticket(seatNo=364950093, startStation=shanghai, destStation=nanjing), Ticket(seatNo=2090617881, startStation=shanghai, destStation=nanjing), Ticket(seatNo=1605189805, startStation=shanghai, destStation=nanjing), Ticket(seatNo=182083286, startStation=shanghai, destStation=nanjing), Ticket(seatNo=1956808479, startStation=shanghai, destStation=nanjing), Ticket(seatNo=1479771875, startStation=shanghai, destStation=nanjing), Ticket(seatNo=1340473816, startStation=shanghai, destStation=nanjing), Ticket(seatNo=2058528320, startStation=shanghai, destStation=nanjing), Ticket(seatNo=1862239339, startStation=shanghai, destStation=nanjing), Ticket(seatNo=756196424, startStation=shanghai, destStation=nanjing), Ticket(seatNo=1554210637, startStation=shanghai, destStation=nanjing), Ticket(seatNo=2131607583, startStation=shanghai, destStation=nanjing), Ticket(seatNo=1114945650, startStation=shanghai, destStation=nanjing), Ticket(seatNo=978840618, startStation=shanghai, destStation=nanjing), Ticket(seatNo=1696192204, startStation=shanghai, destStation=nanjing), Ticket(seatNo=159217444, startStation=shanghai, destStation=nanjing), Ticket(seatNo=1472397446, startStation=shanghai, destStation=nanjing), Ticket(seatNo=863762562, startStation=shanghai, destStation=nanjing), Ticket(seatNo=762240728, startStation=shanghai, destStation=nanjing), Ticket(seatNo=733090960, startStation=shanghai, destStation=nanjing), Ticket(seatNo=1385200790, startStation=shanghai, destStation=nanjing), Ticket(seatNo=1483334408, startStation=shanghai, destStation=nanjing), Ticket(seatNo=1230952670, startStation=shanghai, destStation=nanjing), Ticket(seatNo=1760486203, startStation=shanghai, destStation=nanjing), Ticket(seatNo=1631472666, startStation=shanghai, destStation=nanjing), Ticket(seatNo=882144838, startStation=shanghai, destStation=nanjing), Ticket(seatNo=210246843, startStation=shanghai, destStation=nanjing), Ticket(seatNo=427259238, startStation=shanghai, destStation=nanjing), Ticket(seatNo=1232572404, startStation=shanghai, destStation=nanjing), Ticket(seatNo=1304478712, startStation=shanghai, destStation=nanjing), Ticket(seatNo=2016232602, startStation=shanghai, destStation=nanjing), Ticket(seatNo=76670888, startStation=shanghai, destStation=nanjing), Ticket(seatNo=1754550335, startStation=shanghai, destStation=nanjing), Ticket(seatNo=1491838595, startStation=shanghai, destStation=nanjing), Ticket(seatNo=1330605393, startStation=shanghai, destStation=nanjing), Ticket(seatNo=226825480, startStation=shanghai, destStation=nanjing), Ticket(seatNo=1787175945, startStation=shanghai, destStation=nanjing), Ticket(seatNo=590443336, startStation=shanghai, destStation=nanjing), Ticket(seatNo=427944411, startStation=shanghai, destStation=nanjing), Ticket(seatNo=1638437656, startStation=shanghai, destStation=nanjing), Ticket(seatNo=1361381257, startStation=shanghai, destStation=nanjing), Ticket(seatNo=1482512162, startStation=shanghai, destStation=nanjing), Ticket(seatNo=400526011, startStation=shanghai, destStation=nanjing), Ticket(seatNo=1749342441, startStation=shanghai, destStation=nanjing), Ticket(seatNo=2117918027, startStation=shanghai, destStation=nanjing), Ticket(seatNo=654927142, startStation=shanghai, destStation=nanjing), Ticket(seatNo=1977897455, startStation=shanghai, destStation=nanjing), Ticket(seatNo=641977830, startStation=shanghai, destStation=nanjing), Ticket(seatNo=1021188806, startStation=shanghai, destStation=nanjing), Ticket(seatNo=1445935016, startStation=shanghai, destStation=nanjing), Ticket(seatNo=830548221, startStation=shanghai, destStation=nanjing), Ticket(seatNo=1655441840, startStation=shanghai, destStation=nanjing), Ticket(seatNo=678340688, startStation=shanghai, destStation=nanjing), Ticket(seatNo=1682320147, startStation=shanghai, destStation=nanjing), Ticket(seatNo=1195341149, startStation=shanghai, destStation=nanjing), Ticket(seatNo=973914808, startStation=shanghai, destStation=nanjing), Ticket(seatNo=1217764195, startStation=shanghai, destStation=nanjing), Ticket(seatNo=837692558, startStation=shanghai, destStation=nanjing), Ticket(seatNo=1203709814, startStation=shanghai, destStation=nanjing), Ticket(seatNo=984361044, startStation=shanghai, destStation=nanjing), Ticket(seatNo=675974723, startStation=shanghai, destStation=nanjing), Ticket(seatNo=1490992938, startStation=shanghai, destStation=nanjing), Ticket(seatNo=1201160931, startStation=shanghai, destStation=nanjing), Ticket(seatNo=1435884154, startStation=shanghai, destStation=nanjing), Ticket(seatNo=1297551695, startStation=shanghai, destStation=nanjing), Ticket(seatNo=1664074534, startStation=shanghai, destStation=nanjing), Ticket(seatNo=1921728155, startStation=shanghai, destStation=nanjing), Ticket(seatNo=1137714160, startStation=shanghai, destStation=nanjing), Ticket(seatNo=1988971469, startStation=shanghai, destStation=nanjing), Ticket(seatNo=1018160513, startStation=shanghai, destStation=nanjing), Ticket(seatNo=1550917166, startStation=shanghai, destStation=nanjing), Ticket(seatNo=1894695695, startStation=shanghai, destStation=nanjing), Ticket(seatNo=784843623, startStation=shanghai, destStation=nanjing), Ticket(seatNo=1932732784, startStation=shanghai, destStation=nanjing), Ticket(seatNo=1565956437, startStation=shanghai, destStation=nanjing), Ticket(seatNo=249855326, startStation=shanghai, destStation=nanjing), Ticket(seatNo=77833908, startStation=shanghai, destStation=nanjing), Ticket(seatNo=64395763, startStation=shanghai, destStation=nanjing), Ticket(seatNo=781572303, startStation=shanghai, destStation=nanjing), Ticket(seatNo=1060217224, startStation=shanghai, destStation=nanjing), Ticket(seatNo=210817532, startStation=shanghai, destStation=nanjing), Ticket(seatNo=1587135411, startStation=shanghai, destStation=nanjing), Ticket(seatNo=862437816, startStation=shanghai, destStation=nanjing), Ticket(seatNo=348991760, startStation=shanghai, destStation=nanjing), Ticket(seatNo=1479280287, startStation=shanghai, destStation=nanjing), Ticket(seatNo=349038530, startStation=shanghai, destStation=nanjing), Ticket(seatNo=90480773, startStation=shanghai, destStation=nanjing), Ticket(seatNo=1465059263, startStation=shanghai, destStation=nanjing), Ticket(seatNo=985339747, startStation=shanghai, destStation=nanjing), Ticket(seatNo=1498460243, startStation=shanghai, destStation=nanjing), Ticket(seatNo=671507041, startStation=shanghai, destStation=nanjing), Ticket(seatNo=965174800, startStation=shanghai, destStation=nanjing), Ticket(seatNo=1841324996, startStation=shanghai, destStation=nanjing), Ticket(seatNo=1248601454, startStation=shanghai, destStation=nanjing), Ticket(seatNo=1901083814, startStation=shanghai, destStation=nanjing), Ticket(seatNo=2077341681, startStation=shanghai, destStation=nanjing), Ticket(seatNo=1207577891, startStation=shanghai, destStation=nanjing), Ticket(seatNo=1454446323, startStation=shanghai, destStation=nanjing), Ticket(seatNo=234766556, startStation=shanghai, destStation=nanjing), Ticket(seatNo=1726109987, startStation=shanghai, destStation=nanjing), Ticket(seatNo=317002893, startStation=shanghai, destStation=nanjing), Ticket(seatNo=1499460332, startStation=shanghai, destStation=nanjing), Ticket(seatNo=267587626, startStation=shanghai, destStation=nanjing), Ticket(seatNo=747527520, startStation=shanghai, destStation=nanjing), Ticket(seatNo=207584255, startStation=shanghai, destStation=nanjing), Ticket(seatNo=636497848, startStation=shanghai, destStation=nanjing), Ticket(seatNo=134621623, startStation=shanghai, destStation=nanjing), Ticket(seatNo=1143973252, startStation=shanghai, destStation=nanjing), Ticket(seatNo=1285506393, startStation=shanghai, destStation=nanjing), Ticket(seatNo=1318597280, startStation=shanghai, destStation=nanjing), Ticket(seatNo=2109276771, startStation=shanghai, destStation=nanjing), Ticket(seatNo=746347294, startStation=shanghai, destStation=nanjing), Ticket(seatNo=1636266694, startStation=shanghai, destStation=nanjing), Ticket(seatNo=538009141, startStation=shanghai, destStation=nanjing), Ticket(seatNo=1944586976, startStation=shanghai, destStation=nanjing), Ticket(seatNo=1320680614, startStation=shanghai, destStation=nanjing), Ticket(seatNo=142490066, startStation=shanghai, destStation=nanjing), Ticket(seatNo=252466715, startStation=shanghai, destStation=nanjing), Ticket(seatNo=1806446874, startStation=shanghai, destStation=nanjing), Ticket(seatNo=1743761737, startStation=shanghai, destStation=nanjing), Ticket(seatNo=610439616, startStation=shanghai, destStation=nanjing), Ticket(seatNo=76166607, startStation=shanghai, destStation=nanjing), Ticket(seatNo=1265135696, startStation=shanghai, destStation=nanjing), Ticket(seatNo=1177274309, startStation=shanghai, destStation=nanjing), Ticket(seatNo=746628462, startStation=shanghai, destStation=nanjing), Ticket(seatNo=573722729, startStation=shanghai, destStation=nanjing), Ticket(seatNo=940056408, startStation=shanghai, destStation=nanjing), Ticket(seatNo=202317050, startStation=shanghai, destStation=nanjing), Ticket(seatNo=221602851, startStation=shanghai, destStation=nanjing), Ticket(seatNo=1431476535, startStation=shanghai, destStation=nanjing), Ticket(seatNo=606888208, startStation=shanghai, destStation=nanjing), Ticket(seatNo=813377677, startStation=shanghai, destStation=nanjing), Ticket(seatNo=1592122745, startStation=shanghai, destStation=nanjing), Ticket(seatNo=2128153780, startStation=shanghai, destStation=nanjing), Ticket(seatNo=568784077, startStation=shanghai, destStation=nanjing), Ticket(seatNo=990332202, startStation=shanghai, destStation=nanjing), Ticket(seatNo=1969469614, startStation=shanghai, destStation=nanjing), Ticket(seatNo=1456285444, startStation=shanghai, destStation=nanjing), Ticket(seatNo=1785859166, startStation=shanghai, destStation=nanjing)]}]\n"",""stream"":""stdout"",""time"":""2025-06-06T09:22:43.065236697Z""}"
2025-06-06T09:22:43.060404551Z,1674984163060404551,33.33.33.155,ts-order-other-service-6cdbf9b4cc-h7mqk,server,fe567e1be621747372a03ffd22064e2e,0c1ea3c28fc5cb15,"{""log"":""17:22:43.059 INFO  o.c.OrderOtherController#42 TraceID: fe567e1be621747372a03ffd22064e2e SpanID: 0c1ea3c28fc5cb15 [getSoldTickets][Get Sold Ticket][Travel Date: 2023-01-29]\n"",""stream"":""stdout"",""time"":""2025-06-06T09:22:43.060404551Z""}"
2025-06-06T09:22:42.504061874Z,1674984162504061874,33.33.33.155,ts-order-other-service-6cdbf9b4cc-h7mqk,server,fe567e1be621747372a03ffd22064e2e,028f0869074c5b43,"{""log"":""17:22:42.503 INFO  o.c.OrderOtherController#118 TraceID: fe567e1be621747372a03ffd22064e2e SpanID: 028f0869074c5b43 [checkSecurityAboutOrder][Security Info Get][CheckDate:Sun Jan 29 17:22:42 CST 2023 , AccountId:4d2a46c7-71cb-4cf1-b5bb-b68406d9da6f]\n"",""stream"":""stdout"",""time"":""2025-06-06T09:22:42.504061874Z""}"
2025-06-06T09:22:42.52811758Z,1674984162528117580,33.33.33.79,ts-contacts-service-866bd68c97-xcqfx,server,fe567e1be621747372a03ffd22064e2e,7fbd8ff10da9e33f,"{""log"":""17:22:42.527 INFO  c.s.ContactsServiceImpl#34 TraceID: fe567e1be621747372a03ffd22064e2e SpanID: 7fbd8ff10da9e33f [findContactsById][contactsRepository.findById][Find contacts]\n"",""stream"":""stdout"",""time"":""2025-06-06T09:22:42.52811758Z""}"
2025-06-06T09:22:42.521573011Z,1674984162521573011,33.33.33.79,ts-contacts-service-866bd68c97-xcqfx,server,fe567e1be621747372a03ffd22064e2e,7fbd8ff10da9e33f,"{""log"":""17:22:42.521 INFO  c.s.ContactsServiceImpl#31 TraceID: fe567e1be621747372a03ffd22064e2e SpanID: 7fbd8ff10da9e33f FIND CONTACTS BY ID: 415d1665-fbb2-4ec9-83f5-5ebe51dc1825\n"",""stream"":""stdout"",""time"":""2025-06-06T09:22:42.521573011Z""}"
2025-06-06T09:22:42.521225906Z,1674984162521225906,33.33.33.79,ts-contacts-service-866bd68c97-xcqfx,server,fe567e1be621747372a03ffd22064e2e,7fbd8ff10da9e33f,"{""log"":""17:22:42.520 INFO  c.c.ContactsController#84 TraceID: fe567e1be621747372a03ffd22064e2e SpanID: 7fbd8ff10da9e33f [ContactsService][VerifyLogin Success]\n"",""stream"":""stdout"",""time"":""2025-06-06T09:22:42.521225906Z""}"
2025-06-06T09:22:42.520897043Z,1674984162520897043,33.33.33.79,ts-contacts-service-866bd68c97-xcqfx,server,fe567e1be621747372a03ffd22064e2e,7fbd8ff10da9e33f,"{""log"":""17:22:42.520 INFO  c.c.ContactsController#83 TraceID: fe567e1be621747372a03ffd22064e2e SpanID: 7fbd8ff10da9e33f [ContactsService][Contacts Id Print][id: 415d1665-fbb2-4ec9-83f5-5ebe51dc1825]\n"",""stream"":""stdout"",""time"":""2025-06-06T09:22:42.520897043Z""}"
2025-06-06T09:22:43.348290492Z,1674984163348290492,33.33.33.115,ts-config-service-5fcd447d84-wxwjd,server,fe567e1be621747372a03ffd22064e2e,5f350673ed5da1ee,"{""log"":""17:22:43.348 INFO  c.s.ConfigServiceImpl#65 TraceID: fe567e1be621747372a03ffd22064e2e SpanID: 5f350673ed5da1ee [query][Query config success][config name: DirectTicketAllocationProportion]\n"",""stream"":""stdout"",""time"":""2025-06-06T09:22:43.348290492Z""}"
2025-06-06T09:22:43.347660481Z,1674984163347660481,33.33.33.115,ts-config-service-5fcd447d84-wxwjd,server,fe567e1be621747372a03ffd22064e2e,5f350673ed5da1ee,"{""log"":""17:22:43.347 INFO  c.c.ConfigController#67 TraceID: fe567e1be621747372a03ffd22064e2e SpanID: 5f350673ed5da1ee [retrieve][Retrieve config][configName: DirectTicketAllocationProportion]\n"",""stream"":""stdout"",""time"":""2025-06-06T09:22:43.347660481Z""}"
2025-06-06T09:22:43.073786045Z,1674984163073786045,33.33.33.115,ts-config-service-5fcd447d84-wxwjd,server,fe567e1be621747372a03ffd22064e2e,73b0c9184339dacc,"{""log"":""17:22:43.073 INFO  c.s.ConfigServiceImpl#65 TraceID: fe567e1be621747372a03ffd22064e2e SpanID: 73b0c9184339dacc [query][Query config success][config name: DirectTicketAllocationProportion]\n"",""stream"":""stdout"",""time"":""2025-06-06T09:22:43.073786045Z""}"
2025-06-06T09:22:43.072444288Z,1674984163072444288,33.33.33.115,ts-config-service-5fcd447d84-wxwjd,server,fe567e1be621747372a03ffd22064e2e,73b0c9184339dacc,"{""log"":""17:22:43.071 INFO  c.c.ConfigController#67 TraceID: fe567e1be621747372a03ffd22064e2e SpanID: 73b0c9184339dacc [retrieve][Retrieve config][configName: DirectTicketAllocationProportion]\n"",""stream"":""stdout"",""time"":""2025-06-06T09:22:43.072444288Z""}"
2025-06-06T09:22:43.400656922Z,1674984163400656922,33.33.33.76,ts-basic-service-5dc8d4f9fd-46997,server,fe567e1be621747372a03ffd22064e2e,022a4ea6c5577fe6,"{""log"":""17:22:43.400 INFO  f.m.s.BasicServiceImpl#119 TraceID: fe567e1be621747372a03ffd22064e2e SpanID: 022a4ea6c5577fe6 [queryForTravel][all done][result: TravelResult(status=true, percent=1.0, trainType=TrainType(id=e24bb484-516a-4aad-b37f-517e7139e913, name=ZhiDa, economyClass=2147483647, confortClass=2147483647, averageSpeed=120), route=Route(id=0b23bd3e-876a-4af3-b920-c50a90c90b04, stations=[shanghai, nanjing, shijiazhuang, taiyuan], distances=[0, 350, 1000, 1300], startStation=shanghai, endStation=taiyuan), prices={confortClass=350.0, economyClass=122.49999999999999})]\n"",""stream"":""stdout"",""time"":""2025-06-06T09:22:43.400656922Z""}"
2025-06-06T09:22:43.400478392Z,1674984163400478392,33.33.33.76,ts-basic-service-5dc8d4f9fd-46997,server,fe567e1be621747372a03ffd22064e2e,022a4ea6c5577fe6,"{""log"":""17:22:43.400 INFO  f.m.s.BasicServiceImpl#100 TraceID: fe567e1be621747372a03ffd22064e2e SpanID: 022a4ea6c5577fe6 [queryForTravel][calculate price]\n"",""stream"":""stdout"",""time"":""2025-06-06T09:22:43.400478392Z""}"
2025-06-06T09:22:43.400076416Z,1674984163400076416,33.33.33.76,ts-basic-service-5dc8d4f9fd-46997,server,fe567e1be621747372a03ffd22064e2e,022a4ea6c5577fe6,"{""log"":""17:22:43.399 INFO  f.m.s.BasicServiceImpl#454 TraceID: fe567e1be621747372a03ffd22064e2e SpanID: 022a4ea6c5577fe6 [queryPriceConfigByRouteIdAndTrainType][Response Resutl to String][result: Response(status=1, msg=Success, data={id=b90a6ad7-ffad-4624-9655-48e9e185fa6c, trainType=ZhiDa, routeId=0b23bd3e-876a-4af3-b920-c50a90c90b04, basicPriceRate=0.35, firstClassPriceRate=1.0})]\n"",""stream"":""stdout"",""time"":""2025-06-06T09:22:43.400076416Z""}"
2025-06-06T09:22:43.392617869Z,1674984163392617869,33.33.33.76,ts-basic-service-5dc8d4f9fd-46997,server,fe567e1be621747372a03ffd22064e2e,022a4ea6c5577fe6,"{""log"":""17:22:43.392 INFO  f.m.s.BasicServiceImpl#444 TraceID: fe567e1be621747372a03ffd22064e2e SpanID: 022a4ea6c5577fe6 [queryPriceConfigByRouteIdAndTrainType][Query For Price Config][RouteId: 0b23bd3e-876a-4af3-b920-c50a90c90b04 ,TrainType: ZhiDa]\n"",""stream"":""stdout"",""time"":""2025-06-06T09:22:43.392617869Z""}"
2025-06-06T09:22:43.392477469Z,1674984163392477469,33.33.33.76,ts-basic-service-5dc8d4f9fd-46997,server,fe567e1be621747372a03ffd22064e2e,022a4ea6c5577fe6,"{""log"":""17:22:43.392 INFO  f.m.s.BasicServiceImpl#90 TraceID: fe567e1be621747372a03ffd22064e2e SpanID: 022a4ea6c5577fe6 [queryForTravel][query stations and distances][stations: [shanghai, nanjing, shijiazhuang, taiyuan] distances: [0, 350, 1000, 1300]]\n"",""stream"":""stdout"",""time"":""2025-06-06T09:22:43.392477469Z""}"
2025-06-06T09:22:43.392377201Z,1674984163392377201,33.33.33.76,ts-basic-service-5dc8d4f9fd-46997,server,fe567e1be621747372a03ffd22064e2e,022a4ea6c5577fe6,"{""log"":""17:22:43.392 INFO  f.m.s.BasicServiceImpl#89 TraceID: fe567e1be621747372a03ffd22064e2e SpanID: 022a4ea6c5577fe6 [queryForTravel][query start index and end index][indexStart: 0 indexEnd: 1]\n"",""stream"":""stdout"",""time"":""2025-06-06T09:22:43.392377201Z""}"
2025-06-06T09:22:43.39192521Z,1674984163391925210,33.33.33.76,ts-basic-service-5dc8d4f9fd-46997,server,fe567e1be621747372a03ffd22064e2e,022a4ea6c5577fe6,"{""log"":""17:22:43.391 INFO  f.m.s.BasicServiceImpl#438 TraceID: fe567e1be621747372a03ffd22064e2e SpanID: 022a4ea6c5577fe6 [getRouteByRouteId][Get Route By Id][Success]\n"",""stream"":""stdout"",""time"":""2025-06-06T09:22:43.39192521Z""}"
2025-06-06T09:22:43.378321388Z,1674984163378321388,33.33.33.76,ts-basic-service-5dc8d4f9fd-46997,server,fe567e1be621747372a03ffd22064e2e,022a4ea6c5577fe6,"{""log"":""17:22:43.378 INFO  f.m.s.BasicServiceImpl#425 TraceID: fe567e1be621747372a03ffd22064e2e SpanID: 022a4ea6c5577fe6 [getRouteByRouteId][Get Route By Id][Route ID: 0b23bd3e-876a-4af3-b920-c50a90c90b04]\n"",""stream"":""stdout"",""time"":""2025-06-06T09:22:43.378321388Z""}"
2025-06-06T09:22:43.370071671Z,1674984163370071671,33.33.33.76,ts-basic-service-5dc8d4f9fd-46997,server,fe567e1be621747372a03ffd22064e2e,022a4ea6c5577fe6,"{""log"":""17:22:43.369 INFO  f.m.s.BasicServiceImpl#391 TraceID: fe567e1be621747372a03ffd22064e2e SpanID: 022a4ea6c5577fe6 [queryTrainTypeByName][Query Train Type][Train Type name: ZhiDa]\n"",""stream"":""stdout"",""time"":""2025-06-06T09:22:43.370071671Z""}"
2025-06-06T09:22:43.366605964Z,1674984163366605964,33.33.33.76,ts-basic-service-5dc8d4f9fd-46997,server,fe567e1be621747372a03ffd22064e2e,022a4ea6c5577fe6,"{""log"":""17:22:43.366 INFO  f.m.s.BasicServiceImpl#360 TraceID: fe567e1be621747372a03ffd22064e2e SpanID: 022a4ea6c5577fe6 [checkStationExists][Check Station Exists][stationName: nanjing]\n"",""stream"":""stdout"",""time"":""2025-06-06T09:22:43.366605964Z""}"
2025-06-06T09:22:43.362211083Z,1674984163362211083,33.33.33.76,ts-basic-service-5dc8d4f9fd-46997,server,fe567e1be621747372a03ffd22064e2e,022a4ea6c5577fe6,"{""log"":""17:22:43.362 INFO  f.m.s.BasicServiceImpl#360 TraceID: fe567e1be621747372a03ffd22064e2e SpanID: 022a4ea6c5577fe6 [checkStationExists][Check Station Exists][stationName: shanghai]\n"",""stream"":""stdout"",""time"":""2025-06-06T09:22:43.362211083Z""}"
2025-06-06T09:22:43.362113357Z,1674984163362113357,33.33.33.76,ts-basic-service-5dc8d4f9fd-46997,server,fe567e1be621747372a03ffd22064e2e,022a4ea6c5577fe6,"{""log"":""17:22:43.361 INFO  f.m.c.BasicController#38 TraceID: fe567e1be621747372a03ffd22064e2e SpanID: 022a4ea6c5577fe6 [queryForTravel][Query for travel][Travel: Travel(trip=Trip(id=8a533bf9-bd12-4608-a8eb-606890982448, tripId=Z1234, trainTypeName=ZhiDa, routeId=0b23bd3e-876a-4af3-b920-c50a90c90b04, startStationName=shanghai, stationsName=nanjing, terminalStationName=beijing, startTime=2013-05-04 09:51:52, endTime=2013-05-04 15:51:52), startPlace=shanghai, endPlace=nanjing, departureTime=2023-01-29 17:22:43)]\n"",""stream"":""stdout"",""time"":""2025-06-06T09:22:43.362113357Z""}"
2025-06-06T09:22:43.050652931Z,1674984163050652931,33.33.33.76,ts-basic-service-5dc8d4f9fd-46997,server,fe567e1be621747372a03ffd22064e2e,a7641a9225c404bb,"{""log"":""17:22:43.050 INFO  f.m.s.BasicServiceImpl#119 TraceID: fe567e1be621747372a03ffd22064e2e SpanID: a7641a9225c404bb [queryForTravel][all done][result: TravelResult(status=true, percent=1.0, trainType=TrainType(id=e24bb484-516a-4aad-b37f-517e7139e913, name=ZhiDa, economyClass=2147483647, confortClass=2147483647, averageSpeed=120), route=Route(id=0b23bd3e-876a-4af3-b920-c50a90c90b04, stations=[shanghai, nanjing, shijiazhuang, taiyuan], distances=[0, 350, 1000, 1300], startStation=shanghai, endStation=taiyuan), prices={confortClass=350.0, economyClass=122.49999999999999})]\n"",""stream"":""stdout"",""time"":""2025-06-06T09:22:43.050652931Z""}"
2025-06-06T09:22:43.050484507Z,1674984163050484507,33.33.33.76,ts-basic-service-5dc8d4f9fd-46997,server,fe567e1be621747372a03ffd22064e2e,a7641a9225c404bb,"{""log"":""17:22:43.050 INFO  f.m.s.BasicServiceImpl#100 TraceID: fe567e1be621747372a03ffd22064e2e SpanID: a7641a9225c404bb [queryForTravel][calculate price]\n"",""stream"":""stdout"",""time"":""2025-06-06T09:22:43.050484507Z""}"
2025-06-06T09:22:43.050128474Z,1674984163050128474,33.33.33.76,ts-basic-service-5dc8d4f9fd-46997,server,fe567e1be621747372a03ffd22064e2e,a7641a9225c404bb,"{""log"":""17:22:43.049 INFO  f.m.s.BasicServiceImpl#454 TraceID: fe567e1be621747372a03ffd22064e2e SpanID: a7641a9225c404bb [queryPriceConfigByRouteIdAndTrainType][Response Resutl to String][result: Response(status=1, msg=Success, data={id=b90a6ad7-ffad-4624-9655-48e9e185fa6c, trainType=ZhiDa, routeId=0b23bd3e-876a-4af3-b920-c50a90c90b04, basicPriceRate=0.35, firstClassPriceRate=1.0})]\n"",""stream"":""stdout"",""time"":""2025-06-06T09:22:43.050128474Z""}"
2025-06-06T09:22:43.040839664Z,1674984163040839664,33.33.33.76,ts-basic-service-5dc8d4f9fd-46997,server,fe567e1be621747372a03ffd22064e2e,a7641a9225c404bb,"{""log"":""17:22:43.040 INFO  f.m.s.BasicServiceImpl#444 TraceID: fe567e1be621747372a03ffd22064e2e SpanID: a7641a9225c404bb [queryPriceConfigByRouteIdAndTrainType][Query For Price Config][RouteId: 0b23bd3e-876a-4af3-b920-c50a90c90b04 ,TrainType: ZhiDa]\n"",""stream"":""stdout"",""time"":""2025-06-06T09:22:43.040839664Z""}"
2025-06-06T09:22:43.040687122Z,1674984163040687122,33.33.33.76,ts-basic-service-5dc8d4f9fd-46997,server,fe567e1be621747372a03ffd22064e2e,a7641a9225c404bb,"{""log"":""17:22:43.040 INFO  f.m.s.BasicServiceImpl#90 TraceID: fe567e1be621747372a03ffd22064e2e SpanID: a7641a9225c404bb [queryForTravel][query stations and distances][stations: [shanghai, nanjing, shijiazhuang, taiyuan] distances: [0, 350, 1000, 1300]]\n"",""stream"":""stdout"",""time"":""2025-06-06T09:22:43.040687122Z""}"
2025-06-06T09:22:43.040585154Z,1674984163040585154,33.33.33.76,ts-basic-service-5dc8d4f9fd-46997,server,fe567e1be621747372a03ffd22064e2e,a7641a9225c404bb,"{""log"":""17:22:43.040 INFO  f.m.s.BasicServiceImpl#89 TraceID: fe567e1be621747372a03ffd22064e2e SpanID: a7641a9225c404bb [queryForTravel][query start index and end index][indexStart: 0 indexEnd: 1]\n"",""stream"":""stdout"",""time"":""2025-06-06T09:22:43.040585154Z""}"
2025-06-06T09:22:43.04001004Z,1674984163040010040,33.33.33.76,ts-basic-service-5dc8d4f9fd-46997,server,fe567e1be621747372a03ffd22064e2e,a7641a9225c404bb,"{""log"":""17:22:43.039 INFO  f.m.s.BasicServiceImpl#438 TraceID: fe567e1be621747372a03ffd22064e2e SpanID: a7641a9225c404bb [getRouteByRouteId][Get Route By Id][Success]\n"",""stream"":""stdout"",""time"":""2025-06-06T09:22:43.04001004Z""}"
2025-06-06T09:22:42.556187252Z,1674984162556187252,33.33.33.76,ts-basic-service-5dc8d4f9fd-46997,server,fe567e1be621747372a03ffd22064e2e,a7641a9225c404bb,"{""log"":""17:22:42.555 INFO  f.m.s.BasicServiceImpl#425 TraceID: fe567e1be621747372a03ffd22064e2e SpanID: a7641a9225c404bb [getRouteByRouteId][Get Route By Id][Route ID: 0b23bd3e-876a-4af3-b920-c50a90c90b04]\n"",""stream"":""stdout"",""time"":""2025-06-06T09:22:42.556187252Z""}"
2025-06-06T09:22:42.548972348Z,1674984162548972348,33.33.33.76,ts-basic-service-5dc8d4f9fd-46997,server,fe567e1be621747372a03ffd22064e2e,a7641a9225c404bb,"{""log"":""17:22:42.548 INFO  f.m.s.BasicServiceImpl#391 TraceID: fe567e1be621747372a03ffd22064e2e SpanID: a7641a9225c404bb [queryTrainTypeByName][Query Train Type][Train Type name: ZhiDa]\n"",""stream"":""stdout"",""time"":""2025-06-06T09:22:42.548972348Z""}"
2025-06-06T09:22:42.545540735Z,1674984162545540735,33.33.33.76,ts-basic-service-5dc8d4f9fd-46997,server,fe567e1be621747372a03ffd22064e2e,a7641a9225c404bb,"{""log"":""17:22:42.545 INFO  f.m.s.BasicServiceImpl#360 TraceID: fe567e1be621747372a03ffd22064e2e SpanID: a7641a9225c404bb [checkStationExists][Check Station Exists][stationName: nanjing]\n"",""stream"":""stdout"",""time"":""2025-06-06T09:22:42.545540735Z""}"
2025-06-06T09:22:42.540116118Z,1674984162540116118,33.33.33.76,ts-basic-service-5dc8d4f9fd-46997,server,fe567e1be621747372a03ffd22064e2e,a7641a9225c404bb,"{""log"":""17:22:42.539 INFO  f.m.s.BasicServiceImpl#360 TraceID: fe567e1be621747372a03ffd22064e2e SpanID: a7641a9225c404bb [checkStationExists][Check Station Exists][stationName: shanghai]\n"",""stream"":""stdout"",""time"":""2025-06-06T09:22:42.540116118Z""}"
2025-06-06T09:22:42.539981077Z,1674984162539981077,33.33.33.76,ts-basic-service-5dc8d4f9fd-46997,server,fe567e1be621747372a03ffd22064e2e,a7641a9225c404bb,"{""log"":""17:22:42.539 INFO  f.m.c.BasicController#38 TraceID: fe567e1be621747372a03ffd22064e2e SpanID: a7641a9225c404bb [queryForTravel][Query for travel][Travel: Travel(trip=Trip(id=8a533bf9-bd12-4608-a8eb-606890982448, tripId=Z1234, trainTypeName=ZhiDa, routeId=0b23bd3e-876a-4af3-b920-c50a90c90b04, startStationName=shanghai, stationsName=nanjing, terminalStationName=beijing, startTime=2013-05-04 09:51:52, endTime=2013-05-04 15:51:52), startPlace=shanghai, endPlace=nanjing, departureTime=2023-01-29)]\n"",""stream"":""stdout"",""time"":""2025-06-06T09:22:42.539981077Z""}"
2025-06-06T09:22:50.83528123Z,1674984170835281230,33.33.33.116,ts-travel-service-64469b5b48-25zj6,server,019bf54d49c891c721f0ffd34713fe70,c451ac993f63ecf0,"{""log"":""17:22:50.835 INFO  t.s.TravelServiceImpl#532 TraceID: 019bf54d49c891c721f0ffd34713fe70 SpanID: c451ac993f63ecf0 [getRouteByRouteId][Get Route By Id][Route is: Route(id=f3d4d4ef-693b-4456-8eed-59c0d717dd08, stations=[shanghai, suzhou], distances=[0, 50], startStation=shanghai, endStation=suzhou)]\n"",""stream"":""stdout"",""time"":""2025-06-06T09:22:50.83528123Z""}"
2025-06-06T09:22:50.834771865Z,1674984170834771865,33.33.33.116,ts-travel-service-64469b5b48-25zj6,server,019bf54d49c891c721f0ffd34713fe70,c451ac993f63ecf0,"{""log"":""17:22:50.834 INFO  t.s.TravelServiceImpl#529 TraceID: 019bf54d49c891c721f0ffd34713fe70 SpanID: c451ac993f63ecf0 [getRouteByRouteId][Get Route By Id][Routes Response is : Response(status=1, msg=Success, data={id=f3d4d4ef-693b-4456-8eed-59c0d717dd08, stations=[shanghai, suzhou], distances=[0, 50], startStation=shanghai, endStation=suzhou})]\n"",""stream"":""stdout"",""time"":""2025-06-06T09:22:50.834771865Z""}"
2025-06-06T09:22:50.8187522Z,1674984170818752200,33.33.33.116,ts-travel-service-64469b5b48-25zj6,server,019bf54d49c891c721f0ffd34713fe70,c451ac993f63ecf0,"{""log"":""17:22:50.818 INFO  t.s.TravelServiceImpl#518 TraceID: 019bf54d49c891c721f0ffd34713fe70 SpanID: c451ac993f63ecf0 [getRouteByRouteId][Get Route By Id][Route ID：f3d4d4ef-693b-4456-8eed-59c0d717dd08]\n"",""stream"":""stdout"",""time"":""2025-06-06T09:22:50.8187522Z""}"
2025-06-06T09:22:50.817391423Z,1674984170817391423,33.33.33.116,ts-travel-service-64469b5b48-25zj6,server,019bf54d49c891c721f0ffd34713fe70,c451ac993f63ecf0,"{""log"":""17:22:50.816 INFO  t.c.TravelController#53 TraceID: 019bf54d49c891c721f0ffd34713fe70 SpanID: c451ac993f63ecf0 [getRouteByTripId][Get Route By Trip ID][TripId: D1345]\n"",""stream"":""stdout"",""time"":""2025-06-06T09:22:50.817391423Z""}"
2025-06-06T09:22:50.808120681Z,1674984170808120681,33.33.33.74,ts-train-food-service-59bbbdd99b-b67ts,server,019bf54d49c891c721f0ffd34713fe70,1cb9b2ed9be56e98,"{""log"":""17:22:50.807 INFO  t.c.TrainFoodController#37 TraceID: 019bf54d49c891c721f0ffd34713fe70 SpanID: 1cb9b2ed9be56e98 [Food Map Service][Get TrainFoods By TripId]\n"",""stream"":""stdout"",""time"":""2025-06-06T09:22:50.808120681Z""}"
2025-06-06T09:22:50.848601668Z,1674984170848601668,33.33.33.80,ts-station-food-service-dc4d75dd-fw6ft,server,019bf54d49c891c721f0ffd34713fe70,d838a5111bf4b8fc,"{""log"":""17:22:50.846 INFO  f.c.StationFoodController#46 TraceID: 019bf54d49c891c721f0ffd34713fe70 SpanID: d838a5111bf4b8fc [Food Map Service][Get FoodStores By StationNames]\n"",""stream"":""stdout"",""time"":""2025-06-06T09:22:50.848601668Z""}"
2025-06-06T09:22:50.824443565Z,1674984170824443565,33.33.33.80,ts-route-service-b6c59fb57-zv8dt,server,019bf54d49c891c721f0ffd34713fe70,ccf07b88c958ae6e,"{""log"":""17:22:50.823 INFO  r.c.RouteController#47 TraceID: 019bf54d49c891c721f0ffd34713fe70 SpanID: ccf07b88c958ae6e [getRouteById][Query route by id][RouteId: f3d4d4ef-693b-4456-8eed-59c0d717dd08]\n"",""stream"":""stdout"",""time"":""2025-06-06T09:22:50.824443565Z""}"
2025-06-06T09:22:50.858128161Z,1674984170858128161,33.33.33.155,ts-food-service-f5756978c-k8vqf,server,019bf54d49c891c721f0ffd34713fe70,857c48356fc7982a,"{""log"":""17:22:50.857 ERROR f.s.FoodServiceImpl#302 TraceID: 019bf54d49c891c721f0ffd34713fe70 SpanID: 857c48356fc7982a [getAllFood][Get the Get Food Request Failed!][foodStoresListResult is null][date: 2021-07-14, tripId: D1345]\n"",""stream"":""stdout"",""time"":""2025-06-06T09:22:50.858128161Z""}"
2025-06-06T09:22:50.813609034Z,1674984170813609034,33.33.33.155,ts-food-service-f5756978c-k8vqf,server,019bf54d49c891c721f0ffd34713fe70,857c48356fc7982a,"{""log"":""17:22:50.813 INFO  f.s.FoodServiceImpl#243 TraceID: 019bf54d49c891c721f0ffd34713fe70 SpanID: 857c48356fc7982a [getAllFood][Get Train Food List!]\n"",""stream"":""stdout"",""time"":""2025-06-06T09:22:50.813609034Z""}"
2025-06-06T09:22:50.813481765Z,1674984170813481765,33.33.33.155,ts-food-service-f5756978c-k8vqf,server,019bf54d49c891c721f0ffd34713fe70,857c48356fc7982a,"{""log"":""17:22:50.813 INFO  f.s.FoodServiceImpl#240 TraceID: 019bf54d49c891c721f0ffd34713fe70 SpanID: 857c48356fc7982a [getAllFood][Get Train Food Start!]\n"",""stream"":""stdout"",""time"":""2025-06-06T09:22:50.813481765Z""}"
2025-06-06T09:22:50.802653803Z,1674984170802653803,33.33.33.155,ts-food-service-f5756978c-k8vqf,server,019bf54d49c891c721f0ffd34713fe70,857c48356fc7982a,"{""log"":""17:22:50.802 INFO  f.s.FoodServiceImpl#214 TraceID: 019bf54d49c891c721f0ffd34713fe70 SpanID: 857c48356fc7982a [getAllFood][get All Food with info][data:2021-07-14 start:Shang Hai end:Su Zhou tripid:D1345]\n"",""stream"":""stdout"",""time"":""2025-06-06T09:22:50.802653803Z""}"
2025-06-06T09:22:50.802508469Z,1674984170802508469,33.33.33.155,ts-food-service-f5756978c-k8vqf,server,019bf54d49c891c721f0ffd34713fe70,857c48356fc7982a,"{""log"":""17:22:50.801 INFO  f.c.FoodController#93 TraceID: 019bf54d49c891c721f0ffd34713fe70 SpanID: 857c48356fc7982a [getAllFood][Get Food Request!]\n"",""stream"":""stdout"",""time"":""2025-06-06T09:22:50.802508469Z""}"
2025-06-06T09:22:12.019078995Z,1674984132019078995,33.33.33.116,ts-travel-service-64469b5b48-25zj6,server,8fd01613eb0f1ba420b5845cd5e5e003,c9ee839a336e4d29,"{""log"":""17:22:12.018 INFO  t.s.TravelServiceImpl#532 TraceID: 8fd01613eb0f1ba420b5845cd5e5e003 SpanID: c9ee839a336e4d29 [getRouteByRouteId][Get Route By Id][Route is: Route(id=f3d4d4ef-693b-4456-8eed-59c0d717dd08, stations=[shanghai, suzhou], distances=[0, 50], startStation=shanghai, endStation=suzhou)]\n"",""stream"":""stdout"",""time"":""2025-06-06T09:22:12.019078995Z""}"
2025-06-06T09:22:12.018363617Z,1674984132018363617,33.33.33.116,ts-travel-service-64469b5b48-25zj6,server,8fd01613eb0f1ba420b5845cd5e5e003,c9ee839a336e4d29,"{""log"":""17:22:12.018 INFO  t.s.TravelServiceImpl#529 TraceID: 8fd01613eb0f1ba420b5845cd5e5e003 SpanID: c9ee839a336e4d29 [getRouteByRouteId][Get Route By Id][Routes Response is : Response(status=1, msg=Success, data={id=f3d4d4ef-693b-4456-8eed-59c0d717dd08, stations=[shanghai, suzhou], distances=[0, 50], startStation=shanghai, endStation=suzhou})]\n"",""stream"":""stdout"",""time"":""2025-06-06T09:22:12.018363617Z""}"
2025-06-06T09:22:11.999912855Z,1674984131999912855,33.33.33.116,ts-travel-service-64469b5b48-25zj6,server,8fd01613eb0f1ba420b5845cd5e5e003,c9ee839a336e4d29,"{""log"":""17:22:11.999 INFO  t.s.TravelServiceImpl#518 TraceID: 8fd01613eb0f1ba420b5845cd5e5e003 SpanID: c9ee839a336e4d29 [getRouteByRouteId][Get Route By Id][Route ID：f3d4d4ef-693b-4456-8eed-59c0d717dd08]\n"",""stream"":""stdout"",""time"":""2025-06-06T09:22:11.999912855Z""}"
2025-06-06T09:22:11.998139521Z,1674984131998139521,33.33.33.116,ts-travel-service-64469b5b48-25zj6,server,8fd01613eb0f1ba420b5845cd5e5e003,c9ee839a336e4d29,"{""log"":""17:22:11.997 INFO  t.c.TravelController#53 TraceID: 8fd01613eb0f1ba420b5845cd5e5e003 SpanID: c9ee839a336e4d29 [getRouteByTripId][Get Route By Trip ID][TripId: D1345]\n"",""stream"":""stdout"",""time"":""2025-06-06T09:22:11.998139521Z""}"
2025-06-06T09:22:11.987581786Z,1674984131987581786,33.33.33.74,ts-train-food-service-59bbbdd99b-b67ts,server,8fd01613eb0f1ba420b5845cd5e5e003,61ab8509724dd83a,"{""log"":""17:22:11.986 INFO  t.c.TrainFoodController#37 TraceID: 8fd01613eb0f1ba420b5845cd5e5e003 SpanID: 61ab8509724dd83a [Food Map Service][Get TrainFoods By TripId]\n"",""stream"":""stdout"",""time"":""2025-06-06T09:22:11.987581786Z""}"
2025-06-06T09:22:12.032981583Z,1674984132032981583,33.33.33.80,ts-station-food-service-dc4d75dd-fw6ft,server,8fd01613eb0f1ba420b5845cd5e5e003,b7d7bb1686afefa0,"{""log"":""17:22:12.031 INFO  f.c.StationFoodController#46 TraceID: 8fd01613eb0f1ba420b5845cd5e5e003 SpanID: b7d7bb1686afefa0 [Food Map Service][Get FoodStores By StationNames]\n"",""stream"":""stdout"",""time"":""2025-06-06T09:22:12.032981583Z""}"
2025-06-06T09:22:12.007428459Z,1674984132007428459,33.33.33.80,ts-route-service-b6c59fb57-zv8dt,server,8fd01613eb0f1ba420b5845cd5e5e003,b3d5320c0d9f480e,"{""log"":""17:22:12.006 INFO  r.c.RouteController#47 TraceID: 8fd01613eb0f1ba420b5845cd5e5e003 SpanID: b3d5320c0d9f480e [getRouteById][Query route by id][RouteId: f3d4d4ef-693b-4456-8eed-59c0d717dd08]\n"",""stream"":""stdout"",""time"":""2025-06-06T09:22:12.007428459Z""}"
2025-06-06T09:22:12.043147765Z,1674984132043147765,33.33.33.155,ts-food-service-f5756978c-k8vqf,server,8fd01613eb0f1ba420b5845cd5e5e003,8763dadb2bb25210,"{""log"":""17:22:12.042 ERROR f.s.FoodServiceImpl#302 TraceID: 8fd01613eb0f1ba420b5845cd5e5e003 SpanID: 8763dadb2bb25210 [getAllFood][Get the Get Food Request Failed!][foodStoresListResult is null][date: 2021-07-14, tripId: D1345]\n"",""stream"":""stdout"",""time"":""2025-06-06T09:22:12.043147765Z""}"
2025-06-06T09:22:11.993634841Z,1674984131993634841,33.33.33.155,ts-food-service-f5756978c-k8vqf,server,8fd01613eb0f1ba420b5845cd5e5e003,8763dadb2bb25210,"{""log"":""17:22:11.993 INFO  f.s.FoodServiceImpl#243 TraceID: 8fd01613eb0f1ba420b5845cd5e5e003 SpanID: 8763dadb2bb25210 [getAllFood][Get Train Food List!]\n"",""stream"":""stdout"",""time"":""2025-06-06T09:22:11.993634841Z""}"
2025-06-06T09:22:11.993499627Z,1674984131993499627,33.33.33.155,ts-food-service-f5756978c-k8vqf,server,8fd01613eb0f1ba420b5845cd5e5e003,8763dadb2bb25210,"{""log"":""17:22:11.993 INFO  f.s.FoodServiceImpl#240 TraceID: 8fd01613eb0f1ba420b5845cd5e5e003 SpanID: 8763dadb2bb25210 [getAllFood][Get Train Food Start!]\n"",""stream"":""stdout"",""time"":""2025-06-06T09:22:11.993499627Z""}"
2025-06-06T09:22:11.979706667Z,1674984131979706667,33.33.33.155,ts-food-service-f5756978c-k8vqf,server,8fd01613eb0f1ba420b5845cd5e5e003,8763dadb2bb25210,"{""log"":""17:22:11.979 INFO  f.s.FoodServiceImpl#214 TraceID: 8fd01613eb0f1ba420b5845cd5e5e003 SpanID: 8763dadb2bb25210 [getAllFood][get All Food with info][data:2021-07-14 start:Shang Hai end:Su Zhou tripid:D1345]\n"",""stream"":""stdout"",""time"":""2025-06-06T09:22:11.979706667Z""}"
2025-06-06T09:22:11.979538407Z,1674984131979538407,33.33.33.155,ts-food-service-f5756978c-k8vqf,server,8fd01613eb0f1ba420b5845cd5e5e003,8763dadb2bb25210,"{""log"":""17:22:11.978 INFO  f.c.FoodController#93 TraceID: 8fd01613eb0f1ba420b5845cd5e5e003 SpanID: 8763dadb2bb25210 [getAllFood][Get Food Request!]\n"",""stream"":""stdout"",""time"":""2025-06-06T09:22:11.979538407Z""}"
2025-06-06T09:22:43.57246171Z,1674984163572461710,33.33.33.116,ts-travel-service-64469b5b48-25zj6,server,66b4a4c332bebbeed143a17d68c56a48,164e47c92d5aa072,"{""log"":""17:22:43.572 INFO  t.s.TravelServiceImpl#532 TraceID: 66b4a4c332bebbeed143a17d68c56a48 SpanID: 164e47c92d5aa072 [getRouteByRouteId][Get Route By Id][Route is: Route(id=f3d4d4ef-693b-4456-8eed-59c0d717dd08, stations=[shanghai, suzhou], distances=[0, 50], startStation=shanghai, endStation=suzhou)]\n"",""stream"":""stdout"",""time"":""2025-06-06T09:22:43.57246171Z""}"
2025-06-06T09:22:43.571947553Z,1674984163571947553,33.33.33.116,ts-travel-service-64469b5b48-25zj6,server,66b4a4c332bebbeed143a17d68c56a48,164e47c92d5aa072,"{""log"":""17:22:43.571 INFO  t.s.TravelServiceImpl#529 TraceID: 66b4a4c332bebbeed143a17d68c56a48 SpanID: 164e47c92d5aa072 [getRouteByRouteId][Get Route By Id][Routes Response is : Response(status=1, msg=Success, data={id=f3d4d4ef-693b-4456-8eed-59c0d717dd08, stations=[shanghai, suzhou], distances=[0, 50], startStation=shanghai, endStation=suzhou})]\n"",""stream"":""stdout"",""time"":""2025-06-06T09:22:43.571947553Z""}"
2025-06-06T09:22:43.557501275Z,1674984163557501275,33.33.33.116,ts-travel-service-64469b5b48-25zj6,server,66b4a4c332bebbeed143a17d68c56a48,164e47c92d5aa072,"{""log"":""17:22:43.557 INFO  t.s.TravelServiceImpl#518 TraceID: 66b4a4c332bebbeed143a17d68c56a48 SpanID: 164e47c92d5aa072 [getRouteByRouteId][Get Route By Id][Route ID：f3d4d4ef-693b-4456-8eed-59c0d717dd08]\n"",""stream"":""stdout"",""time"":""2025-06-06T09:22:43.557501275Z""}"
2025-06-06T09:22:43.55598694Z,1674984163555986940,33.33.33.116,ts-travel-service-64469b5b48-25zj6,server,66b4a4c332bebbeed143a17d68c56a48,164e47c92d5aa072,"{""log"":""17:22:43.555 INFO  t.c.TravelController#53 TraceID: 66b4a4c332bebbeed143a17d68c56a48 SpanID: 164e47c92d5aa072 [getRouteByTripId][Get Route By Trip ID][TripId: D1345]\n"",""stream"":""stdout"",""time"":""2025-06-06T09:22:43.55598694Z""}"
2025-06-06T09:22:43.54257973Z,1674984163542579730,33.33.33.74,ts-train-food-service-59bbbdd99b-b67ts,server,66b4a4c332bebbeed143a17d68c56a48,7091701570717500,"{""log"":""17:22:43.541 INFO  t.c.TrainFoodController#37 TraceID: 66b4a4c332bebbeed143a17d68c56a48 SpanID: 7091701570717500 [Food Map Service][Get TrainFoods By TripId]\n"",""stream"":""stdout"",""time"":""2025-06-06T09:22:43.54257973Z""}"
2025-06-06T09:22:43.606619718Z,1674984163606619718,33.33.33.80,ts-station-food-service-dc4d75dd-fw6ft,server,66b4a4c332bebbeed143a17d68c56a48,f377540022807d62,"{""log"":""17:22:43.605 INFO  f.c.StationFoodController#46 TraceID: 66b4a4c332bebbeed143a17d68c56a48 SpanID: f377540022807d62 [Food Map Service][Get FoodStores By StationNames]\n"",""stream"":""stdout"",""time"":""2025-06-06T09:22:43.606619718Z""}"
2025-06-06T09:22:43.563329151Z,1674984163563329151,33.33.33.80,ts-route-service-b6c59fb57-zv8dt,server,66b4a4c332bebbeed143a17d68c56a48,91d085805446b1fb,"{""log"":""17:22:43.562 INFO  r.c.RouteController#47 TraceID: 66b4a4c332bebbeed143a17d68c56a48 SpanID: 91d085805446b1fb [getRouteById][Query route by id][RouteId: f3d4d4ef-693b-4456-8eed-59c0d717dd08]\n"",""stream"":""stdout"",""time"":""2025-06-06T09:22:43.563329151Z""}"
2025-06-06T09:22:43.617099972Z,1674984163617099972,33.33.33.155,ts-food-service-f5756978c-k8vqf,server,66b4a4c332bebbeed143a17d68c56a48,11a9eda5d179a057,"{""log"":""17:22:43.616 ERROR f.s.FoodServiceImpl#302 TraceID: 66b4a4c332bebbeed143a17d68c56a48 SpanID: 11a9eda5d179a057 [getAllFood][Get the Get Food Request Failed!][foodStoresListResult is null][date: 2021-07-14, tripId: D1345]\n"",""stream"":""stdout"",""time"":""2025-06-06T09:22:43.617099972Z""}"
2025-06-06T09:22:43.551688094Z,1674984163551688094,33.33.33.155,ts-food-service-f5756978c-k8vqf,server,66b4a4c332bebbeed143a17d68c56a48,11a9eda5d179a057,"{""log"":""17:22:43.551 INFO  f.s.FoodServiceImpl#243 TraceID: 66b4a4c332bebbeed143a17d68c56a48 SpanID: 11a9eda5d179a057 [getAllFood][Get Train Food List!]\n"",""stream"":""stdout"",""time"":""2025-06-06T09:22:43.551688094Z""}"
2025-06-06T09:22:43.551552744Z,1674984163551552744,33.33.33.155,ts-food-service-f5756978c-k8vqf,server,66b4a4c332bebbeed143a17d68c56a48,11a9eda5d179a057,"{""log"":""17:22:43.551 INFO  f.s.FoodServiceImpl#240 TraceID: 66b4a4c332bebbeed143a17d68c56a48 SpanID: 11a9eda5d179a057 [getAllFood][Get Train Food Start!]\n"",""stream"":""stdout"",""time"":""2025-06-06T09:22:43.551552744Z""}"
2025-06-06T09:22:43.531225232Z,1674984163531225232,33.33.33.155,ts-food-service-f5756978c-k8vqf,server,66b4a4c332bebbeed143a17d68c56a48,11a9eda5d179a057,"{""log"":""17:22:43.530 INFO  f.s.FoodServiceImpl#214 TraceID: 66b4a4c332bebbeed143a17d68c56a48 SpanID: 11a9eda5d179a057 [getAllFood][get All Food with info][data:2021-07-14 start:Shang Hai end:Su Zhou tripid:D1345]\n"",""stream"":""stdout"",""time"":""2025-06-06T09:22:43.531225232Z""}"
2025-06-06T09:22:43.531028722Z,1674984163531028722,33.33.33.155,ts-food-service-f5756978c-k8vqf,server,66b4a4c332bebbeed143a17d68c56a48,11a9eda5d179a057,"{""log"":""17:22:43.530 INFO  f.c.FoodController#93 TraceID: 66b4a4c332bebbeed143a17d68c56a48 SpanID: 11a9eda5d179a057 [getAllFood][Get Food Request!]\n"",""stream"":""stdout"",""time"":""2025-06-06T09:22:43.531028722Z""}"
2025-06-06T09:22:29.935142647Z,1674984149935142647,33.33.33.116,ts-travel-service-64469b5b48-25zj6,server,61e5c665cd85c743fbad4c0af2d9f186,3c465fa7b81ac0af,"{""log"":""17:22:29.934 INFO  t.s.TravelServiceImpl#532 TraceID: 61e5c665cd85c743fbad4c0af2d9f186 SpanID: 3c465fa7b81ac0af [getRouteByRouteId][Get Route By Id][Route is: Route(id=f3d4d4ef-693b-4456-8eed-59c0d717dd08, stations=[shanghai, suzhou], distances=[0, 50], startStation=shanghai, endStation=suzhou)]\n"",""stream"":""stdout"",""time"":""2025-06-06T09:22:29.935142647Z""}"
2025-06-06T09:22:29.934618876Z,1674984149934618876,33.33.33.116,ts-travel-service-64469b5b48-25zj6,server,61e5c665cd85c743fbad4c0af2d9f186,3c465fa7b81ac0af,"{""log"":""17:22:29.934 INFO  t.s.TravelServiceImpl#529 TraceID: 61e5c665cd85c743fbad4c0af2d9f186 SpanID: 3c465fa7b81ac0af [getRouteByRouteId][Get Route By Id][Routes Response is : Response(status=1, msg=Success, data={id=f3d4d4ef-693b-4456-8eed-59c0d717dd08, stations=[shanghai, suzhou], distances=[0, 50], startStation=shanghai, endStation=suzhou})]\n"",""stream"":""stdout"",""time"":""2025-06-06T09:22:29.934618876Z""}"
2025-06-06T09:22:29.922076107Z,1674984149922076107,33.33.33.116,ts-travel-service-64469b5b48-25zj6,server,61e5c665cd85c743fbad4c0af2d9f186,3c465fa7b81ac0af,"{""log"":""17:22:29.921 INFO  t.s.TravelServiceImpl#518 TraceID: 61e5c665cd85c743fbad4c0af2d9f186 SpanID: 3c465fa7b81ac0af [getRouteByRouteId][Get Route By Id][Route ID：f3d4d4ef-693b-4456-8eed-59c0d717dd08]\n"",""stream"":""stdout"",""time"":""2025-06-06T09:22:29.922076107Z""}"
2025-06-06T09:22:29.920677352Z,1674984149920677352,33.33.33.116,ts-travel-service-64469b5b48-25zj6,server,61e5c665cd85c743fbad4c0af2d9f186,3c465fa7b81ac0af,"{""log"":""17:22:29.920 INFO  t.c.TravelController#53 TraceID: 61e5c665cd85c743fbad4c0af2d9f186 SpanID: 3c465fa7b81ac0af [getRouteByTripId][Get Route By Trip ID][TripId: D1345]\n"",""stream"":""stdout"",""time"":""2025-06-06T09:22:29.920677352Z""}"
2025-06-06T09:22:29.910085354Z,1674984149910085354,33.33.33.74,ts-train-food-service-59bbbdd99b-b67ts,server,61e5c665cd85c743fbad4c0af2d9f186,155c9f6414ec4865,"{""log"":""17:22:29.909 INFO  t.c.TrainFoodController#37 TraceID: 61e5c665cd85c743fbad4c0af2d9f186 SpanID: 155c9f6414ec4865 [Food Map Service][Get TrainFoods By TripId]\n"",""stream"":""stdout"",""time"":""2025-06-06T09:22:29.910085354Z""}"
2025-06-06T09:22:29.943984989Z,1674984149943984989,33.33.33.80,ts-station-food-service-dc4d75dd-fw6ft,server,61e5c665cd85c743fbad4c0af2d9f186,ff4b20e403458918,"{""log"":""17:22:29.942 INFO  f.c.StationFoodController#46 TraceID: 61e5c665cd85c743fbad4c0af2d9f186 SpanID: ff4b20e403458918 [Food Map Service][Get FoodStores By StationNames]\n"",""stream"":""stdout"",""time"":""2025-06-06T09:22:29.943984989Z""}"
2025-06-06T09:22:29.926483397Z,1674984149926483397,33.33.33.80,ts-route-service-b6c59fb57-zv8dt,server,61e5c665cd85c743fbad4c0af2d9f186,7bc8558adf4cac45,"{""log"":""17:22:29.925 INFO  r.c.RouteController#47 TraceID: 61e5c665cd85c743fbad4c0af2d9f186 SpanID: 7bc8558adf4cac45 [getRouteById][Query route by id][RouteId: f3d4d4ef-693b-4456-8eed-59c0d717dd08]\n"",""stream"":""stdout"",""time"":""2025-06-06T09:22:29.926483397Z""}"
2025-06-06T09:22:29.951362293Z,1674984149951362293,33.33.33.155,ts-food-service-f5756978c-k8vqf,server,61e5c665cd85c743fbad4c0af2d9f186,824a8cc3c156572d,"{""log"":""17:22:29.950 ERROR f.s.FoodServiceImpl#302 TraceID: 61e5c665cd85c743fbad4c0af2d9f186 SpanID: 824a8cc3c156572d [getAllFood][Get the Get Food Request Failed!][foodStoresListResult is null][date: 2021-07-14, tripId: D1345]\n"",""stream"":""stdout"",""time"":""2025-06-06T09:22:29.951362293Z""}"
2025-06-06T09:22:29.917012399Z,1674984149917012399,33.33.33.155,ts-food-service-f5756978c-k8vqf,server,61e5c665cd85c743fbad4c0af2d9f186,824a8cc3c156572d,"{""log"":""17:22:29.916 INFO  f.s.FoodServiceImpl#243 TraceID: 61e5c665cd85c743fbad4c0af2d9f186 SpanID: 824a8cc3c156572d [getAllFood][Get Train Food List!]\n"",""stream"":""stdout"",""time"":""2025-06-06T09:22:29.917012399Z""}"
2025-06-06T09:22:29.916852484Z,1674984149916852484,33.33.33.155,ts-food-service-f5756978c-k8vqf,server,61e5c665cd85c743fbad4c0af2d9f186,824a8cc3c156572d,"{""log"":""17:22:29.916 INFO  f.s.FoodServiceImpl#240 TraceID: 61e5c665cd85c743fbad4c0af2d9f186 SpanID: 824a8cc3c156572d [getAllFood][Get Train Food Start!]\n"",""stream"":""stdout"",""time"":""2025-06-06T09:22:29.916852484Z""}"
2025-06-06T09:22:29.903810186Z,1674984149903810186,33.33.33.155,ts-food-service-f5756978c-k8vqf,server,61e5c665cd85c743fbad4c0af2d9f186,824a8cc3c156572d,"{""log"":""17:22:29.903 INFO  f.s.FoodServiceImpl#214 TraceID: 61e5c665cd85c743fbad4c0af2d9f186 SpanID: 824a8cc3c156572d [getAllFood][get All Food with info][data:2021-07-14 start:Shang Hai end:Su Zhou tripid:D1345]\n"",""stream"":""stdout"",""time"":""2025-06-06T09:22:29.903810186Z""}"
2025-06-06T09:22:29.903687166Z,1674984149903687166,33.33.33.155,ts-food-service-f5756978c-k8vqf,server,61e5c665cd85c743fbad4c0af2d9f186,824a8cc3c156572d,"{""log"":""17:22:29.903 INFO  f.c.FoodController#93 TraceID: 61e5c665cd85c743fbad4c0af2d9f186 SpanID: 824a8cc3c156572d [getAllFood][Get Food Request!]\n"",""stream"":""stdout"",""time"":""2025-06-06T09:22:29.903687166Z""}"
2025-06-06T09:22:27.140570057Z,1674984147140570057,33.33.33.116,ts-travel-service-64469b5b48-25zj6,server,c2b128a10979c02182971dae4e870ac9,cce89c0af326217b,"{""log"":""17:22:27.140 INFO  t.s.TravelServiceImpl#532 TraceID: c2b128a10979c02182971dae4e870ac9 SpanID: cce89c0af326217b [getRouteByRouteId][Get Route By Id][Route is: Route(id=f3d4d4ef-693b-4456-8eed-59c0d717dd08, stations=[shanghai, suzhou], distances=[0, 50], startStation=shanghai, endStation=suzhou)]\n"",""stream"":""stdout"",""time"":""2025-06-06T09:22:27.140570057Z""}"
2025-06-06T09:22:27.139910817Z,1674984147139910817,33.33.33.116,ts-travel-service-64469b5b48-25zj6,server,c2b128a10979c02182971dae4e870ac9,cce89c0af326217b,"{""log"":""17:22:27.139 INFO  t.s.TravelServiceImpl#529 TraceID: c2b128a10979c02182971dae4e870ac9 SpanID: cce89c0af326217b [getRouteByRouteId][Get Route By Id][Routes Response is : Response(status=1, msg=Success, data={id=f3d4d4ef-693b-4456-8eed-59c0d717dd08, stations=[shanghai, suzhou], distances=[0, 50], startStation=shanghai, endStation=suzhou})]\n"",""stream"":""stdout"",""time"":""2025-06-06T09:22:27.139910817Z""}"
2025-06-06T09:22:27.117828579Z,1674984147117828579,33.33.33.116,ts-travel-service-64469b5b48-25zj6,server,c2b128a10979c02182971dae4e870ac9,cce89c0af326217b,"{""log"":""17:22:27.117 INFO  t.s.TravelServiceImpl#518 TraceID: c2b128a10979c02182971dae4e870ac9 SpanID: cce89c0af326217b [getRouteByRouteId][Get Route By Id][Route ID：f3d4d4ef-693b-4456-8eed-59c0d717dd08]\n"",""stream"":""stdout"",""time"":""2025-06-06T09:22:27.117828579Z""}"
2025-06-06T09:22:27.11611802Z,1674984147116118020,33.33.33.116,ts-travel-service-64469b5b48-25zj6,server,c2b128a10979c02182971dae4e870ac9,cce89c0af326217b,"{""log"":""17:22:27.115 INFO  t.c.TravelController#53 TraceID: c2b128a10979c02182971dae4e870ac9 SpanID: cce89c0af326217b [getRouteByTripId][Get Route By Trip ID][TripId: D1345]\n"",""stream"":""stdout"",""time"":""2025-06-06T09:22:27.11611802Z""}"
2025-06-06T09:22:27.104203883Z,1674984147104203883,33.33.33.74,ts-train-food-service-59bbbdd99b-b67ts,server,c2b128a10979c02182971dae4e870ac9,72dce538ba7f27f5,"{""log"":""17:22:27.101 INFO  t.c.TrainFoodController#37 TraceID: c2b128a10979c02182971dae4e870ac9 SpanID: 72dce538ba7f27f5 [Food Map Service][Get TrainFoods By TripId]\n"",""stream"":""stdout"",""time"":""2025-06-06T09:22:27.104203883Z""}"
2025-06-06T09:22:27.157279325Z,1674984147157279325,33.33.33.80,ts-station-food-service-dc4d75dd-fw6ft,server,c2b128a10979c02182971dae4e870ac9,c788e600c05af7ff,"{""log"":""17:22:27.155 INFO  f.c.StationFoodController#46 TraceID: c2b128a10979c02182971dae4e870ac9 SpanID: c788e600c05af7ff [Food Map Service][Get FoodStores By StationNames]\n"",""stream"":""stdout"",""time"":""2025-06-06T09:22:27.157279325Z""}"
2025-06-06T09:22:27.124848458Z,1674984147124848458,33.33.33.80,ts-route-service-b6c59fb57-zv8dt,server,c2b128a10979c02182971dae4e870ac9,1bd6754ef276679c,"{""log"":""17:22:27.123 INFO  r.c.RouteController#47 TraceID: c2b128a10979c02182971dae4e870ac9 SpanID: 1bd6754ef276679c [getRouteById][Query route by id][RouteId: f3d4d4ef-693b-4456-8eed-59c0d717dd08]\n"",""stream"":""stdout"",""time"":""2025-06-06T09:22:27.124848458Z""}"
2025-06-06T09:22:27.169387948Z,1674984147169387948,33.33.33.155,ts-food-service-f5756978c-k8vqf,server,c2b128a10979c02182971dae4e870ac9,d5c672a0352f7241,"{""log"":""17:22:27.168 ERROR f.s.FoodServiceImpl#302 TraceID: c2b128a10979c02182971dae4e870ac9 SpanID: d5c672a0352f7241 [getAllFood][Get the Get Food Request Failed!][foodStoresListResult is null][date: 2021-07-14, tripId: D1345]\n"",""stream"":""stdout"",""time"":""2025-06-06T09:22:27.169387948Z""}"
2025-06-06T09:22:27.111477115Z,1674984147111477115,33.33.33.155,ts-food-service-f5756978c-k8vqf,server,c2b128a10979c02182971dae4e870ac9,d5c672a0352f7241,"{""log"":""17:22:27.111 INFO  f.s.FoodServiceImpl#243 TraceID: c2b128a10979c02182971dae4e870ac9 SpanID: d5c672a0352f7241 [getAllFood][Get Train Food List!]\n"",""stream"":""stdout"",""time"":""2025-06-06T09:22:27.111477115Z""}"
2025-06-06T09:22:27.111333959Z,1674984147111333959,33.33.33.155,ts-food-service-f5756978c-k8vqf,server,c2b128a10979c02182971dae4e870ac9,d5c672a0352f7241,"{""log"":""17:22:27.110 INFO  f.s.FoodServiceImpl#240 TraceID: c2b128a10979c02182971dae4e870ac9 SpanID: d5c672a0352f7241 [getAllFood][Get Train Food Start!]\n"",""stream"":""stdout"",""time"":""2025-06-06T09:22:27.111333959Z""}"
2025-06-06T09:22:27.091392192Z,1674984147091392192,33.33.33.155,ts-food-service-f5756978c-k8vqf,server,c2b128a10979c02182971dae4e870ac9,d5c672a0352f7241,"{""log"":""17:22:27.091 INFO  f.s.FoodServiceImpl#214 TraceID: c2b128a10979c02182971dae4e870ac9 SpanID: d5c672a0352f7241 [getAllFood][get All Food with info][data:2021-07-14 start:Shang Hai end:Su Zhou tripid:D1345]\n"",""stream"":""stdout"",""time"":""2025-06-06T09:22:27.091392192Z""}"
2025-06-06T09:22:27.091155604Z,1674984147091155604,33.33.33.155,ts-food-service-f5756978c-k8vqf,server,c2b128a10979c02182971dae4e870ac9,d5c672a0352f7241,"{""log"":""17:22:27.090 INFO  f.c.FoodController#93 TraceID: c2b128a10979c02182971dae4e870ac9 SpanID: d5c672a0352f7241 [getAllFood][Get Food Request!]\n"",""stream"":""stdout"",""time"":""2025-06-06T09:22:27.091155604Z""}"
2025-06-06T09:23:03.273528246Z,1674984183273528246,33.33.33.116,ts-travel-service-64469b5b48-25zj6,server,9c2fa71237d7f35f9ffa3f6592ce08a6,1e22ba78a7ce8d6d,"{""log"":""17:23:03.273 INFO  t.s.TravelServiceImpl#532 TraceID: 9c2fa71237d7f35f9ffa3f6592ce08a6 SpanID: 1e22ba78a7ce8d6d [getRouteByRouteId][Get Route By Id][Route is: Route(id=f3d4d4ef-693b-4456-8eed-59c0d717dd08, stations=[shanghai, suzhou], distances=[0, 50], startStation=shanghai, endStation=suzhou)]\n"",""stream"":""stdout"",""time"":""2025-06-06T09:23:03.273528246Z""}"
2025-06-06T09:23:03.273066204Z,1674984183273066204,33.33.33.116,ts-travel-service-64469b5b48-25zj6,server,9c2fa71237d7f35f9ffa3f6592ce08a6,1e22ba78a7ce8d6d,"{""log"":""17:23:03.272 INFO  t.s.TravelServiceImpl#529 TraceID: 9c2fa71237d7f35f9ffa3f6592ce08a6 SpanID: 1e22ba78a7ce8d6d [getRouteByRouteId][Get Route By Id][Routes Response is : Response(status=1, msg=Success, data={id=f3d4d4ef-693b-4456-8eed-59c0d717dd08, stations=[shanghai, suzhou], distances=[0, 50], startStation=shanghai, endStation=suzhou})]\n"",""stream"":""stdout"",""time"":""2025-06-06T09:23:03.273066204Z""}"
2025-06-06T09:23:03.259134661Z,1674984183259134661,33.33.33.116,ts-travel-service-64469b5b48-25zj6,server,9c2fa71237d7f35f9ffa3f6592ce08a6,1e22ba78a7ce8d6d,"{""log"":""17:23:03.258 INFO  t.s.TravelServiceImpl#518 TraceID: 9c2fa71237d7f35f9ffa3f6592ce08a6 SpanID: 1e22ba78a7ce8d6d [getRouteByRouteId][Get Route By Id][Route ID：f3d4d4ef-693b-4456-8eed-59c0d717dd08]\n"",""stream"":""stdout"",""time"":""2025-06-06T09:23:03.259134661Z""}"
2025-06-06T09:23:03.257780875Z,1674984183257780875,33.33.33.116,ts-travel-service-64469b5b48-25zj6,server,9c2fa71237d7f35f9ffa3f6592ce08a6,1e22ba78a7ce8d6d,"{""log"":""17:23:03.257 INFO  t.c.TravelController#53 TraceID: 9c2fa71237d7f35f9ffa3f6592ce08a6 SpanID: 1e22ba78a7ce8d6d [getRouteByTripId][Get Route By Trip ID][TripId: D1345]\n"",""stream"":""stdout"",""time"":""2025-06-06T09:23:03.257780875Z""}"
2025-06-06T09:23:03.249567743Z,1674984183249567743,33.33.33.74,ts-train-food-service-59bbbdd99b-b67ts,server,9c2fa71237d7f35f9ffa3f6592ce08a6,f5a758c60f9e22da,"{""log"":""17:23:03.248 INFO  t.c.TrainFoodController#37 TraceID: 9c2fa71237d7f35f9ffa3f6592ce08a6 SpanID: f5a758c60f9e22da [Food Map Service][Get TrainFoods By TripId]\n"",""stream"":""stdout"",""time"":""2025-06-06T09:23:03.249567743Z""}"
2025-06-06T09:23:03.28479375Z,1674984183284793750,33.33.33.80,ts-station-food-service-dc4d75dd-fw6ft,server,9c2fa71237d7f35f9ffa3f6592ce08a6,a8a260928509dc99,"{""log"":""17:23:03.283 INFO  f.c.StationFoodController#46 TraceID: 9c2fa71237d7f35f9ffa3f6592ce08a6 SpanID: a8a260928509dc99 [Food Map Service][Get FoodStores By StationNames]\n"",""stream"":""stdout"",""time"":""2025-06-06T09:23:03.28479375Z""}"
2025-06-06T09:23:03.264423851Z,1674984183264423851,33.33.33.80,ts-route-service-b6c59fb57-zv8dt,server,9c2fa71237d7f35f9ffa3f6592ce08a6,ad9560a599531a0d,"{""log"":""17:23:03.263 INFO  r.c.RouteController#47 TraceID: 9c2fa71237d7f35f9ffa3f6592ce08a6 SpanID: ad9560a599531a0d [getRouteById][Query route by id][RouteId: f3d4d4ef-693b-4456-8eed-59c0d717dd08]\n"",""stream"":""stdout"",""time"":""2025-06-06T09:23:03.264423851Z""}"
2025-06-06T09:23:03.292282658Z,1674984183292282658,33.33.33.155,ts-food-service-f5756978c-k8vqf,server,9c2fa71237d7f35f9ffa3f6592ce08a6,e3f4370c05024521,"{""log"":""17:23:03.291 ERROR f.s.FoodServiceImpl#302 TraceID: 9c2fa71237d7f35f9ffa3f6592ce08a6 SpanID: e3f4370c05024521 [getAllFood][Get the Get Food Request Failed!][foodStoresListResult is null][date: 2021-07-14, tripId: D1345]\n"",""stream"":""stdout"",""time"":""2025-06-06T09:23:03.292282658Z""}"
2025-06-06T09:23:03.254381282Z,1674984183254381282,33.33.33.155,ts-food-service-f5756978c-k8vqf,server,9c2fa71237d7f35f9ffa3f6592ce08a6,e3f4370c05024521,"{""log"":""17:23:03.254 INFO  f.s.FoodServiceImpl#243 TraceID: 9c2fa71237d7f35f9ffa3f6592ce08a6 SpanID: e3f4370c05024521 [getAllFood][Get Train Food List!]\n"",""stream"":""stdout"",""time"":""2025-06-06T09:23:03.254381282Z""}"
2025-06-06T09:23:03.25425924Z,1674984183254259240,33.33.33.155,ts-food-service-f5756978c-k8vqf,server,9c2fa71237d7f35f9ffa3f6592ce08a6,e3f4370c05024521,"{""log"":""17:23:03.253 INFO  f.s.FoodServiceImpl#240 TraceID: 9c2fa71237d7f35f9ffa3f6592ce08a6 SpanID: e3f4370c05024521 [getAllFood][Get Train Food Start!]\n"",""stream"":""stdout"",""time"":""2025-06-06T09:23:03.25425924Z""}"
2025-06-06T09:23:03.244113665Z,1674984183244113665,33.33.33.155,ts-food-service-f5756978c-k8vqf,server,9c2fa71237d7f35f9ffa3f6592ce08a6,e3f4370c05024521,"{""log"":""17:23:03.243 INFO  f.s.FoodServiceImpl#214 TraceID: 9c2fa71237d7f35f9ffa3f6592ce08a6 SpanID: e3f4370c05024521 [getAllFood][get All Food with info][data:2021-07-14 start:Shang Hai end:Su Zhou tripid:D1345]\n"",""stream"":""stdout"",""time"":""2025-06-06T09:23:03.244113665Z""}"
2025-06-06T09:23:03.243911436Z,1674984183243911436,33.33.33.155,ts-food-service-f5756978c-k8vqf,server,9c2fa71237d7f35f9ffa3f6592ce08a6,e3f4370c05024521,"{""log"":""17:23:03.243 INFO  f.c.FoodController#93 TraceID: 9c2fa71237d7f35f9ffa3f6592ce08a6 SpanID: e3f4370c05024521 [getAllFood][Get Food Request!]\n"",""stream"":""stdout"",""time"":""2025-06-06T09:23:03.243911436Z""}"
2025-06-06T09:22:18.655768155Z,1674984138655768155,33.33.33.167,ts-travel2-service-5c66d57d58-6mp2b,server,f60ab4d7570fff13183028382ef12527,afd2c91d55be7a45,"{""log"":""17:22:18.655 INFO  t.s.TravelServiceImpl#372 TraceID: f60ab4d7570fff13183028382ef12527 SpanID: afd2c91d55be7a45 [getTickets][Calculate distance][calculate time：175  time: Sat May 04 12:46:52 CST 2013]\n"",""stream"":""stdout"",""time"":""2025-06-06T09:22:18.655768155Z""}"
2025-06-06T09:22:18.655636485Z,1674984138655636485,33.33.33.167,ts-travel2-service-5c66d57d58-6mp2b,server,f60ab4d7570fff13183028382ef12527,afd2c91d55be7a45,"{""log"":""17:22:18.655 INFO  t.s.TravelServiceImpl#366 TraceID: f60ab4d7570fff13183028382ef12527 SpanID: afd2c91d55be7a45 [getTickets][Calculate distance][calculate time：0  time: Sat May 04 09:51:52 CST 2013]\n"",""stream"":""stdout"",""time"":""2025-06-06T09:22:18.655636485Z""}"
2025-06-06T09:22:18.655434773Z,1674984138655434773,33.33.33.167,ts-travel2-service-5c66d57d58-6mp2b,server,f60ab4d7570fff13183028382ef12527,afd2c91d55be7a45,"{""log"":""17:22:18.655 INFO  t.s.TravelServiceImpl#469 TraceID: f60ab4d7570fff13183028382ef12527 SpanID: afd2c91d55be7a45 [getRestTicketNumber][Get Rest tickets num][num is: Response(status=1, msg=Get Left Ticket of Internal Success, data=1073741823)]\n"",""stream"":""stdout"",""time"":""2025-06-06T09:22:18.655434773Z""}"
2025-06-06T09:22:17.771042662Z,1674984137771042662,33.33.33.167,ts-travel2-service-5c66d57d58-6mp2b,server,7bc40a3e531302e4338dc5bfa58fba01,2cf90c58d61c5f34,"{""log"":""17:22:17.770 INFO  t.s.TravelServiceImpl#372 TraceID: 7bc40a3e531302e4338dc5bfa58fba01 SpanID: 2cf90c58d61c5f34 [getTickets][Calculate distance][calculate time：650  time: Sat May 04 17:55:52 CST 2013]\n"",""stream"":""stdout"",""time"":""2025-06-06T09:22:17.771042662Z""}"
2025-06-06T09:22:18.638661849Z,1674984138638661849,33.33.33.167,ts-travel2-service-5c66d57d58-6mp2b,server,f60ab4d7570fff13183028382ef12527,afd2c91d55be7a45,"{""log"":""17:22:18.638 INFO  t.s.TravelServiceImpl#459 TraceID: f60ab4d7570fff13183028382ef12527 SpanID: afd2c91d55be7a45 [getRestTicketNumber][Seat request][request: Seat(travelDate=2023-01-29 15:38:06, trainNumber=Z1234, startStation=shanghai, destStation=nanjing, seatType=3, totalNum=2147483647, stations=[shanghai, nanjing, shijiazhuang, taiyuan])]\n"",""stream"":""stdout"",""time"":""2025-06-06T09:22:18.638661849Z""}"
2025-06-06T09:22:17.770885555Z,1674984137770885555,33.33.33.167,ts-travel2-service-5c66d57d58-6mp2b,server,7bc40a3e531302e4338dc5bfa58fba01,2cf90c58d61c5f34,"{""log"":""17:22:17.770 INFO  t.s.TravelServiceImpl#366 TraceID: 7bc40a3e531302e4338dc5bfa58fba01 SpanID: 2cf90c58d61c5f34 [getTickets][Calculate distance][calculate time：475  time: Sat May 04 15:00:52 CST 2013]\n"",""stream"":""stdout"",""time"":""2025-06-06T09:22:17.770885555Z""}"
2025-06-06T09:22:18.638532322Z,1674984138638532322,33.33.33.167,ts-travel2-service-5c66d57d58-6mp2b,server,f60ab4d7570fff13183028382ef12527,afd2c91d55be7a45,"{""log"":""17:22:18.638 INFO  t.s.TravelServiceImpl#469 TraceID: f60ab4d7570fff13183028382ef12527 SpanID: afd2c91d55be7a45 [getRestTicketNumber][Get Rest tickets num][num is: Response(status=1, msg=Get Left Ticket of Internal Success, data=1073741823)]\n"",""stream"":""stdout"",""time"":""2025-06-06T09:22:18.638532322Z""}"
2025-06-06T09:22:17.770655585Z,1674984137770655585,33.33.33.167,ts-travel2-service-5c66d57d58-6mp2b,server,7bc40a3e531302e4338dc5bfa58fba01,2cf90c58d61c5f34,"{""log"":""17:22:17.770 INFO  t.s.TravelServiceImpl#469 TraceID: 7bc40a3e531302e4338dc5bfa58fba01 SpanID: 2cf90c58d61c5f34 [getRestTicketNumber][Get Rest tickets num][num is: Response(status=1, msg=Get Left Ticket of Internal Success, data=1073741823)]\n"",""stream"":""stdout"",""time"":""2025-06-06T09:22:17.770655585Z""}"
2025-06-06T09:22:18.583243914Z,1674984138583243914,33.33.33.167,ts-travel2-service-5c66d57d58-6mp2b,server,f60ab4d7570fff13183028382ef12527,afd2c91d55be7a45,"{""log"":""17:22:18.582 INFO  t.s.TravelServiceImpl#459 TraceID: f60ab4d7570fff13183028382ef12527 SpanID: afd2c91d55be7a45 [getRestTicketNumber][Seat request][request: Seat(travelDate=2023-01-29 15:38:06, trainNumber=Z1234, startStation=shanghai, destStation=nanjing, seatType=2, totalNum=2147483647, stations=[shanghai, nanjing, shijiazhuang, taiyuan])]\n"",""stream"":""stdout"",""time"":""2025-06-06T09:22:18.583243914Z""}"
2025-06-06T09:22:17.754763515Z,1674984137754763515,33.33.33.167,ts-travel2-service-5c66d57d58-6mp2b,server,7bc40a3e531302e4338dc5bfa58fba01,2cf90c58d61c5f34,"{""log"":""17:22:17.754 INFO  t.s.TravelServiceImpl#459 TraceID: 7bc40a3e531302e4338dc5bfa58fba01 SpanID: 2cf90c58d61c5f34 [getRestTicketNumber][Seat request][request: Seat(travelDate=2023-01-29 15:38:06, trainNumber=Z1236, startStation=nanjing, destStation=shanghai, seatType=3, totalNum=2147483647, stations=[taiyuan, shijiazhuang, nanjing, shanghai])]\n"",""stream"":""stdout"",""time"":""2025-06-06T09:22:17.754763515Z""}"
2025-06-06T09:22:17.754635071Z,1674984137754635071,33.33.33.167,ts-travel2-service-5c66d57d58-6mp2b,server,7bc40a3e531302e4338dc5bfa58fba01,2cf90c58d61c5f34,"{""log"":""17:22:17.753 INFO  t.s.TravelServiceImpl#469 TraceID: 7bc40a3e531302e4338dc5bfa58fba01 SpanID: 2cf90c58d61c5f34 [getRestTicketNumber][Get Rest tickets num][num is: Response(status=1, msg=Get Left Ticket of Internal Success, data=1073741823)]\n"",""stream"":""stdout"",""time"":""2025-06-06T09:22:17.754635071Z""}"
2025-06-06T09:22:17.700450952Z,1674984137700450952,33.33.33.167,ts-travel2-service-5c66d57d58-6mp2b,server,7bc40a3e531302e4338dc5bfa58fba01,2cf90c58d61c5f34,"{""log"":""17:22:17.699 INFO  t.s.TravelServiceImpl#459 TraceID: 7bc40a3e531302e4338dc5bfa58fba01 SpanID: 2cf90c58d61c5f34 [getRestTicketNumber][Seat request][request: Seat(travelDate=2023-01-29 15:38:06, trainNumber=Z1236, startStation=nanjing, destStation=shanghai, seatType=2, totalNum=2147483647, stations=[taiyuan, shijiazhuang, nanjing, shanghai])]\n"",""stream"":""stdout"",""time"":""2025-06-06T09:22:17.700450952Z""}"
2025-06-06T09:22:18.537687705Z,1674984138537687705,33.33.33.167,ts-travel2-service-5c66d57d58-6mp2b,server,f60ab4d7570fff13183028382ef12527,afd2c91d55be7a45,"{""log"":""17:22:18.537 INFO  t.s.TravelServiceImpl#260 TraceID: f60ab4d7570fff13183028382ef12527 SpanID: afd2c91d55be7a45 [getTicketsByBatch][before get basic][trips: [Trip(id=8a533bf9-bd12-4608-a8eb-606890982448, tripId=Z1234, trainTypeName=ZhiDa, routeId=0b23bd3e-876a-4af3-b920-c50a90c90b04, startStationName=shanghai, stationsName=nanjing, terminalStationName=beijing, startTime=2013-05-04 09:51:52, endTime=2013-05-04 15:51:52), Trip(id=5c63588e-ad31-4ded-98ac-f4a1a78a36b2, tripId=Z1235, trainTypeName=ZhiDa, routeId=9fc9c261-3263-4bfa-82f8-bb44e06b2f52, startStationName=shanghai, stationsName=nanjing, terminalStationName=beijing, startTime=2013-05-04 11:31:52, endTime=2013-05-04 17:51:52), Trip(id=e1367946-9ecd-4ee6-acbf-8b705e8df59d, tripId=Z1236, trainTypeName=ZhiDa, routeId=d693a2c5-ef87-4a3c-bef8-600b43f62c68, startStationName=shanghai, stationsName=nanjing, terminalStationName=beijing, startTime=2013-05-04 7:05:52, endTime=2013-05-04 12:51:52), Trip(id=502d2768-8480-47fc-91fd-f647267dfac6, tripId=T1235, trainTypeName=TeKuai, routeId=20eb7122-3a11-423f-b10a-be0dc5bce7db, startStationName=shanghai, stationsName=nanjing, terminalStationName=beijing, startTime=2013-05-04 08:31:52, endTime=2013-05-04 17:21:52), Trip(id=a3c9545b-1889-4ea1-9015-b9af1896bc01, tripId=K1345, trainTypeName=KuaiSu, routeId=1367db1f-461e-4ab7-87ad-2bcc05fd9cb7, startStationName=shanghai, stationsName=nanjing, terminalStationName=beijing, startTime=2013-05-04 07:51:52, endTime=2013-05-04 19:59:52)]]\n"",""stream"":""stdout"",""time"":""2025-06-06T09:22:18.537687705Z""}"
2025-06-06T09:22:18.533847358Z,1674984138533847358,33.33.33.167,ts-travel2-service-5c66d57d58-6mp2b,server,f60ab4d7570fff13183028382ef12527,afd2c91d55be7a45,"{""log"":""17:22:18.533 INFO  t.c.Travel2Controller#115 TraceID: f60ab4d7570fff13183028382ef12527 SpanID: afd2c91d55be7a45 [query][Query TripResponse]\n"",""stream"":""stdout"",""time"":""2025-06-06T09:22:18.533847358Z""}"
2025-06-06T09:22:18.55029392Z,1674984138550293920,33.33.33.79,ts-train-service-86f5f97bc9-dkqmf,server,f60ab4d7570fff13183028382ef12527,b3516212d4859589,"{""log"":""17:22:18.549 INFO  t.c.TrainController#72 TraceID: f60ab4d7570fff13183028382ef12527 SpanID: b3516212d4859589 [retrieveByNames][Retrieve train][TrainTypeNames: [TeKuai, ZhiDa, KuaiSu]]\n"",""stream"":""stdout"",""time"":""2025-06-06T09:22:18.55029392Z""}"
2025-06-06T09:22:17.650454623Z,1674984137650454623,33.33.33.167,ts-travel2-service-5c66d57d58-6mp2b,server,7bc40a3e531302e4338dc5bfa58fba01,2cf90c58d61c5f34,"{""log"":""17:22:17.649 INFO  t.s.TravelServiceImpl#260 TraceID: 7bc40a3e531302e4338dc5bfa58fba01 SpanID: 2cf90c58d61c5f34 [getTicketsByBatch][before get basic][trips: [Trip(id=8a533bf9-bd12-4608-a8eb-606890982448, tripId=Z1234, trainTypeName=ZhiDa, routeId=0b23bd3e-876a-4af3-b920-c50a90c90b04, startStationName=shanghai, stationsName=nanjing, terminalStationName=beijing, startTime=2013-05-04 09:51:52, endTime=2013-05-04 15:51:52), Trip(id=5c63588e-ad31-4ded-98ac-f4a1a78a36b2, tripId=Z1235, trainTypeName=ZhiDa, routeId=9fc9c261-3263-4bfa-82f8-bb44e06b2f52, startStationName=shanghai, stationsName=nanjing, terminalStationName=beijing, startTime=2013-05-04 11:31:52, endTime=2013-05-04 17:51:52), Trip(id=e1367946-9ecd-4ee6-acbf-8b705e8df59d, tripId=Z1236, trainTypeName=ZhiDa, routeId=d693a2c5-ef87-4a3c-bef8-600b43f62c68, startStationName=shanghai, stationsName=nanjing, terminalStationName=beijing, startTime=2013-05-04 7:05:52, endTime=2013-05-04 12:51:52), Trip(id=502d2768-8480-47fc-91fd-f647267dfac6, tripId=T1235, trainTypeName=TeKuai, routeId=20eb7122-3a11-423f-b10a-be0dc5bce7db, startStationName=shanghai, stationsName=nanjing, terminalStationName=beijing, startTime=2013-05-04 08:31:52, endTime=2013-05-04 17:21:52), Trip(id=a3c9545b-1889-4ea1-9015-b9af1896bc01, tripId=K1345, trainTypeName=KuaiSu, routeId=1367db1f-461e-4ab7-87ad-2bcc05fd9cb7, startStationName=shanghai, stationsName=nanjing, terminalStationName=beijing, startTime=2013-05-04 07:51:52, endTime=2013-05-04 19:59:52)]]\n"",""stream"":""stdout"",""time"":""2025-06-06T09:22:17.650454623Z""}"
2025-06-06T09:22:18.543615884Z,1674984138543615884,33.33.33.76,ts-station-service-7f4f5f6f77-5qb6j,server,f60ab4d7570fff13183028382ef12527,ce5b99b4783e8e6b,"{""log"":""17:22:18.543 INFO  f.m.c.StationController#71 TraceID: f60ab4d7570fff13183028382ef12527 SpanID: ce5b99b4783e8e6b [queryForIdBatch][Query stations for id batch][StationNameNumbers: 2]\n"",""stream"":""stdout"",""time"":""2025-06-06T09:22:18.543615884Z""}"
2025-06-06T09:22:17.64588583Z,1674984137645885830,33.33.33.167,ts-travel2-service-5c66d57d58-6mp2b,server,7bc40a3e531302e4338dc5bfa58fba01,2cf90c58d61c5f34,"{""log"":""17:22:17.645 INFO  t.c.Travel2Controller#115 TraceID: 7bc40a3e531302e4338dc5bfa58fba01 SpanID: 2cf90c58d61c5f34 [query][Query TripResponse]\n"",""stream"":""stdout"",""time"":""2025-06-06T09:22:17.64588583Z""}"
2025-06-06T09:22:18.653868771Z,1674984138653868771,33.33.33.82,ts-seat-service-5c95b49cff-tdsdz,server,f60ab4d7570fff13183028382ef12527,a450c5905a7cd85d,"{""log"":""17:22:18.653 INFO  s.s.SeatServiceImpl#217 TraceID: f60ab4d7570fff13183028382ef12527 SpanID: a450c5905a7cd85d [getDirectProportion][Configs is : Config(name=DirectTicketAllocationProportion, value=0.5, description=Allocation Proportion Of The Direct Ticket - From Start To End)]\n"",""stream"":""stdout"",""time"":""2025-06-06T09:22:18.653868771Z""}"
2025-06-06T09:22:17.663518224Z,1674984137663518224,33.33.33.79,ts-train-service-86f5f97bc9-dkqmf,server,7bc40a3e531302e4338dc5bfa58fba01,baaa940cf7051a25,"{""log"":""17:22:17.662 INFO  t.c.TrainController#72 TraceID: 7bc40a3e531302e4338dc5bfa58fba01 SpanID: baaa940cf7051a25 [retrieveByNames][Retrieve train][TrainTypeNames: [TeKuai, ZhiDa, KuaiSu]]\n"",""stream"":""stdout"",""time"":""2025-06-06T09:22:17.663518224Z""}"
2025-06-06T09:22:17.65617708Z,1674984137656177080,33.33.33.76,ts-station-service-7f4f5f6f77-5qb6j,server,7bc40a3e531302e4338dc5bfa58fba01,0d88b244518739dc,"{""log"":""17:22:17.655 INFO  f.m.c.StationController#71 TraceID: 7bc40a3e531302e4338dc5bfa58fba01 SpanID: 0d88b244518739dc [queryForIdBatch][Query stations for id batch][StationNameNumbers: 2]\n"",""stream"":""stdout"",""time"":""2025-06-06T09:22:17.65617708Z""}"
2025-06-06T09:22:17.769112182Z,1674984137769112182,33.33.33.82,ts-seat-service-5c95b49cff-tdsdz,server,7bc40a3e531302e4338dc5bfa58fba01,4615736a950b17ab,"{""log"":""17:22:17.768 INFO  s.s.SeatServiceImpl#217 TraceID: 7bc40a3e531302e4338dc5bfa58fba01 SpanID: 4615736a950b17ab [getDirectProportion][Configs is : Config(name=DirectTicketAllocationProportion, value=0.5, description=Allocation Proportion Of The Direct Ticket - From Start To End)]\n"",""stream"":""stdout"",""time"":""2025-06-06T09:22:17.769112182Z""}"
2025-06-06T09:22:18.648322317Z,1674984138648322317,33.33.33.82,ts-seat-service-5c95b49cff-tdsdz,server,f60ab4d7570fff13183028382ef12527,a450c5905a7cd85d,"{""log"":""17:22:18.647 INFO  s.s.SeatServiceImpl#166 TraceID: f60ab4d7570fff13183028382ef12527 SpanID: a450c5905a7cd85d [getLeftTicketOfInterval][Get Order tickets result][result is \u003c200,Response(status=0, msg=Seat is Null., data=null),[vary:\""Origin,Access-Control-Request-Method,Access-Control-Request-Headers\"", x-content-type-options:\""nosniff\"", x-xss-protection:\""1; mode=block\"", cache-control:\""no-cache, no-store, max-age=0, must-revalidate\"", pragma:\""no-cache\"", expires:\""0\"", x-frame-options:\""DENY\"", content-type:\""application/json\"", date:\""Sun, 29 Jan 2023 09:22:17 GMT\"", x-envoy-upstream-service-time:\""3\"", server:\""envoy\"", transfer-encoding:\""chunked\""]\u003e]\n"",""stream"":""stdout"",""time"":""2025-06-06T09:22:18.648322317Z""}"
2025-06-06T09:22:18.642611196Z,1674984138642611196,33.33.33.82,ts-seat-service-5c95b49cff-tdsdz,server,f60ab4d7570fff13183028382ef12527,a450c5905a7cd85d,"{""log"":""17:22:18.642 INFO  s.s.SeatServiceImpl#154 TraceID: f60ab4d7570fff13183028382ef12527 SpanID: a450c5905a7cd85d [getLeftTicketOfInterval][TrainNumber start with other capital][trainNumber:Z1234]\n"",""stream"":""stdout"",""time"":""2025-06-06T09:22:18.642611196Z""}"
2025-06-06T09:22:17.76474912Z,1674984137764749120,33.33.33.82,ts-seat-service-5c95b49cff-tdsdz,server,7bc40a3e531302e4338dc5bfa58fba01,4615736a950b17ab,"{""log"":""17:22:17.764 INFO  s.s.SeatServiceImpl#166 TraceID: 7bc40a3e531302e4338dc5bfa58fba01 SpanID: 4615736a950b17ab [getLeftTicketOfInterval][Get Order tickets result][result is \u003c200,Response(status=0, msg=Seat is Null., data=null),[vary:\""Origin,Access-Control-Request-Method,Access-Control-Request-Headers\"", x-content-type-options:\""nosniff\"", x-xss-protection:\""1; mode=block\"", cache-control:\""no-cache, no-store, max-age=0, must-revalidate\"", pragma:\""no-cache\"", expires:\""0\"", x-frame-options:\""DENY\"", content-type:\""application/json\"", date:\""Sun, 29 Jan 2023 09:22:17 GMT\"", x-envoy-upstream-service-time:\""3\"", server:\""envoy\"", transfer-encoding:\""chunked\""]\u003e]\n"",""stream"":""stdout"",""time"":""2025-06-06T09:22:17.76474912Z""}"
2025-06-06T09:22:18.642265096Z,1674984138642265096,33.33.33.82,ts-seat-service-5c95b49cff-tdsdz,server,f60ab4d7570fff13183028382ef12527,a450c5905a7cd85d,"{""log"":""17:22:18.641 INFO  s.s.SeatServiceImpl#137 TraceID: f60ab4d7570fff13183028382ef12527 SpanID: a450c5905a7cd85d [getLeftTicketOfInterval][Seat request][request:Seat(travelDate=2023-01-29 15:38:06, trainNumber=Z1234, startStation=shanghai, destStation=nanjing, seatType=3, totalNum=2147483647, stations=[shanghai, nanjing, shijiazhuang, taiyuan])]\n"",""stream"":""stdout"",""time"":""2025-06-06T09:22:18.642265096Z""}"
2025-06-06T09:22:17.758885018Z,1674984137758885018,33.33.33.82,ts-seat-service-5c95b49cff-tdsdz,server,7bc40a3e531302e4338dc5bfa58fba01,4615736a950b17ab,"{""log"":""17:22:17.758 INFO  s.s.SeatServiceImpl#154 TraceID: 7bc40a3e531302e4338dc5bfa58fba01 SpanID: 4615736a950b17ab [getLeftTicketOfInterval][TrainNumber start with other capital][trainNumber:Z1236]\n"",""stream"":""stdout"",""time"":""2025-06-06T09:22:17.758885018Z""}"
2025-06-06T09:22:18.641905151Z,1674984138641905151,33.33.33.82,ts-seat-service-5c95b49cff-tdsdz,server,f60ab4d7570fff13183028382ef12527,a450c5905a7cd85d,"{""log"":""17:22:18.641 INFO  s.c.SeatController#57 TraceID: f60ab4d7570fff13183028382ef12527 SpanID: a450c5905a7cd85d [getLeftTicketOfInterval][Get left ticket of interval][TravelDate: 2023-01-29 15:38:06,TrainNumber: Z1234,SeatType: 3]\n"",""stream"":""stdout"",""time"":""2025-06-06T09:22:18.641905151Z""}"
2025-06-06T09:22:17.758517476Z,1674984137758517476,33.33.33.82,ts-seat-service-5c95b49cff-tdsdz,server,7bc40a3e531302e4338dc5bfa58fba01,4615736a950b17ab,"{""log"":""17:22:17.757 INFO  s.s.SeatServiceImpl#137 TraceID: 7bc40a3e531302e4338dc5bfa58fba01 SpanID: 4615736a950b17ab [getLeftTicketOfInterval][Seat request][request:Seat(travelDate=2023-01-29 15:38:06, trainNumber=Z1236, startStation=nanjing, destStation=shanghai, seatType=3, totalNum=2147483647, stations=[taiyuan, shijiazhuang, nanjing, shanghai])]\n"",""stream"":""stdout"",""time"":""2025-06-06T09:22:17.758517476Z""}"
2025-06-06T09:22:18.636643152Z,1674984138636643152,33.33.33.82,ts-seat-service-5c95b49cff-tdsdz,server,f60ab4d7570fff13183028382ef12527,73dfebfe610148d4,"{""log"":""17:22:18.635 INFO  s.s.SeatServiceImpl#217 TraceID: f60ab4d7570fff13183028382ef12527 SpanID: 73dfebfe610148d4 [getDirectProportion][Configs is : Config(name=DirectTicketAllocationProportion, value=0.5, description=Allocation Proportion Of The Direct Ticket - From Start To End)]\n"",""stream"":""stdout"",""time"":""2025-06-06T09:22:18.636643152Z""}"
2025-06-06T09:22:17.758101887Z,1674984137758101887,33.33.33.82,ts-seat-service-5c95b49cff-tdsdz,server,7bc40a3e531302e4338dc5bfa58fba01,4615736a950b17ab,"{""log"":""17:22:17.757 INFO  s.c.SeatController#57 TraceID: 7bc40a3e531302e4338dc5bfa58fba01 SpanID: 4615736a950b17ab [getLeftTicketOfInterval][Get left ticket of interval][TravelDate: 2023-01-29 15:38:06,TrainNumber: Z1236,SeatType: 3]\n"",""stream"":""stdout"",""time"":""2025-06-06T09:22:17.758101887Z""}"
2025-06-06T09:22:17.75245012Z,1674984137752450120,33.33.33.82,ts-seat-service-5c95b49cff-tdsdz,server,7bc40a3e531302e4338dc5bfa58fba01,c896c5982ed2bfdb,"{""log"":""17:22:17.751 INFO  s.s.SeatServiceImpl#217 TraceID: 7bc40a3e531302e4338dc5bfa58fba01 SpanID: c896c5982ed2bfdb [getDirectProportion][Configs is : Config(name=DirectTicketAllocationProportion, value=0.5, description=Allocation Proportion Of The Direct Ticket - From Start To End)]\n"",""stream"":""stdout"",""time"":""2025-06-06T09:22:17.75245012Z""}"
2025-06-06T09:22:18.610447426Z,1674984138610447426,33.33.33.82,ts-seat-service-5c95b49cff-tdsdz,server,f60ab4d7570fff13183028382ef12527,73dfebfe610148d4,"{""log"":""17:22:18.609 INFO  s.s.SeatServiceImpl#166 TraceID: f60ab4d7570fff13183028382ef12527 SpanID: 73dfebfe610148d4 [getLeftTicketOfInterval][Get Order tickets result][result is \u003c200,Response(status=0, msg=Seat is Null., data=null),[vary:\""Origin,Access-Control-Request-Method,Access-Control-Request-Headers\"", x-content-type-options:\""nosniff\"", x-xss-protection:\""1; mode=block\"", cache-control:\""no-cache, no-store, max-age=0, must-revalidate\"", pragma:\""no-cache\"", expires:\""0\"", x-frame-options:\""DENY\"", content-type:\""application/json\"", date:\""Sun, 29 Jan 2023 09:22:17 GMT\"", x-envoy-upstream-service-time:\""19\"", server:\""envoy\"", transfer-encoding:\""chunked\""]\u003e]\n"",""stream"":""stdout"",""time"":""2025-06-06T09:22:18.610447426Z""}"
2025-06-06T09:22:18.588040917Z,1674984138588040917,33.33.33.82,ts-seat-service-5c95b49cff-tdsdz,server,f60ab4d7570fff13183028382ef12527,73dfebfe610148d4,"{""log"":""17:22:18.587 INFO  s.s.SeatServiceImpl#154 TraceID: f60ab4d7570fff13183028382ef12527 SpanID: 73dfebfe610148d4 [getLeftTicketOfInterval][TrainNumber start with other capital][trainNumber:Z1234]\n"",""stream"":""stdout"",""time"":""2025-06-06T09:22:18.588040917Z""}"
2025-06-06T09:22:17.746419314Z,1674984137746419314,33.33.33.82,ts-seat-service-5c95b49cff-tdsdz,server,7bc40a3e531302e4338dc5bfa58fba01,c896c5982ed2bfdb,"{""log"":""17:22:17.745 INFO  s.s.SeatServiceImpl#166 TraceID: 7bc40a3e531302e4338dc5bfa58fba01 SpanID: c896c5982ed2bfdb [getLeftTicketOfInterval][Get Order tickets result][result is \u003c200,Response(status=0, msg=Seat is Null., data=null),[vary:\""Origin,Access-Control-Request-Method,Access-Control-Request-Headers\"", x-content-type-options:\""nosniff\"", x-xss-protection:\""1; mode=block\"", cache-control:\""no-cache, no-store, max-age=0, must-revalidate\"", pragma:\""no-cache\"", expires:\""0\"", x-frame-options:\""DENY\"", content-type:\""application/json\"", date:\""Sun, 29 Jan 2023 09:22:17 GMT\"", x-envoy-upstream-service-time:\""23\"", server:\""envoy\"", transfer-encoding:\""chunked\""]\u003e]\n"",""stream"":""stdout"",""time"":""2025-06-06T09:22:17.746419314Z""}"
2025-06-06T09:22:18.587700668Z,1674984138587700668,33.33.33.82,ts-seat-service-5c95b49cff-tdsdz,server,f60ab4d7570fff13183028382ef12527,73dfebfe610148d4,"{""log"":""17:22:18.587 INFO  s.s.SeatServiceImpl#137 TraceID: f60ab4d7570fff13183028382ef12527 SpanID: 73dfebfe610148d4 [getLeftTicketOfInterval][Seat request][request:Seat(travelDate=2023-01-29 15:38:06, trainNumber=Z1234, startStation=shanghai, destStation=nanjing, seatType=2, totalNum=2147483647, stations=[shanghai, nanjing, shijiazhuang, taiyuan])]\n"",""stream"":""stdout"",""time"":""2025-06-06T09:22:18.587700668Z""}"
2025-06-06T09:22:17.720469815Z,1674984137720469815,33.33.33.82,ts-seat-service-5c95b49cff-tdsdz,server,7bc40a3e531302e4338dc5bfa58fba01,c896c5982ed2bfdb,"{""log"":""17:22:17.719 INFO  s.s.SeatServiceImpl#154 TraceID: 7bc40a3e531302e4338dc5bfa58fba01 SpanID: c896c5982ed2bfdb [getLeftTicketOfInterval][TrainNumber start with other capital][trainNumber:Z1236]\n"",""stream"":""stdout"",""time"":""2025-06-06T09:22:17.720469815Z""}"
2025-06-06T09:22:18.587293217Z,1674984138587293217,33.33.33.82,ts-seat-service-5c95b49cff-tdsdz,server,f60ab4d7570fff13183028382ef12527,73dfebfe610148d4,"{""log"":""17:22:18.586 INFO  s.c.SeatController#57 TraceID: f60ab4d7570fff13183028382ef12527 SpanID: 73dfebfe610148d4 [getLeftTicketOfInterval][Get left ticket of interval][TravelDate: 2023-01-29 15:38:06,TrainNumber: Z1234,SeatType: 2]\n"",""stream"":""stdout"",""time"":""2025-06-06T09:22:18.587293217Z""}"
2025-06-06T09:22:17.72016863Z,1674984137720168630,33.33.33.82,ts-seat-service-5c95b49cff-tdsdz,server,7bc40a3e531302e4338dc5bfa58fba01,c896c5982ed2bfdb,"{""log"":""17:22:17.719 INFO  s.s.SeatServiceImpl#137 TraceID: 7bc40a3e531302e4338dc5bfa58fba01 SpanID: c896c5982ed2bfdb [getLeftTicketOfInterval][Seat request][request:Seat(travelDate=2023-01-29 15:38:06, trainNumber=Z1236, startStation=nanjing, destStation=shanghai, seatType=2, totalNum=2147483647, stations=[taiyuan, shijiazhuang, nanjing, shanghai])]\n"",""stream"":""stdout"",""time"":""2025-06-06T09:22:17.72016863Z""}"
2025-06-06T09:22:18.559014739Z,1674984138559014739,33.33.33.80,ts-route-service-b6c59fb57-zv8dt,server,f60ab4d7570fff13183028382ef12527,f8d34799aaff0881,"{""log"":""17:22:18.557 INFO  r.c.RouteController#53 TraceID: f60ab4d7570fff13183028382ef12527 SpanID: f8d34799aaff0881 [getRouteById][Query route by id][RouteId: [d693a2c5-ef87-4a3c-bef8-600b43f62c68, 1367db1f-461e-4ab7-87ad-2bcc05fd9cb7, 9fc9c261-3263-4bfa-82f8-bb44e06b2f52, 20eb7122-3a11-423f-b10a-be0dc5bce7db, 0b23bd3e-876a-4af3-b920-c50a90c90b04]]\n"",""stream"":""stdout"",""time"":""2025-06-06T09:22:18.559014739Z""}"
2025-06-06T09:22:17.719723272Z,1674984137719723272,33.33.33.82,ts-seat-service-5c95b49cff-tdsdz,server,7bc40a3e531302e4338dc5bfa58fba01,c896c5982ed2bfdb,"{""log"":""17:22:17.718 INFO  s.c.SeatController#57 TraceID: 7bc40a3e531302e4338dc5bfa58fba01 SpanID: c896c5982ed2bfdb [getLeftTicketOfInterval][Get left ticket of interval][TravelDate: 2023-01-29 15:38:06,TrainNumber: Z1236,SeatType: 2]\n"",""stream"":""stdout"",""time"":""2025-06-06T09:22:17.719723272Z""}"
2025-06-06T09:22:18.576891592Z,1674984138576891592,33.33.33.79,ts-price-service-76846864d9-g465z,server,f60ab4d7570fff13183028382ef12527,a2e9e8e4b61f0c02,"{""log"":""17:22:18.575 INFO  p.c.PriceController#46 TraceID: f60ab4d7570fff13183028382ef12527 SpanID: a2e9e8e4b61f0c02 [findByRouteIdAndTrainType][Query price][routeId and Train Type: [0b23bd3e-876a-4af3-b920-c50a90c90b04:ZhiDa]]\n"",""stream"":""stdout"",""time"":""2025-06-06T09:22:18.576891592Z""}"
2025-06-06T09:22:18.646263Z,1674984138646263000,33.33.33.155,ts-order-other-service-6cdbf9b4cc-h7mqk,server,f60ab4d7570fff13183028382ef12527,f7d1e4061731404e,"{""log"":""17:22:18.646 WARN  o.s.OrderOtherServiceImpl#72 TraceID: f60ab4d7570fff13183028382ef12527 SpanID: f7d1e4061731404e [getSoldTickets][Seat][No content][seat from date: 2023-01-29 15:38:06, train number: Z1234\n"",""stream"":""stdout"",""time"":""2025-06-06T09:22:18.646263Z""}"
2025-06-06T09:22:17.673349656Z,1674984137673349656,33.33.33.80,ts-route-service-b6c59fb57-zv8dt,server,7bc40a3e531302e4338dc5bfa58fba01,1e341e6480d8cde2,"{""log"":""17:22:17.672 INFO  r.c.RouteController#53 TraceID: 7bc40a3e531302e4338dc5bfa58fba01 SpanID: 1e341e6480d8cde2 [getRouteById][Query route by id][RouteId: [d693a2c5-ef87-4a3c-bef8-600b43f62c68, 1367db1f-461e-4ab7-87ad-2bcc05fd9cb7, 9fc9c261-3263-4bfa-82f8-bb44e06b2f52, 20eb7122-3a11-423f-b10a-be0dc5bce7db, 0b23bd3e-876a-4af3-b920-c50a90c90b04]]\n"",""stream"":""stdout"",""time"":""2025-06-06T09:22:17.673349656Z""}"
2025-06-06T09:22:18.645069183Z,1674984138645069183,33.33.33.155,ts-order-other-service-6cdbf9b4cc-h7mqk,server,f60ab4d7570fff13183028382ef12527,f7d1e4061731404e,"{""log"":""17:22:18.644 INFO  o.c.OrderOtherController#42 TraceID: f60ab4d7570fff13183028382ef12527 SpanID: f7d1e4061731404e [getSoldTickets][Get Sold Ticket][Travel Date: 2023-01-29 15:38:06]\n"",""stream"":""stdout"",""time"":""2025-06-06T09:22:18.645069183Z""}"
2025-06-06T09:22:17.692055777Z,1674984137692055777,33.33.33.79,ts-price-service-76846864d9-g465z,server,7bc40a3e531302e4338dc5bfa58fba01,47fe85a0252c6368,"{""log"":""17:22:17.691 INFO  p.c.PriceController#46 TraceID: 7bc40a3e531302e4338dc5bfa58fba01 SpanID: 47fe85a0252c6368 [findByRouteIdAndTrainType][Query price][routeId and Train Type: [d693a2c5-ef87-4a3c-bef8-600b43f62c68:ZhiDa]]\n"",""stream"":""stdout"",""time"":""2025-06-06T09:22:17.692055777Z""}"
2025-06-06T09:22:18.592438769Z,1674984138592438769,33.33.33.155,ts-order-other-service-6cdbf9b4cc-h7mqk,server,f60ab4d7570fff13183028382ef12527,653f7a1fa4ed2b28,"{""log"":""17:22:18.592 WARN  o.s.OrderOtherServiceImpl#72 TraceID: f60ab4d7570fff13183028382ef12527 SpanID: 653f7a1fa4ed2b28 [getSoldTickets][Seat][No content][seat from date: 2023-01-29 15:38:06, train number: Z1234\n"",""stream"":""stdout"",""time"":""2025-06-06T09:22:18.592438769Z""}"
2025-06-06T09:22:18.591306325Z,1674984138591306325,33.33.33.155,ts-order-other-service-6cdbf9b4cc-h7mqk,server,f60ab4d7570fff13183028382ef12527,653f7a1fa4ed2b28,"{""log"":""17:22:18.590 INFO  o.c.OrderOtherController#42 TraceID: f60ab4d7570fff13183028382ef12527 SpanID: 653f7a1fa4ed2b28 [getSoldTickets][Get Sold Ticket][Travel Date: 2023-01-29 15:38:06]\n"",""stream"":""stdout"",""time"":""2025-06-06T09:22:18.591306325Z""}"
2025-06-06T09:22:17.762657175Z,1674984137762657175,33.33.33.155,ts-order-other-service-6cdbf9b4cc-h7mqk,server,7bc40a3e531302e4338dc5bfa58fba01,834ffc96834ebd37,"{""log"":""17:22:17.762 WARN  o.s.OrderOtherServiceImpl#72 TraceID: 7bc40a3e531302e4338dc5bfa58fba01 SpanID: 834ffc96834ebd37 [getSoldTickets][Seat][No content][seat from date: 2023-01-29 15:38:06, train number: Z1236\n"",""stream"":""stdout"",""time"":""2025-06-06T09:22:17.762657175Z""}"
2025-06-06T09:22:18.651766599Z,1674984138651766599,33.33.33.115,ts-config-service-5fcd447d84-wxwjd,server,f60ab4d7570fff13183028382ef12527,265d111c68eb3186,"{""log"":""17:22:18.651 INFO  c.s.ConfigServiceImpl#65 TraceID: f60ab4d7570fff13183028382ef12527 SpanID: 265d111c68eb3186 [query][Query config success][config name: DirectTicketAllocationProportion]\n"",""stream"":""stdout"",""time"":""2025-06-06T09:22:18.651766599Z""}"
2025-06-06T09:22:17.761449293Z,1674984137761449293,33.33.33.155,ts-order-other-service-6cdbf9b4cc-h7mqk,server,7bc40a3e531302e4338dc5bfa58fba01,834ffc96834ebd37,"{""log"":""17:22:17.761 INFO  o.c.OrderOtherController#42 TraceID: 7bc40a3e531302e4338dc5bfa58fba01 SpanID: 834ffc96834ebd37 [getSoldTickets][Get Sold Ticket][Travel Date: 2023-01-29 15:38:06]\n"",""stream"":""stdout"",""time"":""2025-06-06T09:22:17.761449293Z""}"
2025-06-06T09:22:18.650783595Z,1674984138650783595,33.33.33.115,ts-config-service-5fcd447d84-wxwjd,server,f60ab4d7570fff13183028382ef12527,265d111c68eb3186,"{""log"":""17:22:18.650 INFO  c.c.ConfigController#67 TraceID: f60ab4d7570fff13183028382ef12527 SpanID: 265d111c68eb3186 [retrieve][Retrieve config][configName: DirectTicketAllocationProportion]\n"",""stream"":""stdout"",""time"":""2025-06-06T09:22:18.650783595Z""}"
2025-06-06T09:22:17.726088074Z,1674984137726088074,33.33.33.155,ts-order-other-service-6cdbf9b4cc-h7mqk,server,7bc40a3e531302e4338dc5bfa58fba01,ec188436aff2e8d1,"{""log"":""17:22:17.725 WARN  o.s.OrderOtherServiceImpl#72 TraceID: 7bc40a3e531302e4338dc5bfa58fba01 SpanID: ec188436aff2e8d1 [getSoldTickets][Seat][No content][seat from date: 2023-01-29 15:38:06, train number: Z1236\n"",""stream"":""stdout"",""time"":""2025-06-06T09:22:17.726088074Z""}"
2025-06-06T09:22:18.614286238Z,1674984138614286238,33.33.33.115,ts-config-service-5fcd447d84-wxwjd,server,f60ab4d7570fff13183028382ef12527,228660e9d66a1d09,"{""log"":""17:22:18.613 INFO  c.s.ConfigServiceImpl#65 TraceID: f60ab4d7570fff13183028382ef12527 SpanID: 228660e9d66a1d09 [query][Query config success][config name: DirectTicketAllocationProportion]\n"",""stream"":""stdout"",""time"":""2025-06-06T09:22:18.614286238Z""}"
2025-06-06T09:22:17.724381284Z,1674984137724381284,33.33.33.155,ts-order-other-service-6cdbf9b4cc-h7mqk,server,7bc40a3e531302e4338dc5bfa58fba01,ec188436aff2e8d1,"{""log"":""17:22:17.723 INFO  o.c.OrderOtherController#42 TraceID: 7bc40a3e531302e4338dc5bfa58fba01 SpanID: ec188436aff2e8d1 [getSoldTickets][Get Sold Ticket][Travel Date: 2023-01-29 15:38:06]\n"",""stream"":""stdout"",""time"":""2025-06-06T09:22:17.724381284Z""}"
2025-06-06T09:22:18.613256202Z,1674984138613256202,33.33.33.115,ts-config-service-5fcd447d84-wxwjd,server,f60ab4d7570fff13183028382ef12527,228660e9d66a1d09,"{""log"":""17:22:18.612 INFO  c.c.ConfigController#67 TraceID: f60ab4d7570fff13183028382ef12527 SpanID: 228660e9d66a1d09 [retrieve][Retrieve config][configName: DirectTicketAllocationProportion]\n"",""stream"":""stdout"",""time"":""2025-06-06T09:22:18.613256202Z""}"
2025-06-06T09:22:17.767323595Z,1674984137767323595,33.33.33.115,ts-config-service-5fcd447d84-wxwjd,server,7bc40a3e531302e4338dc5bfa58fba01,bad1e38586c468dc,"{""log"":""17:22:17.767 INFO  c.s.ConfigServiceImpl#65 TraceID: 7bc40a3e531302e4338dc5bfa58fba01 SpanID: bad1e38586c468dc [query][Query config success][config name: DirectTicketAllocationProportion]\n"",""stream"":""stdout"",""time"":""2025-06-06T09:22:17.767323595Z""}"
2025-06-06T09:22:17.766547911Z,1674984137766547911,33.33.33.115,ts-config-service-5fcd447d84-wxwjd,server,7bc40a3e531302e4338dc5bfa58fba01,bad1e38586c468dc,"{""log"":""17:22:17.766 INFO  c.c.ConfigController#67 TraceID: 7bc40a3e531302e4338dc5bfa58fba01 SpanID: bad1e38586c468dc [retrieve][Retrieve config][configName: DirectTicketAllocationProportion]\n"",""stream"":""stdout"",""time"":""2025-06-06T09:22:17.766547911Z""}"
2025-06-06T09:22:18.581140465Z,1674984138581140465,33.33.33.76,ts-basic-service-5dc8d4f9fd-46997,server,f60ab4d7570fff13183028382ef12527,36c3e2664858aee2,"{""log"":""17:22:18.580 INFO  f.m.s.BasicServiceImpl#320 TraceID: f60ab4d7570fff13183028382ef12527 SpanID: 36c3e2664858aee2 [queryForTravels][all done][result map: {Z1234=TravelResult(status=true, percent=1.0, trainType=TrainType(id=e24bb484-516a-4aad-b37f-517e7139e913, name=ZhiDa, economyClass=2147483647, confortClass=2147483647, averageSpeed=120), route=Route(id=0b23bd3e-876a-4af3-b920-c50a90c90b04, stations=[shanghai, nanjing, shijiazhuang, taiyuan], distances=[0, 350, 1000, 1300], startStation=shanghai, endStation=taiyuan), prices={confortClass=350.0, economyClass=122.49999999999999})}]\n"",""stream"":""stdout"",""time"":""2025-06-06T09:22:18.581140465Z""}"
2025-06-06T09:22:17.750316731Z,1674984137750316731,33.33.33.115,ts-config-service-5fcd447d84-wxwjd,server,7bc40a3e531302e4338dc5bfa58fba01,fb923cf92f4339a3,"{""log"":""17:22:17.750 INFO  c.s.ConfigServiceImpl#65 TraceID: 7bc40a3e531302e4338dc5bfa58fba01 SpanID: fb923cf92f4339a3 [query][Query config success][config name: DirectTicketAllocationProportion]\n"",""stream"":""stdout"",""time"":""2025-06-06T09:22:17.750316731Z""}"
2025-06-06T09:22:18.580974607Z,1674984138580974607,33.33.33.76,ts-basic-service-5dc8d4f9fd-46997,server,f60ab4d7570fff13183028382ef12527,36c3e2664858aee2,"{""log"":""17:22:18.580 INFO  f.m.s.BasicServiceImpl#481 TraceID: f60ab4d7570fff13183028382ef12527 SpanID: 36c3e2664858aee2 [queryPriceConfigByRouteIdsAndTrainTypes][Get Price Config by routeId and trainType][Success][priceConfigs: {0b23bd3e-876a-4af3-b920-c50a90c90b04:ZhiDa={id=b90a6ad7-ffad-4624-9655-48e9e185fa6c, trainType=ZhiDa, routeId=0b23bd3e-876a-4af3-b920-c50a90c90b04, basicPriceRate=0.35, firstClassPriceRate=1.0}}]\n"",""stream"":""stdout"",""time"":""2025-06-06T09:22:18.580974607Z""}"
2025-06-06T09:22:17.749007699Z,1674984137749007699,33.33.33.115,ts-config-service-5fcd447d84-wxwjd,server,7bc40a3e531302e4338dc5bfa58fba01,fb923cf92f4339a3,"{""log"":""17:22:17.748 INFO  c.c.ConfigController#67 TraceID: 7bc40a3e531302e4338dc5bfa58fba01 SpanID: fb923cf92f4339a3 [retrieve][Retrieve config][configName: DirectTicketAllocationProportion]\n"",""stream"":""stdout"",""time"":""2025-06-06T09:22:17.749007699Z""}"
2025-06-06T09:22:18.573273777Z,1674984138573273777,33.33.33.76,ts-basic-service-5dc8d4f9fd-46997,server,f60ab4d7570fff13183028382ef12527,36c3e2664858aee2,"{""log"":""17:22:18.573 INFO  f.m.s.BasicServiceImpl#459 TraceID: f60ab4d7570fff13183028382ef12527 SpanID: 36c3e2664858aee2 [queryPriceConfigByRouteIdsAndTrainTypes][Query For Price Config][RouteId and TrainType: [0b23bd3e-876a-4af3-b920-c50a90c90b04:ZhiDa]]\n"",""stream"":""stdout"",""time"":""2025-06-06T09:22:18.573273777Z""}"
2025-06-06T09:22:18.572802085Z,1674984138572802085,33.33.33.76,ts-basic-service-5dc8d4f9fd-46997,server,f60ab4d7570fff13183028382ef12527,36c3e2664858aee2,"{""log"":""17:22:18.572 ERROR  f.m.s.BasicServiceImpl#415 TraceID: f60ab4d7570fff13183028382ef12527 SpanID: 36c3e2664858aee2 [getRoutesByRouteIds][Get Route By Ids Failed]\n"",""stream"":""stdout"",""time"":""2025-06-06T09:22:18.572802085Z""}"
2025-06-06T09:22:17.697332619Z,1674984137697332619,33.33.33.76,ts-basic-service-5dc8d4f9fd-46997,server,7bc40a3e531302e4338dc5bfa58fba01,2d24b0dbb68ab532,"{""log"":""17:22:17.697 INFO  f.m.s.BasicServiceImpl#320 TraceID: 7bc40a3e531302e4338dc5bfa58fba01 SpanID: 2d24b0dbb68ab532 [queryForTravels][all done][result map: {Z1236=TravelResult(status=true, percent=1.0, trainType=TrainType(id=e24bb484-516a-4aad-b37f-517e7139e913, name=ZhiDa, economyClass=2147483647, confortClass=2147483647, averageSpeed=120), route=Route(id=d693a2c5-ef87-4a3c-bef8-600b43f62c68, stations=[taiyuan, shijiazhuang, nanjing, shanghai], distances=[0, 300, 950, 1300], startStation=taiyuan, endStation=shanghai), prices={confortClass=350.0, economyClass=112.0})}]\n"",""stream"":""stdout"",""time"":""2025-06-06T09:22:17.697332619Z""}"
2025-06-06T09:22:18.554353026Z,1674984138554353026,33.33.33.76,ts-basic-service-5dc8d4f9fd-46997,server,f60ab4d7570fff13183028382ef12527,36c3e2664858aee2,"{""log"":""17:22:18.554 INFO  f.m.s.BasicServiceImpl#405 TraceID: f60ab4d7570fff13183028382ef12527 SpanID: 36c3e2664858aee2 [getRoutesByRouteIds][Get Route By Ids][Route IDs: [d693a2c5-ef87-4a3c-bef8-600b43f62c68, 1367db1f-461e-4ab7-87ad-2bcc05fd9cb7, 9fc9c261-3263-4bfa-82f8-bb44e06b2f52, 20eb7122-3a11-423f-b10a-be0dc5bce7db, 0b23bd3e-876a-4af3-b920-c50a90c90b04]]\n"",""stream"":""stdout"",""time"":""2025-06-06T09:22:18.554353026Z""}"
2025-06-06T09:22:17.69716572Z,1674984137697165720,33.33.33.76,ts-basic-service-5dc8d4f9fd-46997,server,7bc40a3e531302e4338dc5bfa58fba01,2d24b0dbb68ab532,"{""log"":""17:22:17.696 INFO  f.m.s.BasicServiceImpl#481 TraceID: 7bc40a3e531302e4338dc5bfa58fba01 SpanID: 2d24b0dbb68ab532 [queryPriceConfigByRouteIdsAndTrainTypes][Get Price Config by routeId and trainType][Success][priceConfigs: {d693a2c5-ef87-4a3c-bef8-600b43f62c68:ZhiDa={id=8b059dc5-01a2-4f8f-8f94-6c886b38bb34, trainType=ZhiDa, routeId=d693a2c5-ef87-4a3c-bef8-600b43f62c68, basicPriceRate=0.32, firstClassPriceRate=1.0}}]\n"",""stream"":""stdout"",""time"":""2025-06-06T09:22:17.69716572Z""}"
2025-06-06T09:22:18.54661952Z,1674984138546619520,33.33.33.76,ts-basic-service-5dc8d4f9fd-46997,server,f60ab4d7570fff13183028382ef12527,36c3e2664858aee2,"{""log"":""17:22:18.546 INFO  f.m.s.BasicServiceImpl#374 TraceID: f60ab4d7570fff13183028382ef12527 SpanID: 36c3e2664858aee2 [queryTrainTypeByNames][Query Train Type][Train Type names: [TeKuai, ZhiDa, KuaiSu]]\n"",""stream"":""stdout"",""time"":""2025-06-06T09:22:18.54661952Z""}"
2025-06-06T09:22:17.688195915Z,1674984137688195915,33.33.33.76,ts-basic-service-5dc8d4f9fd-46997,server,7bc40a3e531302e4338dc5bfa58fba01,2d24b0dbb68ab532,"{""log"":""17:22:17.687 INFO  f.m.s.BasicServiceImpl#459 TraceID: 7bc40a3e531302e4338dc5bfa58fba01 SpanID: 2d24b0dbb68ab532 [queryPriceConfigByRouteIdsAndTrainTypes][Query For Price Config][RouteId and TrainType: [d693a2c5-ef87-4a3c-bef8-600b43f62c68:ZhiDa]]\n"",""stream"":""stdout"",""time"":""2025-06-06T09:22:17.688195915Z""}"
2025-06-06T09:22:18.541110867Z,1674984138541110867,33.33.33.76,ts-basic-service-5dc8d4f9fd-46997,server,f60ab4d7570fff13183028382ef12527,36c3e2664858aee2,"{""log"":""17:22:18.540 INFO  f.m.s.BasicServiceImpl#343 TraceID: f60ab4d7570fff13183028382ef12527 SpanID: 36c3e2664858aee2 [checkStationsExists][Check Stations Exists][stationNames: [nanjing, shanghai]]\n"",""stream"":""stdout"",""time"":""2025-06-06T09:22:18.541110867Z""}"
2025-06-06T09:22:17.687660476Z,1674984137687660476,33.33.33.76,ts-basic-service-5dc8d4f9fd-46997,server,7bc40a3e531302e4338dc5bfa58fba01,2d24b0dbb68ab532,"{""log"":""17:22:17.687 ERROR  f.m.s.BasicServiceImpl#415 TraceID: 7bc40a3e531302e4338dc5bfa58fba01 SpanID: 2d24b0dbb68ab532 [getRoutesByRouteIds][Get Route By Ids Failed]\n"",""stream"":""stdout"",""time"":""2025-06-06T09:22:17.687660476Z""}"
2025-06-06T09:22:17.668536536Z,1674984137668536536,33.33.33.76,ts-basic-service-5dc8d4f9fd-46997,server,7bc40a3e531302e4338dc5bfa58fba01,2d24b0dbb68ab532,"{""log"":""17:22:17.668 INFO  f.m.s.BasicServiceImpl#405 TraceID: 7bc40a3e531302e4338dc5bfa58fba01 SpanID: 2d24b0dbb68ab532 [getRoutesByRouteIds][Get Route By Ids][Route IDs: [d693a2c5-ef87-4a3c-bef8-600b43f62c68, 1367db1f-461e-4ab7-87ad-2bcc05fd9cb7, 9fc9c261-3263-4bfa-82f8-bb44e06b2f52, 20eb7122-3a11-423f-b10a-be0dc5bce7db, 0b23bd3e-876a-4af3-b920-c50a90c90b04]]\n"",""stream"":""stdout"",""time"":""2025-06-06T09:22:17.668536536Z""}"
2025-06-06T09:22:17.659554167Z,1674984137659554167,33.33.33.76,ts-basic-service-5dc8d4f9fd-46997,server,7bc40a3e531302e4338dc5bfa58fba01,2d24b0dbb68ab532,"{""log"":""17:22:17.659 INFO  f.m.s.BasicServiceImpl#374 TraceID: 7bc40a3e531302e4338dc5bfa58fba01 SpanID: 2d24b0dbb68ab532 [queryTrainTypeByNames][Query Train Type][Train Type names: [TeKuai, ZhiDa, KuaiSu]]\n"",""stream"":""stdout"",""time"":""2025-06-06T09:22:17.659554167Z""}"
2025-06-06T09:22:17.653616958Z,1674984137653616958,33.33.33.76,ts-basic-service-5dc8d4f9fd-46997,server,7bc40a3e531302e4338dc5bfa58fba01,2d24b0dbb68ab532,"{""log"":""17:22:17.653 INFO  f.m.s.BasicServiceImpl#343 TraceID: 7bc40a3e531302e4338dc5bfa58fba01 SpanID: 2d24b0dbb68ab532 [checkStationsExists][Check Stations Exists][stationNames: [nanjing, shanghai]]\n"",""stream"":""stdout"",""time"":""2025-06-06T09:22:17.653616958Z""}"
2025-06-06T09:22:18.54102056Z,1674984138541020560,33.33.33.76,ts-basic-service-5dc8d4f9fd-46997,server,f60ab4d7570fff13183028382ef12527,36c3e2664858aee2,"{""log"":""17:22:18.540 INFO  f.m.c.BasicController#45 TraceID: f60ab4d7570fff13183028382ef12527 SpanID: 36c3e2664858aee2 [queryForTravels][Query for travels][Travels: [Travel(trip=Trip(id=8a533bf9-bd12-4608-a8eb-606890982448, tripId=Z1234, trainTypeName=ZhiDa, routeId=0b23bd3e-876a-4af3-b920-c50a90c90b04, startStationName=shanghai, stationsName=nanjing, terminalStationName=beijing, startTime=2013-05-04 09:51:52, endTime=2013-05-04 15:51:52), startPlace=shanghai, endPlace=nanjing, departureTime=2023-01-29 15:38:06), Travel(trip=Trip(id=5c63588e-ad31-4ded-98ac-f4a1a78a36b2, tripId=Z1235, trainTypeName=ZhiDa, routeId=9fc9c261-3263-4bfa-82f8-bb44e06b2f52, startStationName=shanghai, stationsName=nanjing, terminalStationName=beijing, startTime=2013-05-04 11:31:52, endTime=2013-05-04 17:51:52), startPlace=shanghai, endPlace=nanjing, departureTime=2023-01-29 15:38:06), Travel(trip=Trip(id=e1367946-9ecd-4ee6-acbf-8b705e8df59d, tripId=Z1236, trainTypeName=ZhiDa, routeId=d693a2c5-ef87-4a3c-bef8-600b43f62c68, startStationName=shanghai, stationsName=nanjing, terminalStationName=beijing, startTime=2013-05-04 7:05:52, endTime=2013-05-04 12:51:52), startPlace=shanghai, endPlace=nanjing, departureTime=2023-01-29 15:38:06), Travel(trip=Trip(id=502d2768-8480-47fc-91fd-f647267dfac6, tripId=T1235, trainTypeName=TeKuai, routeId=20eb7122-3a11-423f-b10a-be0dc5bce7db, startStationName=shanghai, stationsName=nanjing, terminalStationName=beijing, startTime=2013-05-04 08:31:52, endTime=2013-05-04 17:21:52), startPlace=shanghai, endPlace=nanjing, departureTime=2023-01-29 15:38:06), Travel(trip=Trip(id=a3c9545b-1889-4ea1-9015-b9af1896bc01, tripId=K1345, trainTypeName=KuaiSu, routeId=1367db1f-461e-4ab7-87ad-2bcc05fd9cb7, startStationName=shanghai, stationsName=nanjing, terminalStationName=beijing, startTime=2013-05-04 07:51:52, endTime=2013-05-04 19:59:52), startPlace=shanghai, endPlace=nanjing, departureTime=2023-01-29 15:38:06)]]\n"",""stream"":""stdout"",""time"":""2025-06-06T09:22:18.54102056Z""}"
2025-06-06T09:22:17.653473605Z,1674984137653473605,33.33.33.76,ts-basic-service-5dc8d4f9fd-46997,server,7bc40a3e531302e4338dc5bfa58fba01,2d24b0dbb68ab532,"{""log"":""17:22:17.652 INFO  f.m.c.BasicController#45 TraceID: 7bc40a3e531302e4338dc5bfa58fba01 SpanID: 2d24b0dbb68ab532 [queryForTravels][Query for travels][Travels: [Travel(trip=Trip(id=8a533bf9-bd12-4608-a8eb-606890982448, tripId=Z1234, trainTypeName=ZhiDa, routeId=0b23bd3e-876a-4af3-b920-c50a90c90b04, startStationName=shanghai, stationsName=nanjing, terminalStationName=beijing, startTime=2013-05-04 09:51:52, endTime=2013-05-04 15:51:52), startPlace=nanjing, endPlace=shanghai, departureTime=2023-01-29 15:38:06), Travel(trip=Trip(id=5c63588e-ad31-4ded-98ac-f4a1a78a36b2, tripId=Z1235, trainTypeName=ZhiDa, routeId=9fc9c261-3263-4bfa-82f8-bb44e06b2f52, startStationName=shanghai, stationsName=nanjing, terminalStationName=beijing, startTime=2013-05-04 11:31:52, endTime=2013-05-04 17:51:52), startPlace=nanjing, endPlace=shanghai, departureTime=2023-01-29 15:38:06), Travel(trip=Trip(id=e1367946-9ecd-4ee6-acbf-8b705e8df59d, tripId=Z1236, trainTypeName=ZhiDa, routeId=d693a2c5-ef87-4a3c-bef8-600b43f62c68, startStationName=shanghai, stationsName=nanjing, terminalStationName=beijing, startTime=2013-05-04 7:05:52, endTime=2013-05-04 12:51:52), startPlace=nanjing, endPlace=shanghai, departureTime=2023-01-29 15:38:06), Travel(trip=Trip(id=502d2768-8480-47fc-91fd-f647267dfac6, tripId=T1235, trainTypeName=TeKuai, routeId=20eb7122-3a11-423f-b10a-be0dc5bce7db, startStationName=shanghai, stationsName=nanjing, terminalStationName=beijing, startTime=2013-05-04 08:31:52, endTime=2013-05-04 17:21:52), startPlace=nanjing, endPlace=shanghai, departureTime=2023-01-29 15:38:06), Travel(trip=Trip(id=a3c9545b-1889-4ea1-9015-b9af1896bc01, tripId=K1345, trainTypeName=KuaiSu, routeId=1367db1f-461e-4ab7-87ad-2bcc05fd9cb7, startStationName=shanghai, stationsName=nanjing, terminalStationName=beijing, startTime=2013-05-04 07:51:52, endTime=2013-05-04 19:59:52), startPlace=nanjing, endPlace=shanghai, departureTime=2023-01-29 15:38:06)]]\n"",""stream"":""stdout"",""time"":""2025-06-06T09:22:17.653473605Z""}"
2025-06-06T09:23:01.166511276Z,1674984181166511276,33.33.33.116,ts-travel-service-64469b5b48-25zj6,server,e1f8ba5044caca32be3468e9e17d1fc5,f4c5dd55bc72cdcb,"{""log"":""17:23:01.166 INFO  t.s.TravelServiceImpl#532 TraceID: e1f8ba5044caca32be3468e9e17d1fc5 SpanID: f4c5dd55bc72cdcb [getRouteByRouteId][Get Route By Id][Route is: Route(id=f3d4d4ef-693b-4456-8eed-59c0d717dd08, stations=[shanghai, suzhou], distances=[0, 50], startStation=shanghai, endStation=suzhou)]\n"",""stream"":""stdout"",""time"":""2025-06-06T09:23:01.166511276Z""}"
2025-06-06T09:23:01.165968558Z,1674984181165968558,33.33.33.116,ts-travel-service-64469b5b48-25zj6,server,e1f8ba5044caca32be3468e9e17d1fc5,f4c5dd55bc72cdcb,"{""log"":""17:23:01.165 INFO  t.s.TravelServiceImpl#529 TraceID: e1f8ba5044caca32be3468e9e17d1fc5 SpanID: f4c5dd55bc72cdcb [getRouteByRouteId][Get Route By Id][Routes Response is : Response(status=1, msg=Success, data={id=f3d4d4ef-693b-4456-8eed-59c0d717dd08, stations=[shanghai, suzhou], distances=[0, 50], startStation=shanghai, endStation=suzhou})]\n"",""stream"":""stdout"",""time"":""2025-06-06T09:23:01.165968558Z""}"
2025-06-06T09:23:01.150477816Z,1674984181150477816,33.33.33.116,ts-travel-service-64469b5b48-25zj6,server,e1f8ba5044caca32be3468e9e17d1fc5,f4c5dd55bc72cdcb,"{""log"":""17:23:01.150 INFO  t.s.TravelServiceImpl#518 TraceID: e1f8ba5044caca32be3468e9e17d1fc5 SpanID: f4c5dd55bc72cdcb [getRouteByRouteId][Get Route By Id][Route ID：f3d4d4ef-693b-4456-8eed-59c0d717dd08]\n"",""stream"":""stdout"",""time"":""2025-06-06T09:23:01.150477816Z""}"
2025-06-06T09:23:01.148921336Z,1674984181148921336,33.33.33.116,ts-travel-service-64469b5b48-25zj6,server,e1f8ba5044caca32be3468e9e17d1fc5,f4c5dd55bc72cdcb,"{""log"":""17:23:01.148 INFO  t.c.TravelController#53 TraceID: e1f8ba5044caca32be3468e9e17d1fc5 SpanID: f4c5dd55bc72cdcb [getRouteByTripId][Get Route By Trip ID][TripId: D1345]\n"",""stream"":""stdout"",""time"":""2025-06-06T09:23:01.148921336Z""}"
2025-06-06T09:23:01.1384902Z,1674984181138490200,33.33.33.74,ts-train-food-service-59bbbdd99b-b67ts,server,e1f8ba5044caca32be3468e9e17d1fc5,355ef2161326d0b2,"{""log"":""17:23:01.137 INFO  t.c.TrainFoodController#37 TraceID: e1f8ba5044caca32be3468e9e17d1fc5 SpanID: 355ef2161326d0b2 [Food Map Service][Get TrainFoods By TripId]\n"",""stream"":""stdout"",""time"":""2025-06-06T09:23:01.1384902Z""}"
2025-06-06T09:23:01.180634985Z,1674984181180634985,33.33.33.80,ts-station-food-service-dc4d75dd-fw6ft,server,e1f8ba5044caca32be3468e9e17d1fc5,273cfe287dd1c9a8,"{""log"":""17:23:01.179 INFO  f.c.StationFoodController#46 TraceID: e1f8ba5044caca32be3468e9e17d1fc5 SpanID: 273cfe287dd1c9a8 [Food Map Service][Get FoodStores By StationNames]\n"",""stream"":""stdout"",""time"":""2025-06-06T09:23:01.180634985Z""}"
2025-06-06T09:23:01.157195218Z,1674984181157195218,33.33.33.80,ts-route-service-b6c59fb57-zv8dt,server,e1f8ba5044caca32be3468e9e17d1fc5,33099b88b51053f6,"{""log"":""17:23:01.156 INFO  r.c.RouteController#47 TraceID: e1f8ba5044caca32be3468e9e17d1fc5 SpanID: 33099b88b51053f6 [getRouteById][Query route by id][RouteId: f3d4d4ef-693b-4456-8eed-59c0d717dd08]\n"",""stream"":""stdout"",""time"":""2025-06-06T09:23:01.157195218Z""}"
2025-06-06T09:23:01.189298895Z,1674984181189298895,33.33.33.155,ts-food-service-f5756978c-k8vqf,server,e1f8ba5044caca32be3468e9e17d1fc5,f74e54aae4914183,"{""log"":""17:23:01.188 ERROR f.s.FoodServiceImpl#302 TraceID: e1f8ba5044caca32be3468e9e17d1fc5 SpanID: f74e54aae4914183 [getAllFood][Get the Get Food Request Failed!][foodStoresListResult is null][date: 2021-07-14, tripId: D1345]\n"",""stream"":""stdout"",""time"":""2025-06-06T09:23:01.189298895Z""}"
2025-06-06T09:23:01.14454886Z,1674984181144548860,33.33.33.155,ts-food-service-f5756978c-k8vqf,server,e1f8ba5044caca32be3468e9e17d1fc5,f74e54aae4914183,"{""log"":""17:23:01.144 INFO  f.s.FoodServiceImpl#243 TraceID: e1f8ba5044caca32be3468e9e17d1fc5 SpanID: f74e54aae4914183 [getAllFood][Get Train Food List!]\n"",""stream"":""stdout"",""time"":""2025-06-06T09:23:01.14454886Z""}"
2025-06-06T09:23:01.144435776Z,1674984181144435776,33.33.33.155,ts-food-service-f5756978c-k8vqf,server,e1f8ba5044caca32be3468e9e17d1fc5,f74e54aae4914183,"{""log"":""17:23:01.144 INFO  f.s.FoodServiceImpl#240 TraceID: e1f8ba5044caca32be3468e9e17d1fc5 SpanID: f74e54aae4914183 [getAllFood][Get Train Food Start!]\n"",""stream"":""stdout"",""time"":""2025-06-06T09:23:01.144435776Z""}"
2025-06-06T09:23:01.130610138Z,1674984181130610138,33.33.33.155,ts-food-service-f5756978c-k8vqf,server,e1f8ba5044caca32be3468e9e17d1fc5,f74e54aae4914183,"{""log"":""17:23:01.130 INFO  f.s.FoodServiceImpl#214 TraceID: e1f8ba5044caca32be3468e9e17d1fc5 SpanID: f74e54aae4914183 [getAllFood][get All Food with info][data:2021-07-14 start:Shang Hai end:Su Zhou tripid:D1345]\n"",""stream"":""stdout"",""time"":""2025-06-06T09:23:01.130610138Z""}"
2025-06-06T09:23:01.130404424Z,1674984181130404424,33.33.33.155,ts-food-service-f5756978c-k8vqf,server,e1f8ba5044caca32be3468e9e17d1fc5,f74e54aae4914183,"{""log"":""17:23:01.129 INFO  f.c.FoodController#93 TraceID: e1f8ba5044caca32be3468e9e17d1fc5 SpanID: f74e54aae4914183 [getAllFood][Get Food Request!]\n"",""stream"":""stdout"",""time"":""2025-06-06T09:23:01.130404424Z""}"
2025-06-06T09:22:18.20256706Z,1674984138202567060,33.33.33.167,ts-travel2-service-5c66d57d58-6mp2b,server,29d0f10df1e5f6afc3179d8b059d9941,f6d8c8b2ce26f4a4,"{""log"":""17:22:18.202 INFO  t.s.TravelServiceImpl#372 TraceID: 29d0f10df1e5f6afc3179d8b059d9941 SpanID: f6d8c8b2ce26f4a4 [getTickets][Calculate distance][calculate time：175  time: Sat May 04 12:46:52 CST 2013]\n"",""stream"":""stdout"",""time"":""2025-06-06T09:22:18.20256706Z""}"
2025-06-06T09:22:18.202454367Z,1674984138202454367,33.33.33.167,ts-travel2-service-5c66d57d58-6mp2b,server,29d0f10df1e5f6afc3179d8b059d9941,f6d8c8b2ce26f4a4,"{""log"":""17:22:18.202 INFO  t.s.TravelServiceImpl#366 TraceID: 29d0f10df1e5f6afc3179d8b059d9941 SpanID: f6d8c8b2ce26f4a4 [getTickets][Calculate distance][calculate time：0  time: Sat May 04 09:51:52 CST 2013]\n"",""stream"":""stdout"",""time"":""2025-06-06T09:22:18.202454367Z""}"
2025-06-06T09:22:18.202244593Z,1674984138202244593,33.33.33.167,ts-travel2-service-5c66d57d58-6mp2b,server,29d0f10df1e5f6afc3179d8b059d9941,f6d8c8b2ce26f4a4,"{""log"":""17:22:18.201 INFO  t.s.TravelServiceImpl#469 TraceID: 29d0f10df1e5f6afc3179d8b059d9941 SpanID: f6d8c8b2ce26f4a4 [getRestTicketNumber][Get Rest tickets num][num is: Response(status=1, msg=Get Left Ticket of Internal Success, data=1073741823)]\n"",""stream"":""stdout"",""time"":""2025-06-06T09:22:18.202244593Z""}"
2025-06-06T09:22:18.186159334Z,1674984138186159334,33.33.33.167,ts-travel2-service-5c66d57d58-6mp2b,server,29d0f10df1e5f6afc3179d8b059d9941,f6d8c8b2ce26f4a4,"{""log"":""17:22:18.185 INFO  t.s.TravelServiceImpl#459 TraceID: 29d0f10df1e5f6afc3179d8b059d9941 SpanID: f6d8c8b2ce26f4a4 [getRestTicketNumber][Seat request][request: Seat(travelDate=2023-01-29 15:38:06, trainNumber=Z1234, startStation=shanghai, destStation=nanjing, seatType=3, totalNum=2147483647, stations=[shanghai, nanjing, shijiazhuang, taiyuan])]\n"",""stream"":""stdout"",""time"":""2025-06-06T09:22:18.186159334Z""}"
2025-06-06T09:22:18.18604565Z,1674984138186045650,33.33.33.167,ts-travel2-service-5c66d57d58-6mp2b,server,29d0f10df1e5f6afc3179d8b059d9941,f6d8c8b2ce26f4a4,"{""log"":""17:22:18.185 INFO  t.s.TravelServiceImpl#469 TraceID: 29d0f10df1e5f6afc3179d8b059d9941 SpanID: f6d8c8b2ce26f4a4 [getRestTicketNumber][Get Rest tickets num][num is: Response(status=1, msg=Get Left Ticket of Internal Success, data=1073741823)]\n"",""stream"":""stdout"",""time"":""2025-06-06T09:22:18.18604565Z""}"
2025-06-06T09:22:18.144672951Z,1674984138144672951,33.33.33.167,ts-travel2-service-5c66d57d58-6mp2b,server,29d0f10df1e5f6afc3179d8b059d9941,f6d8c8b2ce26f4a4,"{""log"":""17:22:18.143 INFO  t.s.TravelServiceImpl#459 TraceID: 29d0f10df1e5f6afc3179d8b059d9941 SpanID: f6d8c8b2ce26f4a4 [getRestTicketNumber][Seat request][request: Seat(travelDate=2023-01-29 15:38:06, trainNumber=Z1234, startStation=shanghai, destStation=nanjing, seatType=2, totalNum=2147483647, stations=[shanghai, nanjing, shijiazhuang, taiyuan])]\n"",""stream"":""stdout"",""time"":""2025-06-06T09:22:18.144672951Z""}"
2025-06-06T09:22:18.097501025Z,1674984138097501025,33.33.33.167,ts-travel2-service-5c66d57d58-6mp2b,server,29d0f10df1e5f6afc3179d8b059d9941,f6d8c8b2ce26f4a4,"{""log"":""17:22:18.096 INFO  t.s.TravelServiceImpl#260 TraceID: 29d0f10df1e5f6afc3179d8b059d9941 SpanID: f6d8c8b2ce26f4a4 [getTicketsByBatch][before get basic][trips: [Trip(id=8a533bf9-bd12-4608-a8eb-606890982448, tripId=Z1234, trainTypeName=ZhiDa, routeId=0b23bd3e-876a-4af3-b920-c50a90c90b04, startStationName=shanghai, stationsName=nanjing, terminalStationName=beijing, startTime=2013-05-04 09:51:52, endTime=2013-05-04 15:51:52), Trip(id=5c63588e-ad31-4ded-98ac-f4a1a78a36b2, tripId=Z1235, trainTypeName=ZhiDa, routeId=9fc9c261-3263-4bfa-82f8-bb44e06b2f52, startStationName=shanghai, stationsName=nanjing, terminalStationName=beijing, startTime=2013-05-04 11:31:52, endTime=2013-05-04 17:51:52), Trip(id=e1367946-9ecd-4ee6-acbf-8b705e8df59d, tripId=Z1236, trainTypeName=ZhiDa, routeId=d693a2c5-ef87-4a3c-bef8-600b43f62c68, startStationName=shanghai, stationsName=nanjing, terminalStationName=beijing, startTime=2013-05-04 7:05:52, endTime=2013-05-04 12:51:52), Trip(id=502d2768-8480-47fc-91fd-f647267dfac6, tripId=T1235, trainTypeName=TeKuai, routeId=20eb7122-3a11-423f-b10a-be0dc5bce7db, startStationName=shanghai, stationsName=nanjing, terminalStationName=beijing, startTime=2013-05-04 08:31:52, endTime=2013-05-04 17:21:52), Trip(id=a3c9545b-1889-4ea1-9015-b9af1896bc01, tripId=K1345, trainTypeName=KuaiSu, routeId=1367db1f-461e-4ab7-87ad-2bcc05fd9cb7, startStationName=shanghai, stationsName=nanjing, terminalStationName=beijing, startTime=2013-05-04 07:51:52, endTime=2013-05-04 19:59:52)]]\n"",""stream"":""stdout"",""time"":""2025-06-06T09:22:18.097501025Z""}"
2025-06-06T09:22:18.093560142Z,1674984138093560142,33.33.33.167,ts-travel2-service-5c66d57d58-6mp2b,server,29d0f10df1e5f6afc3179d8b059d9941,f6d8c8b2ce26f4a4,"{""log"":""17:22:18.093 INFO  t.c.Travel2Controller#115 TraceID: 29d0f10df1e5f6afc3179d8b059d9941 SpanID: f6d8c8b2ce26f4a4 [query][Query TripResponse]\n"",""stream"":""stdout"",""time"":""2025-06-06T09:22:18.093560142Z""}"
2025-06-06T09:22:18.109124401Z,1674984138109124401,33.33.33.79,ts-train-service-86f5f97bc9-dkqmf,server,29d0f10df1e5f6afc3179d8b059d9941,c7e055dc044783ac,"{""log"":""17:22:18.108 INFO  t.c.TrainController#72 TraceID: 29d0f10df1e5f6afc3179d8b059d9941 SpanID: c7e055dc044783ac [retrieveByNames][Retrieve train][TrainTypeNames: [TeKuai, ZhiDa, KuaiSu]]\n"",""stream"":""stdout"",""time"":""2025-06-06T09:22:18.109124401Z""}"
2025-06-06T09:22:18.102585708Z,1674984138102585708,33.33.33.76,ts-station-service-7f4f5f6f77-5qb6j,server,29d0f10df1e5f6afc3179d8b059d9941,f420b823f37dcc77,"{""log"":""17:22:18.102 INFO  f.m.c.StationController#71 TraceID: 29d0f10df1e5f6afc3179d8b059d9941 SpanID: f420b823f37dcc77 [queryForIdBatch][Query stations for id batch][StationNameNumbers: 2]\n"",""stream"":""stdout"",""time"":""2025-06-06T09:22:18.102585708Z""}"
2025-06-06T09:22:18.200759619Z,1674984138200759619,33.33.33.82,ts-seat-service-5c95b49cff-tdsdz,server,29d0f10df1e5f6afc3179d8b059d9941,695cf69f094a95d1,"{""log"":""17:22:18.200 INFO  s.s.SeatServiceImpl#217 TraceID: 29d0f10df1e5f6afc3179d8b059d9941 SpanID: 695cf69f094a95d1 [getDirectProportion][Configs is : Config(name=DirectTicketAllocationProportion, value=0.5, description=Allocation Proportion Of The Direct Ticket - From Start To End)]\n"",""stream"":""stdout"",""time"":""2025-06-06T09:22:18.200759619Z""}"
2025-06-06T09:22:18.196019607Z,1674984138196019607,33.33.33.82,ts-seat-service-5c95b49cff-tdsdz,server,29d0f10df1e5f6afc3179d8b059d9941,695cf69f094a95d1,"{""log"":""17:22:18.195 INFO  s.s.SeatServiceImpl#166 TraceID: 29d0f10df1e5f6afc3179d8b059d9941 SpanID: 695cf69f094a95d1 [getLeftTicketOfInterval][Get Order tickets result][result is \u003c200,Response(status=0, msg=Seat is Null., data=null),[vary:\""Origin,Access-Control-Request-Method,Access-Control-Request-Headers\"", x-content-type-options:\""nosniff\"", x-xss-protection:\""1; mode=block\"", cache-control:\""no-cache, no-store, max-age=0, must-revalidate\"", pragma:\""no-cache\"", expires:\""0\"", x-frame-options:\""DENY\"", content-type:\""application/json\"", date:\""Sun, 29 Jan 2023 09:22:17 GMT\"", x-envoy-upstream-service-time:\""4\"", server:\""envoy\"", transfer-encoding:\""chunked\""]\u003e]\n"",""stream"":""stdout"",""time"":""2025-06-06T09:22:18.196019607Z""}"
2025-06-06T09:22:18.189848486Z,1674984138189848486,33.33.33.82,ts-seat-service-5c95b49cff-tdsdz,server,29d0f10df1e5f6afc3179d8b059d9941,695cf69f094a95d1,"{""log"":""17:22:18.189 INFO  s.s.SeatServiceImpl#154 TraceID: 29d0f10df1e5f6afc3179d8b059d9941 SpanID: 695cf69f094a95d1 [getLeftTicketOfInterval][TrainNumber start with other capital][trainNumber:Z1234]\n"",""stream"":""stdout"",""time"":""2025-06-06T09:22:18.189848486Z""}"
2025-06-06T09:22:18.189427457Z,1674984138189427457,33.33.33.82,ts-seat-service-5c95b49cff-tdsdz,server,29d0f10df1e5f6afc3179d8b059d9941,695cf69f094a95d1,"{""log"":""17:22:18.188 INFO  s.s.SeatServiceImpl#137 TraceID: 29d0f10df1e5f6afc3179d8b059d9941 SpanID: 695cf69f094a95d1 [getLeftTicketOfInterval][Seat request][request:Seat(travelDate=2023-01-29 15:38:06, trainNumber=Z1234, startStation=shanghai, destStation=nanjing, seatType=3, totalNum=2147483647, stations=[shanghai, nanjing, shijiazhuang, taiyuan])]\n"",""stream"":""stdout"",""time"":""2025-06-06T09:22:18.189427457Z""}"
2025-06-06T09:22:18.189069003Z,1674984138189069003,33.33.33.82,ts-seat-service-5c95b49cff-tdsdz,server,29d0f10df1e5f6afc3179d8b059d9941,695cf69f094a95d1,"{""log"":""17:22:18.188 INFO  s.c.SeatController#57 TraceID: 29d0f10df1e5f6afc3179d8b059d9941 SpanID: 695cf69f094a95d1 [getLeftTicketOfInterval][Get left ticket of interval][TravelDate: 2023-01-29 15:38:06,TrainNumber: Z1234,SeatType: 3]\n"",""stream"":""stdout"",""time"":""2025-06-06T09:22:18.189069003Z""}"
2025-06-06T09:22:18.184209492Z,1674984138184209492,33.33.33.82,ts-seat-service-5c95b49cff-tdsdz,server,29d0f10df1e5f6afc3179d8b059d9941,8e0a7515bfe4c60a,"{""log"":""17:22:18.183 INFO  s.s.SeatServiceImpl#217 TraceID: 29d0f10df1e5f6afc3179d8b059d9941 SpanID: 8e0a7515bfe4c60a [getDirectProportion][Configs is : Config(name=DirectTicketAllocationProportion, value=0.5, description=Allocation Proportion Of The Direct Ticket - From Start To End)]\n"",""stream"":""stdout"",""time"":""2025-06-06T09:22:18.184209492Z""}"
2025-06-06T09:22:18.154392514Z,1674984138154392514,33.33.33.82,ts-seat-service-5c95b49cff-tdsdz,server,29d0f10df1e5f6afc3179d8b059d9941,8e0a7515bfe4c60a,"{""log"":""17:22:18.153 INFO  s.s.SeatServiceImpl#166 TraceID: 29d0f10df1e5f6afc3179d8b059d9941 SpanID: 8e0a7515bfe4c60a [getLeftTicketOfInterval][Get Order tickets result][result is \u003c200,Response(status=0, msg=Seat is Null., data=null),[vary:\""Origin,Access-Control-Request-Method,Access-Control-Request-Headers\"", x-content-type-options:\""nosniff\"", x-xss-protection:\""1; mode=block\"", cache-control:\""no-cache, no-store, max-age=0, must-revalidate\"", pragma:\""no-cache\"", expires:\""0\"", x-frame-options:\""DENY\"", content-type:\""application/json\"", date:\""Sun, 29 Jan 2023 09:22:17 GMT\"", x-envoy-upstream-service-time:\""4\"", server:\""envoy\"", transfer-encoding:\""chunked\""]\u003e]\n"",""stream"":""stdout"",""time"":""2025-06-06T09:22:18.154392514Z""}"
2025-06-06T09:22:18.148404536Z,1674984138148404536,33.33.33.82,ts-seat-service-5c95b49cff-tdsdz,server,29d0f10df1e5f6afc3179d8b059d9941,8e0a7515bfe4c60a,"{""log"":""17:22:18.147 INFO  s.s.SeatServiceImpl#154 TraceID: 29d0f10df1e5f6afc3179d8b059d9941 SpanID: 8e0a7515bfe4c60a [getLeftTicketOfInterval][TrainNumber start with other capital][trainNumber:Z1234]\n"",""stream"":""stdout"",""time"":""2025-06-06T09:22:18.148404536Z""}"
2025-06-06T09:22:18.14804748Z,1674984138148047480,33.33.33.82,ts-seat-service-5c95b49cff-tdsdz,server,29d0f10df1e5f6afc3179d8b059d9941,8e0a7515bfe4c60a,"{""log"":""17:22:18.147 INFO  s.s.SeatServiceImpl#137 TraceID: 29d0f10df1e5f6afc3179d8b059d9941 SpanID: 8e0a7515bfe4c60a [getLeftTicketOfInterval][Seat request][request:Seat(travelDate=2023-01-29 15:38:06, trainNumber=Z1234, startStation=shanghai, destStation=nanjing, seatType=2, totalNum=2147483647, stations=[shanghai, nanjing, shijiazhuang, taiyuan])]\n"",""stream"":""stdout"",""time"":""2025-06-06T09:22:18.14804748Z""}"
2025-06-06T09:22:18.147741804Z,1674984138147741804,33.33.33.82,ts-seat-service-5c95b49cff-tdsdz,server,29d0f10df1e5f6afc3179d8b059d9941,8e0a7515bfe4c60a,"{""log"":""17:22:18.147 INFO  s.c.SeatController#57 TraceID: 29d0f10df1e5f6afc3179d8b059d9941 SpanID: 8e0a7515bfe4c60a [getLeftTicketOfInterval][Get left ticket of interval][TravelDate: 2023-01-29 15:38:06,TrainNumber: Z1234,SeatType: 2]\n"",""stream"":""stdout"",""time"":""2025-06-06T09:22:18.147741804Z""}"
2025-06-06T09:22:18.117788738Z,1674984138117788738,33.33.33.80,ts-route-service-b6c59fb57-zv8dt,server,29d0f10df1e5f6afc3179d8b059d9941,29678598b22d7e07,"{""log"":""17:22:18.116 INFO  r.c.RouteController#53 TraceID: 29d0f10df1e5f6afc3179d8b059d9941 SpanID: 29678598b22d7e07 [getRouteById][Query route by id][RouteId: [d693a2c5-ef87-4a3c-bef8-600b43f62c68, 1367db1f-461e-4ab7-87ad-2bcc05fd9cb7, 9fc9c261-3263-4bfa-82f8-bb44e06b2f52, 20eb7122-3a11-423f-b10a-be0dc5bce7db, 0b23bd3e-876a-4af3-b920-c50a90c90b04]]\n"",""stream"":""stdout"",""time"":""2025-06-06T09:22:18.117788738Z""}"
2025-06-06T09:22:18.137012201Z,1674984138137012201,33.33.33.79,ts-price-service-76846864d9-g465z,server,29d0f10df1e5f6afc3179d8b059d9941,c919712d6d6c0e07,"{""log"":""17:22:18.135 INFO  p.c.PriceController#46 TraceID: 29d0f10df1e5f6afc3179d8b059d9941 SpanID: c919712d6d6c0e07 [findByRouteIdAndTrainType][Query price][routeId and Train Type: [0b23bd3e-876a-4af3-b920-c50a90c90b04:ZhiDa]]\n"",""stream"":""stdout"",""time"":""2025-06-06T09:22:18.137012201Z""}"
2025-06-06T09:22:18.193505552Z,1674984138193505552,33.33.33.155,ts-order-other-service-6cdbf9b4cc-h7mqk,server,29d0f10df1e5f6afc3179d8b059d9941,ffc5841899b8a517,"{""log"":""17:22:18.193 WARN  o.s.OrderOtherServiceImpl#72 TraceID: 29d0f10df1e5f6afc3179d8b059d9941 SpanID: ffc5841899b8a517 [getSoldTickets][Seat][No content][seat from date: 2023-01-29 15:38:06, train number: Z1234\n"",""stream"":""stdout"",""time"":""2025-06-06T09:22:18.193505552Z""}"
2025-06-06T09:22:18.192072182Z,1674984138192072182,33.33.33.155,ts-order-other-service-6cdbf9b4cc-h7mqk,server,29d0f10df1e5f6afc3179d8b059d9941,ffc5841899b8a517,"{""log"":""17:22:18.191 INFO  o.c.OrderOtherController#42 TraceID: 29d0f10df1e5f6afc3179d8b059d9941 SpanID: ffc5841899b8a517 [getSoldTickets][Get Sold Ticket][Travel Date: 2023-01-29 15:38:06]\n"",""stream"":""stdout"",""time"":""2025-06-06T09:22:18.192072182Z""}"
2025-06-06T09:22:18.152383412Z,1674984138152383412,33.33.33.155,ts-order-other-service-6cdbf9b4cc-h7mqk,server,29d0f10df1e5f6afc3179d8b059d9941,45abcb7361e2a02f,"{""log"":""17:22:18.152 WARN  o.s.OrderOtherServiceImpl#72 TraceID: 29d0f10df1e5f6afc3179d8b059d9941 SpanID: 45abcb7361e2a02f [getSoldTickets][Seat][No content][seat from date: 2023-01-29 15:38:06, train number: Z1234\n"",""stream"":""stdout"",""time"":""2025-06-06T09:22:18.152383412Z""}"
2025-06-06T09:22:18.151227453Z,1674984138151227453,33.33.33.155,ts-order-other-service-6cdbf9b4cc-h7mqk,server,29d0f10df1e5f6afc3179d8b059d9941,45abcb7361e2a02f,"{""log"":""17:22:18.150 INFO  o.c.OrderOtherController#42 TraceID: 29d0f10df1e5f6afc3179d8b059d9941 SpanID: 45abcb7361e2a02f [getSoldTickets][Get Sold Ticket][Travel Date: 2023-01-29 15:38:06]\n"",""stream"":""stdout"",""time"":""2025-06-06T09:22:18.151227453Z""}"
2025-06-06T09:22:18.198891493Z,1674984138198891493,33.33.33.115,ts-config-service-5fcd447d84-wxwjd,server,29d0f10df1e5f6afc3179d8b059d9941,180178009dee95ad,"{""log"":""17:22:18.198 INFO  c.s.ConfigServiceImpl#65 TraceID: 29d0f10df1e5f6afc3179d8b059d9941 SpanID: 180178009dee95ad [query][Query config success][config name: DirectTicketAllocationProportion]\n"",""stream"":""stdout"",""time"":""2025-06-06T09:22:18.198891493Z""}"
2025-06-06T09:22:18.198081445Z,1674984138198081445,33.33.33.115,ts-config-service-5fcd447d84-wxwjd,server,29d0f10df1e5f6afc3179d8b059d9941,180178009dee95ad,"{""log"":""17:22:18.197 INFO  c.c.ConfigController#67 TraceID: 29d0f10df1e5f6afc3179d8b059d9941 SpanID: 180178009dee95ad [retrieve][Retrieve config][configName: DirectTicketAllocationProportion]\n"",""stream"":""stdout"",""time"":""2025-06-06T09:22:18.198081445Z""}"
2025-06-06T09:22:18.15733354Z,1674984138157333540,33.33.33.115,ts-config-service-5fcd447d84-wxwjd,server,29d0f10df1e5f6afc3179d8b059d9941,0a7cf07ee47422e9,"{""log"":""17:22:18.157 INFO  c.s.ConfigServiceImpl#65 TraceID: 29d0f10df1e5f6afc3179d8b059d9941 SpanID: 0a7cf07ee47422e9 [query][Query config success][config name: DirectTicketAllocationProportion]\n"",""stream"":""stdout"",""time"":""2025-06-06T09:22:18.15733354Z""}"
2025-06-06T09:22:18.156471057Z,1674984138156471057,33.33.33.115,ts-config-service-5fcd447d84-wxwjd,server,29d0f10df1e5f6afc3179d8b059d9941,0a7cf07ee47422e9,"{""log"":""17:22:18.156 INFO  c.c.ConfigController#67 TraceID: 29d0f10df1e5f6afc3179d8b059d9941 SpanID: 0a7cf07ee47422e9 [retrieve][Retrieve config][configName: DirectTicketAllocationProportion]\n"",""stream"":""stdout"",""time"":""2025-06-06T09:22:18.156471057Z""}"
2025-06-06T09:22:18.141171798Z,1674984138141171798,33.33.33.76,ts-basic-service-5dc8d4f9fd-46997,server,29d0f10df1e5f6afc3179d8b059d9941,74d15000c7e23ec0,"{""log"":""17:22:18.140 INFO  f.m.s.BasicServiceImpl#320 TraceID: 29d0f10df1e5f6afc3179d8b059d9941 SpanID: 74d15000c7e23ec0 [queryForTravels][all done][result map: {Z1234=TravelResult(status=true, percent=1.0, trainType=TrainType(id=e24bb484-516a-4aad-b37f-517e7139e913, name=ZhiDa, economyClass=2147483647, confortClass=2147483647, averageSpeed=120), route=Route(id=0b23bd3e-876a-4af3-b920-c50a90c90b04, stations=[shanghai, nanjing, shijiazhuang, taiyuan], distances=[0, 350, 1000, 1300], startStation=shanghai, endStation=taiyuan), prices={confortClass=350.0, economyClass=122.49999999999999})}]\n"",""stream"":""stdout"",""time"":""2025-06-06T09:22:18.141171798Z""}"
2025-06-06T09:22:18.140934427Z,1674984138140934427,33.33.33.76,ts-basic-service-5dc8d4f9fd-46997,server,29d0f10df1e5f6afc3179d8b059d9941,74d15000c7e23ec0,"{""log"":""17:22:18.140 INFO  f.m.s.BasicServiceImpl#481 TraceID: 29d0f10df1e5f6afc3179d8b059d9941 SpanID: 74d15000c7e23ec0 [queryPriceConfigByRouteIdsAndTrainTypes][Get Price Config by routeId and trainType][Success][priceConfigs: {0b23bd3e-876a-4af3-b920-c50a90c90b04:ZhiDa={id=b90a6ad7-ffad-4624-9655-48e9e185fa6c, trainType=ZhiDa, routeId=0b23bd3e-876a-4af3-b920-c50a90c90b04, basicPriceRate=0.35, firstClassPriceRate=1.0}}]\n"",""stream"":""stdout"",""time"":""2025-06-06T09:22:18.140934427Z""}"
2025-06-06T09:22:18.132674788Z,1674984138132674788,33.33.33.76,ts-basic-service-5dc8d4f9fd-46997,server,29d0f10df1e5f6afc3179d8b059d9941,74d15000c7e23ec0,"{""log"":""17:22:18.131 INFO  f.m.s.BasicServiceImpl#459 TraceID: 29d0f10df1e5f6afc3179d8b059d9941 SpanID: 74d15000c7e23ec0 [queryPriceConfigByRouteIdsAndTrainTypes][Query For Price Config][RouteId and TrainType: [0b23bd3e-876a-4af3-b920-c50a90c90b04:ZhiDa]]\n"",""stream"":""stdout"",""time"":""2025-06-06T09:22:18.132674788Z""}"
2025-06-06T09:22:18.132657671Z,1674984138132657671,33.33.33.76,ts-basic-service-5dc8d4f9fd-46997,server,29d0f10df1e5f6afc3179d8b059d9941,74d15000c7e23ec0,"{""log"":""17:22:18.131 ERROR  f.m.s.BasicServiceImpl#415 TraceID: 29d0f10df1e5f6afc3179d8b059d9941 SpanID: 74d15000c7e23ec0 [getRoutesByRouteIds][Get Route By Ids Failed]\n"",""stream"":""stdout"",""time"":""2025-06-06T09:22:18.132657671Z""}"
2025-06-06T09:22:18.113368199Z,1674984138113368199,33.33.33.76,ts-basic-service-5dc8d4f9fd-46997,server,29d0f10df1e5f6afc3179d8b059d9941,74d15000c7e23ec0,"{""log"":""17:22:18.113 INFO  f.m.s.BasicServiceImpl#405 TraceID: 29d0f10df1e5f6afc3179d8b059d9941 SpanID: 74d15000c7e23ec0 [getRoutesByRouteIds][Get Route By Ids][Route IDs: [d693a2c5-ef87-4a3c-bef8-600b43f62c68, 1367db1f-461e-4ab7-87ad-2bcc05fd9cb7, 9fc9c261-3263-4bfa-82f8-bb44e06b2f52, 20eb7122-3a11-423f-b10a-be0dc5bce7db, 0b23bd3e-876a-4af3-b920-c50a90c90b04]]\n"",""stream"":""stdout"",""time"":""2025-06-06T09:22:18.113368199Z""}"
2025-06-06T09:22:18.10482653Z,1674984138104826530,33.33.33.76,ts-basic-service-5dc8d4f9fd-46997,server,29d0f10df1e5f6afc3179d8b059d9941,74d15000c7e23ec0,"{""log"":""17:22:18.104 INFO  f.m.s.BasicServiceImpl#374 TraceID: 29d0f10df1e5f6afc3179d8b059d9941 SpanID: 74d15000c7e23ec0 [queryTrainTypeByNames][Query Train Type][Train Type names: [TeKuai, ZhiDa, KuaiSu]]\n"",""stream"":""stdout"",""time"":""2025-06-06T09:22:18.10482653Z""}"
2025-06-06T09:22:18.100344935Z,1674984138100344935,33.33.33.76,ts-basic-service-5dc8d4f9fd-46997,server,29d0f10df1e5f6afc3179d8b059d9941,74d15000c7e23ec0,"{""log"":""17:22:18.100 INFO  f.m.s.BasicServiceImpl#343 TraceID: 29d0f10df1e5f6afc3179d8b059d9941 SpanID: 74d15000c7e23ec0 [checkStationsExists][Check Stations Exists][stationNames: [nanjing, shanghai]]\n"",""stream"":""stdout"",""time"":""2025-06-06T09:22:18.100344935Z""}"
2025-06-06T09:22:18.100234599Z,1674984138100234599,33.33.33.76,ts-basic-service-5dc8d4f9fd-46997,server,29d0f10df1e5f6afc3179d8b059d9941,74d15000c7e23ec0,"{""log"":""17:22:18.099 INFO  f.m.c.BasicController#45 TraceID: 29d0f10df1e5f6afc3179d8b059d9941 SpanID: 74d15000c7e23ec0 [queryForTravels][Query for travels][Travels: [Travel(trip=Trip(id=8a533bf9-bd12-4608-a8eb-606890982448, tripId=Z1234, trainTypeName=ZhiDa, routeId=0b23bd3e-876a-4af3-b920-c50a90c90b04, startStationName=shanghai, stationsName=nanjing, terminalStationName=beijing, startTime=2013-05-04 09:51:52, endTime=2013-05-04 15:51:52), startPlace=shanghai, endPlace=nanjing, departureTime=2023-01-29 15:38:06), Travel(trip=Trip(id=5c63588e-ad31-4ded-98ac-f4a1a78a36b2, tripId=Z1235, trainTypeName=ZhiDa, routeId=9fc9c261-3263-4bfa-82f8-bb44e06b2f52, startStationName=shanghai, stationsName=nanjing, terminalStationName=beijing, startTime=2013-05-04 11:31:52, endTime=2013-05-04 17:51:52), startPlace=shanghai, endPlace=nanjing, departureTime=2023-01-29 15:38:06), Travel(trip=Trip(id=e1367946-9ecd-4ee6-acbf-8b705e8df59d, tripId=Z1236, trainTypeName=ZhiDa, routeId=d693a2c5-ef87-4a3c-bef8-600b43f62c68, startStationName=shanghai, stationsName=nanjing, terminalStationName=beijing, startTime=2013-05-04 7:05:52, endTime=2013-05-04 12:51:52), startPlace=shanghai, endPlace=nanjing, departureTime=2023-01-29 15:38:06), Travel(trip=Trip(id=502d2768-8480-47fc-91fd-f647267dfac6, tripId=T1235, trainTypeName=TeKuai, routeId=20eb7122-3a11-423f-b10a-be0dc5bce7db, startStationName=shanghai, stationsName=nanjing, terminalStationName=beijing, startTime=2013-05-04 08:31:52, endTime=2013-05-04 17:21:52), startPlace=shanghai, endPlace=nanjing, departureTime=2023-01-29 15:38:06), Travel(trip=Trip(id=a3c9545b-1889-4ea1-9015-b9af1896bc01, tripId=K1345, trainTypeName=KuaiSu, routeId=1367db1f-461e-4ab7-87ad-2bcc05fd9cb7, startStationName=shanghai, stationsName=nanjing, terminalStationName=beijing, startTime=2013-05-04 07:51:52, endTime=2013-05-04 19:59:52), startPlace=shanghai, endPlace=nanjing, departureTime=2023-01-29 15:38:06)]]\n"",""stream"":""stdout"",""time"":""2025-06-06T09:22:18.100234599Z""}"
2025-06-06T09:22:27.717814675Z,1674984147717814675,33.33.33.167,ts-travel2-service-5c66d57d58-6mp2b,server,5b5d6dc441983250fe3e9f46d1c33dcf,b3bc53123ad39653,"{""log"":""17:22:27.717 INFO  t.s.TravelServiceImpl#372 TraceID: 5b5d6dc441983250fe3e9f46d1c33dcf SpanID: b3bc53123ad39653 [getTickets][Calculate distance][calculate time：650  time: Sat May 04 17:55:52 CST 2013]\n"",""stream"":""stdout"",""time"":""2025-06-06T09:22:27.717814675Z""}"
2025-06-06T09:22:27.717616556Z,1674984147717616556,33.33.33.167,ts-travel2-service-5c66d57d58-6mp2b,server,5b5d6dc441983250fe3e9f46d1c33dcf,b3bc53123ad39653,"{""log"":""17:22:27.717 INFO  t.s.TravelServiceImpl#366 TraceID: 5b5d6dc441983250fe3e9f46d1c33dcf SpanID: b3bc53123ad39653 [getTickets][Calculate distance][calculate time：475  time: Sat May 04 15:00:52 CST 2013]\n"",""stream"":""stdout"",""time"":""2025-06-06T09:22:27.717616556Z""}"
2025-06-06T09:22:27.717415842Z,1674984147717415842,33.33.33.167,ts-travel2-service-5c66d57d58-6mp2b,server,5b5d6dc441983250fe3e9f46d1c33dcf,b3bc53123ad39653,"{""log"":""17:22:27.716 INFO  t.s.TravelServiceImpl#469 TraceID: 5b5d6dc441983250fe3e9f46d1c33dcf SpanID: b3bc53123ad39653 [getRestTicketNumber][Get Rest tickets num][num is: Response(status=1, msg=Get Left Ticket of Internal Success, data=1073741823)]\n"",""stream"":""stdout"",""time"":""2025-06-06T09:22:27.717415842Z""}"
2025-06-06T09:22:27.703242864Z,1674984147703242864,33.33.33.167,ts-travel2-service-5c66d57d58-6mp2b,server,5b5d6dc441983250fe3e9f46d1c33dcf,b3bc53123ad39653,"{""log"":""17:22:27.703 INFO  t.s.TravelServiceImpl#459 TraceID: 5b5d6dc441983250fe3e9f46d1c33dcf SpanID: b3bc53123ad39653 [getRestTicketNumber][Seat request][request: Seat(travelDate=2023-01-29 15:38:06, trainNumber=Z1236, startStation=nanjing, destStation=shanghai, seatType=3, totalNum=2147483647, stations=[taiyuan, shijiazhuang, nanjing, shanghai])]\n"",""stream"":""stdout"",""time"":""2025-06-06T09:22:27.703242864Z""}"
2025-06-06T09:22:27.703132747Z,1674984147703132747,33.33.33.167,ts-travel2-service-5c66d57d58-6mp2b,server,5b5d6dc441983250fe3e9f46d1c33dcf,b3bc53123ad39653,"{""log"":""17:22:27.702 INFO  t.s.TravelServiceImpl#469 TraceID: 5b5d6dc441983250fe3e9f46d1c33dcf SpanID: b3bc53123ad39653 [getRestTicketNumber][Get Rest tickets num][num is: Response(status=1, msg=Get Left Ticket of Internal Success, data=1073741823)]\n"",""stream"":""stdout"",""time"":""2025-06-06T09:22:27.703132747Z""}"
2025-06-06T09:22:27.664184009Z,1674984147664184009,33.33.33.167,ts-travel2-service-5c66d57d58-6mp2b,server,5b5d6dc441983250fe3e9f46d1c33dcf,b3bc53123ad39653,"{""log"":""17:22:27.663 INFO  t.s.TravelServiceImpl#459 TraceID: 5b5d6dc441983250fe3e9f46d1c33dcf SpanID: b3bc53123ad39653 [getRestTicketNumber][Seat request][request: Seat(travelDate=2023-01-29 15:38:06, trainNumber=Z1236, startStation=nanjing, destStation=shanghai, seatType=2, totalNum=2147483647, stations=[taiyuan, shijiazhuang, nanjing, shanghai])]\n"",""stream"":""stdout"",""time"":""2025-06-06T09:22:27.664184009Z""}"
2025-06-06T09:22:27.117992698Z,1674984147117992698,33.33.33.167,ts-travel2-service-5c66d57d58-6mp2b,server,5b5d6dc441983250fe3e9f46d1c33dcf,b3bc53123ad39653,"{""log"":""17:22:27.117 INFO  t.s.TravelServiceImpl#260 TraceID: 5b5d6dc441983250fe3e9f46d1c33dcf SpanID: b3bc53123ad39653 [getTicketsByBatch][before get basic][trips: [Trip(id=8a533bf9-bd12-4608-a8eb-606890982448, tripId=Z1234, trainTypeName=ZhiDa, routeId=0b23bd3e-876a-4af3-b920-c50a90c90b04, startStationName=shanghai, stationsName=nanjing, terminalStationName=beijing, startTime=2013-05-04 09:51:52, endTime=2013-05-04 15:51:52), Trip(id=5c63588e-ad31-4ded-98ac-f4a1a78a36b2, tripId=Z1235, trainTypeName=ZhiDa, routeId=9fc9c261-3263-4bfa-82f8-bb44e06b2f52, startStationName=shanghai, stationsName=nanjing, terminalStationName=beijing, startTime=2013-05-04 11:31:52, endTime=2013-05-04 17:51:52), Trip(id=e1367946-9ecd-4ee6-acbf-8b705e8df59d, tripId=Z1236, trainTypeName=ZhiDa, routeId=d693a2c5-ef87-4a3c-bef8-600b43f62c68, startStationName=shanghai, stationsName=nanjing, terminalStationName=beijing, startTime=2013-05-04 7:05:52, endTime=2013-05-04 12:51:52), Trip(id=502d2768-8480-47fc-91fd-f647267dfac6, tripId=T1235, trainTypeName=TeKuai, routeId=20eb7122-3a11-423f-b10a-be0dc5bce7db, startStationName=shanghai, stationsName=nanjing, terminalStationName=beijing, startTime=2013-05-04 08:31:52, endTime=2013-05-04 17:21:52), Trip(id=a3c9545b-1889-4ea1-9015-b9af1896bc01, tripId=K1345, trainTypeName=KuaiSu, routeId=1367db1f-461e-4ab7-87ad-2bcc05fd9cb7, startStationName=shanghai, stationsName=nanjing, terminalStationName=beijing, startTime=2013-05-04 07:51:52, endTime=2013-05-04 19:59:52)]]\n"",""stream"":""stdout"",""time"":""2025-06-06T09:22:27.117992698Z""}"
2025-06-06T09:22:27.114478907Z,1674984147114478907,33.33.33.167,ts-travel2-service-5c66d57d58-6mp2b,server,5b5d6dc441983250fe3e9f46d1c33dcf,b3bc53123ad39653,"{""log"":""17:22:27.114 INFO  t.c.Travel2Controller#115 TraceID: 5b5d6dc441983250fe3e9f46d1c33dcf SpanID: b3bc53123ad39653 [query][Query TripResponse]\n"",""stream"":""stdout"",""time"":""2025-06-06T09:22:27.114478907Z""}"
2025-06-06T09:22:27.149114736Z,1674984147149114736,33.33.33.79,ts-train-service-86f5f97bc9-dkqmf,server,5b5d6dc441983250fe3e9f46d1c33dcf,23af346086dea300,"{""log"":""17:22:27.148 INFO  t.c.TrainController#72 TraceID: 5b5d6dc441983250fe3e9f46d1c33dcf SpanID: 23af346086dea300 [retrieveByNames][Retrieve train][TrainTypeNames: [TeKuai, ZhiDa, KuaiSu]]\n"",""stream"":""stdout"",""time"":""2025-06-06T09:22:27.149114736Z""}"
2025-06-06T09:22:27.132492732Z,1674984147132492732,33.33.33.76,ts-station-service-7f4f5f6f77-5qb6j,server,5b5d6dc441983250fe3e9f46d1c33dcf,69dc16deab397de6,"{""log"":""17:22:27.130 INFO  f.m.c.StationController#71 TraceID: 5b5d6dc441983250fe3e9f46d1c33dcf SpanID: 69dc16deab397de6 [queryForIdBatch][Query stations for id batch][StationNameNumbers: 2]\n"",""stream"":""stdout"",""time"":""2025-06-06T09:22:27.132492732Z""}"
2025-06-06T09:22:27.715838788Z,1674984147715838788,33.33.33.82,ts-seat-service-5c95b49cff-tdsdz,server,5b5d6dc441983250fe3e9f46d1c33dcf,7c5544aa6677b6b1,"{""log"":""17:22:27.715 INFO  s.s.SeatServiceImpl#217 TraceID: 5b5d6dc441983250fe3e9f46d1c33dcf SpanID: 7c5544aa6677b6b1 [getDirectProportion][Configs is : Config(name=DirectTicketAllocationProportion, value=0.5, description=Allocation Proportion Of The Direct Ticket - From Start To End)]\n"",""stream"":""stdout"",""time"":""2025-06-06T09:22:27.715838788Z""}"
2025-06-06T09:22:27.711363114Z,1674984147711363114,33.33.33.82,ts-seat-service-5c95b49cff-tdsdz,server,5b5d6dc441983250fe3e9f46d1c33dcf,7c5544aa6677b6b1,"{""log"":""17:22:27.710 INFO  s.s.SeatServiceImpl#166 TraceID: 5b5d6dc441983250fe3e9f46d1c33dcf SpanID: 7c5544aa6677b6b1 [getLeftTicketOfInterval][Get Order tickets result][result is \u003c200,Response(status=0, msg=Seat is Null., data=null),[vary:\""Origin,Access-Control-Request-Method,Access-Control-Request-Headers\"", x-content-type-options:\""nosniff\"", x-xss-protection:\""1; mode=block\"", cache-control:\""no-cache, no-store, max-age=0, must-revalidate\"", pragma:\""no-cache\"", expires:\""0\"", x-frame-options:\""DENY\"", content-type:\""application/json\"", date:\""Sun, 29 Jan 2023 09:22:27 GMT\"", x-envoy-upstream-service-time:\""3\"", server:\""envoy\"", transfer-encoding:\""chunked\""]\u003e]\n"",""stream"":""stdout"",""time"":""2025-06-06T09:22:27.711363114Z""}"
2025-06-06T09:22:27.706308136Z,1674984147706308136,33.33.33.82,ts-seat-service-5c95b49cff-tdsdz,server,5b5d6dc441983250fe3e9f46d1c33dcf,7c5544aa6677b6b1,"{""log"":""17:22:27.706 INFO  s.s.SeatServiceImpl#154 TraceID: 5b5d6dc441983250fe3e9f46d1c33dcf SpanID: 7c5544aa6677b6b1 [getLeftTicketOfInterval][TrainNumber start with other capital][trainNumber:Z1236]\n"",""stream"":""stdout"",""time"":""2025-06-06T09:22:27.706308136Z""}"
2025-06-06T09:22:27.706153159Z,1674984147706153159,33.33.33.82,ts-seat-service-5c95b49cff-tdsdz,server,5b5d6dc441983250fe3e9f46d1c33dcf,7c5544aa6677b6b1,"{""log"":""17:22:27.705 INFO  s.s.SeatServiceImpl#137 TraceID: 5b5d6dc441983250fe3e9f46d1c33dcf SpanID: 7c5544aa6677b6b1 [getLeftTicketOfInterval][Seat request][request:Seat(travelDate=2023-01-29 15:38:06, trainNumber=Z1236, startStation=nanjing, destStation=shanghai, seatType=3, totalNum=2147483647, stations=[taiyuan, shijiazhuang, nanjing, shanghai])]\n"",""stream"":""stdout"",""time"":""2025-06-06T09:22:27.706153159Z""}"
2025-06-06T09:22:27.705897229Z,1674984147705897229,33.33.33.82,ts-seat-service-5c95b49cff-tdsdz,server,5b5d6dc441983250fe3e9f46d1c33dcf,7c5544aa6677b6b1,"{""log"":""17:22:27.705 INFO  s.c.SeatController#57 TraceID: 5b5d6dc441983250fe3e9f46d1c33dcf SpanID: 7c5544aa6677b6b1 [getLeftTicketOfInterval][Get left ticket of interval][TravelDate: 2023-01-29 15:38:06,TrainNumber: Z1236,SeatType: 3]\n"",""stream"":""stdout"",""time"":""2025-06-06T09:22:27.705897229Z""}"
2025-06-06T09:22:27.700870246Z,1674984147700870246,33.33.33.82,ts-seat-service-5c95b49cff-tdsdz,server,5b5d6dc441983250fe3e9f46d1c33dcf,7e0ef126a39a4df3,"{""log"":""17:22:27.700 INFO  s.s.SeatServiceImpl#217 TraceID: 5b5d6dc441983250fe3e9f46d1c33dcf SpanID: 7e0ef126a39a4df3 [getDirectProportion][Configs is : Config(name=DirectTicketAllocationProportion, value=0.5, description=Allocation Proportion Of The Direct Ticket - From Start To End)]\n"",""stream"":""stdout"",""time"":""2025-06-06T09:22:27.700870246Z""}"
2025-06-06T09:22:27.6964313Z,1674984147696431300,33.33.33.82,ts-seat-service-5c95b49cff-tdsdz,server,5b5d6dc441983250fe3e9f46d1c33dcf,7e0ef126a39a4df3,"{""log"":""17:22:27.695 INFO  s.s.SeatServiceImpl#166 TraceID: 5b5d6dc441983250fe3e9f46d1c33dcf SpanID: 7e0ef126a39a4df3 [getLeftTicketOfInterval][Get Order tickets result][result is \u003c200,Response(status=0, msg=Seat is Null., data=null),[vary:\""Origin,Access-Control-Request-Method,Access-Control-Request-Headers\"", x-content-type-options:\""nosniff\"", x-xss-protection:\""1; mode=block\"", cache-control:\""no-cache, no-store, max-age=0, must-revalidate\"", pragma:\""no-cache\"", expires:\""0\"", x-frame-options:\""DENY\"", content-type:\""application/json\"", date:\""Sun, 29 Jan 2023 09:22:27 GMT\"", x-envoy-upstream-service-time:\""5\"", server:\""envoy\"", transfer-encoding:\""chunked\""]\u003e]\n"",""stream"":""stdout"",""time"":""2025-06-06T09:22:27.6964313Z""}"
2025-06-06T09:22:27.689258478Z,1674984147689258478,33.33.33.82,ts-seat-service-5c95b49cff-tdsdz,server,5b5d6dc441983250fe3e9f46d1c33dcf,7e0ef126a39a4df3,"{""log"":""17:22:27.688 INFO  s.s.SeatServiceImpl#154 TraceID: 5b5d6dc441983250fe3e9f46d1c33dcf SpanID: 7e0ef126a39a4df3 [getLeftTicketOfInterval][TrainNumber start with other capital][trainNumber:Z1236]\n"",""stream"":""stdout"",""time"":""2025-06-06T09:22:27.689258478Z""}"
2025-06-06T09:22:27.688837257Z,1674984147688837257,33.33.33.82,ts-seat-service-5c95b49cff-tdsdz,server,5b5d6dc441983250fe3e9f46d1c33dcf,7e0ef126a39a4df3,"{""log"":""17:22:27.688 INFO  s.s.SeatServiceImpl#137 TraceID: 5b5d6dc441983250fe3e9f46d1c33dcf SpanID: 7e0ef126a39a4df3 [getLeftTicketOfInterval][Seat request][request:Seat(travelDate=2023-01-29 15:38:06, trainNumber=Z1236, startStation=nanjing, destStation=shanghai, seatType=2, totalNum=2147483647, stations=[taiyuan, shijiazhuang, nanjing, shanghai])]\n"",""stream"":""stdout"",""time"":""2025-06-06T09:22:27.688837257Z""}"
2025-06-06T09:22:27.68841008Z,1674984147688410080,33.33.33.82,ts-seat-service-5c95b49cff-tdsdz,server,5b5d6dc441983250fe3e9f46d1c33dcf,7e0ef126a39a4df3,"{""log"":""17:22:27.687 INFO  s.c.SeatController#57 TraceID: 5b5d6dc441983250fe3e9f46d1c33dcf SpanID: 7e0ef126a39a4df3 [getLeftTicketOfInterval][Get left ticket of interval][TravelDate: 2023-01-29 15:38:06,TrainNumber: Z1236,SeatType: 2]\n"",""stream"":""stdout"",""time"":""2025-06-06T09:22:27.68841008Z""}"
2025-06-06T09:22:27.369693627Z,1674984147369693627,33.33.33.80,ts-route-service-b6c59fb57-zv8dt,server,5b5d6dc441983250fe3e9f46d1c33dcf,2bf7e80f084234e2,"{""log"":""17:22:27.368 INFO  r.c.RouteController#53 TraceID: 5b5d6dc441983250fe3e9f46d1c33dcf SpanID: 2bf7e80f084234e2 [getRouteById][Query route by id][RouteId: [d693a2c5-ef87-4a3c-bef8-600b43f62c68, 1367db1f-461e-4ab7-87ad-2bcc05fd9cb7, 9fc9c261-3263-4bfa-82f8-bb44e06b2f52, 20eb7122-3a11-423f-b10a-be0dc5bce7db, 0b23bd3e-876a-4af3-b920-c50a90c90b04]]\n"",""stream"":""stdout"",""time"":""2025-06-06T09:22:27.369693627Z""}"
2025-06-06T09:22:27.428293834Z,1674984147428293834,33.33.33.79,ts-price-service-76846864d9-g465z,server,5b5d6dc441983250fe3e9f46d1c33dcf,7b236246de6d9ab2,"{""log"":""17:22:27.427 INFO  p.c.PriceController#46 TraceID: 5b5d6dc441983250fe3e9f46d1c33dcf SpanID: 7b236246de6d9ab2 [findByRouteIdAndTrainType][Query price][routeId and Train Type: [d693a2c5-ef87-4a3c-bef8-600b43f62c68:ZhiDa]]\n"",""stream"":""stdout"",""time"":""2025-06-06T09:22:27.428293834Z""}"
2025-06-06T09:22:27.709029968Z,1674984147709029968,33.33.33.155,ts-order-other-service-6cdbf9b4cc-h7mqk,server,5b5d6dc441983250fe3e9f46d1c33dcf,0332fdc31dc55227,"{""log"":""17:22:27.708 WARN  o.s.OrderOtherServiceImpl#72 TraceID: 5b5d6dc441983250fe3e9f46d1c33dcf SpanID: 0332fdc31dc55227 [getSoldTickets][Seat][No content][seat from date: 2023-01-29 15:38:06, train number: Z1236\n"",""stream"":""stdout"",""time"":""2025-06-06T09:22:27.709029968Z""}"
2025-06-06T09:22:27.708140332Z,1674984147708140332,33.33.33.155,ts-order-other-service-6cdbf9b4cc-h7mqk,server,5b5d6dc441983250fe3e9f46d1c33dcf,0332fdc31dc55227,"{""log"":""17:22:27.707 INFO  o.c.OrderOtherController#42 TraceID: 5b5d6dc441983250fe3e9f46d1c33dcf SpanID: 0332fdc31dc55227 [getSoldTickets][Get Sold Ticket][Travel Date: 2023-01-29 15:38:06]\n"",""stream"":""stdout"",""time"":""2025-06-06T09:22:27.708140332Z""}"
2025-06-06T09:22:27.693375201Z,1674984147693375201,33.33.33.155,ts-order-other-service-6cdbf9b4cc-h7mqk,server,5b5d6dc441983250fe3e9f46d1c33dcf,1d6005b9041bb898,"{""log"":""17:22:27.693 WARN  o.s.OrderOtherServiceImpl#72 TraceID: 5b5d6dc441983250fe3e9f46d1c33dcf SpanID: 1d6005b9041bb898 [getSoldTickets][Seat][No content][seat from date: 2023-01-29 15:38:06, train number: Z1236\n"",""stream"":""stdout"",""time"":""2025-06-06T09:22:27.693375201Z""}"
2025-06-06T09:22:27.692186999Z,1674984147692186999,33.33.33.155,ts-order-other-service-6cdbf9b4cc-h7mqk,server,5b5d6dc441983250fe3e9f46d1c33dcf,1d6005b9041bb898,"{""log"":""17:22:27.691 INFO  o.c.OrderOtherController#42 TraceID: 5b5d6dc441983250fe3e9f46d1c33dcf SpanID: 1d6005b9041bb898 [getSoldTickets][Get Sold Ticket][Travel Date: 2023-01-29 15:38:06]\n"",""stream"":""stdout"",""time"":""2025-06-06T09:22:27.692186999Z""}"
2025-06-06T09:22:27.713800817Z,1674984147713800817,33.33.33.115,ts-config-service-5fcd447d84-wxwjd,server,5b5d6dc441983250fe3e9f46d1c33dcf,3b02a37dd61881ab,"{""log"":""17:22:27.713 INFO  c.s.ConfigServiceImpl#65 TraceID: 5b5d6dc441983250fe3e9f46d1c33dcf SpanID: 3b02a37dd61881ab [query][Query config success][config name: DirectTicketAllocationProportion]\n"",""stream"":""stdout"",""time"":""2025-06-06T09:22:27.713800817Z""}"
2025-06-06T09:22:27.713033968Z,1674984147713033968,33.33.33.115,ts-config-service-5fcd447d84-wxwjd,server,5b5d6dc441983250fe3e9f46d1c33dcf,3b02a37dd61881ab,"{""log"":""17:22:27.712 INFO  c.c.ConfigController#67 TraceID: 5b5d6dc441983250fe3e9f46d1c33dcf SpanID: 3b02a37dd61881ab [retrieve][Retrieve config][configName: DirectTicketAllocationProportion]\n"",""stream"":""stdout"",""time"":""2025-06-06T09:22:27.713033968Z""}"
2025-06-06T09:22:27.69923801Z,1674984147699238010,33.33.33.115,ts-config-service-5fcd447d84-wxwjd,server,5b5d6dc441983250fe3e9f46d1c33dcf,699eebbcaf2e37b9,"{""log"":""17:22:27.698 INFO  c.s.ConfigServiceImpl#65 TraceID: 5b5d6dc441983250fe3e9f46d1c33dcf SpanID: 699eebbcaf2e37b9 [query][Query config success][config name: DirectTicketAllocationProportion]\n"",""stream"":""stdout"",""time"":""2025-06-06T09:22:27.69923801Z""}"
2025-06-06T09:22:27.698386179Z,1674984147698386179,33.33.33.115,ts-config-service-5fcd447d84-wxwjd,server,5b5d6dc441983250fe3e9f46d1c33dcf,699eebbcaf2e37b9,"{""log"":""17:22:27.698 INFO  c.c.ConfigController#67 TraceID: 5b5d6dc441983250fe3e9f46d1c33dcf SpanID: 699eebbcaf2e37b9 [retrieve][Retrieve config][configName: DirectTicketAllocationProportion]\n"",""stream"":""stdout"",""time"":""2025-06-06T09:22:27.698386179Z""}"
2025-06-06T09:22:27.437596458Z,1674984147437596458,33.33.33.76,ts-basic-service-5dc8d4f9fd-46997,server,5b5d6dc441983250fe3e9f46d1c33dcf,ea8024939d5292c8,"{""log"":""17:22:27.437 INFO  f.m.s.BasicServiceImpl#320 TraceID: 5b5d6dc441983250fe3e9f46d1c33dcf SpanID: ea8024939d5292c8 [queryForTravels][all done][result map: {Z1236=TravelResult(status=true, percent=1.0, trainType=TrainType(id=e24bb484-516a-4aad-b37f-517e7139e913, name=ZhiDa, economyClass=2147483647, confortClass=2147483647, averageSpeed=120), route=Route(id=d693a2c5-ef87-4a3c-bef8-600b43f62c68, stations=[taiyuan, shijiazhuang, nanjing, shanghai], distances=[0, 300, 950, 1300], startStation=taiyuan, endStation=shanghai), prices={confortClass=350.0, economyClass=112.0})}]\n"",""stream"":""stdout"",""time"":""2025-06-06T09:22:27.437596458Z""}"
2025-06-06T09:22:27.437416212Z,1674984147437416212,33.33.33.76,ts-basic-service-5dc8d4f9fd-46997,server,5b5d6dc441983250fe3e9f46d1c33dcf,ea8024939d5292c8,"{""log"":""17:22:27.437 INFO  f.m.s.BasicServiceImpl#481 TraceID: 5b5d6dc441983250fe3e9f46d1c33dcf SpanID: ea8024939d5292c8 [queryPriceConfigByRouteIdsAndTrainTypes][Get Price Config by routeId and trainType][Success][priceConfigs: {d693a2c5-ef87-4a3c-bef8-600b43f62c68:ZhiDa={id=8b059dc5-01a2-4f8f-8f94-6c886b38bb34, trainType=ZhiDa, routeId=d693a2c5-ef87-4a3c-bef8-600b43f62c68, basicPriceRate=0.32, firstClassPriceRate=1.0}}]\n"",""stream"":""stdout"",""time"":""2025-06-06T09:22:27.437416212Z""}"
2025-06-06T09:22:27.423160491Z,1674984147423160491,33.33.33.76,ts-basic-service-5dc8d4f9fd-46997,server,5b5d6dc441983250fe3e9f46d1c33dcf,ea8024939d5292c8,"{""log"":""17:22:27.422 INFO  f.m.s.BasicServiceImpl#459 TraceID: 5b5d6dc441983250fe3e9f46d1c33dcf SpanID: ea8024939d5292c8 [queryPriceConfigByRouteIdsAndTrainTypes][Query For Price Config][RouteId and TrainType: [d693a2c5-ef87-4a3c-bef8-600b43f62c68:ZhiDa]]\n"",""stream"":""stdout"",""time"":""2025-06-06T09:22:27.423160491Z""}"
2025-06-06T09:22:27.422619989Z,1674984147422619989,33.33.33.76,ts-basic-service-5dc8d4f9fd-46997,server,5b5d6dc441983250fe3e9f46d1c33dcf,ea8024939d5292c8,"{""log"":""17:22:27.422 ERROR  f.m.s.BasicServiceImpl#415 TraceID: 5b5d6dc441983250fe3e9f46d1c33dcf SpanID: ea8024939d5292c8 [getRoutesByRouteIds][Get Route By Ids Failed]\n"",""stream"":""stdout"",""time"":""2025-06-06T09:22:27.422619989Z""}"
2025-06-06T09:22:27.365231219Z,1674984147365231219,33.33.33.76,ts-basic-service-5dc8d4f9fd-46997,server,5b5d6dc441983250fe3e9f46d1c33dcf,ea8024939d5292c8,"{""log"":""17:22:27.364 INFO  f.m.s.BasicServiceImpl#405 TraceID: 5b5d6dc441983250fe3e9f46d1c33dcf SpanID: ea8024939d5292c8 [getRoutesByRouteIds][Get Route By Ids][Route IDs: [d693a2c5-ef87-4a3c-bef8-600b43f62c68, 1367db1f-461e-4ab7-87ad-2bcc05fd9cb7, 9fc9c261-3263-4bfa-82f8-bb44e06b2f52, 20eb7122-3a11-423f-b10a-be0dc5bce7db, 0b23bd3e-876a-4af3-b920-c50a90c90b04]]\n"",""stream"":""stdout"",""time"":""2025-06-06T09:22:27.365231219Z""}"
2025-06-06T09:22:27.138556791Z,1674984147138556791,33.33.33.76,ts-basic-service-5dc8d4f9fd-46997,server,5b5d6dc441983250fe3e9f46d1c33dcf,ea8024939d5292c8,"{""log"":""17:22:27.138 INFO  f.m.s.BasicServiceImpl#374 TraceID: 5b5d6dc441983250fe3e9f46d1c33dcf SpanID: ea8024939d5292c8 [queryTrainTypeByNames][Query Train Type][Train Type names: [TeKuai, ZhiDa, KuaiSu]]\n"",""stream"":""stdout"",""time"":""2025-06-06T09:22:27.138556791Z""}"
2025-06-06T09:22:27.12659297Z,1674984147126592970,33.33.33.76,ts-basic-service-5dc8d4f9fd-46997,server,5b5d6dc441983250fe3e9f46d1c33dcf,ea8024939d5292c8,"{""log"":""17:22:27.126 INFO  f.m.s.BasicServiceImpl#343 TraceID: 5b5d6dc441983250fe3e9f46d1c33dcf SpanID: ea8024939d5292c8 [checkStationsExists][Check Stations Exists][stationNames: [nanjing, shanghai]]\n"",""stream"":""stdout"",""time"":""2025-06-06T09:22:27.12659297Z""}"
2025-06-06T09:22:27.126485937Z,1674984147126485937,33.33.33.76,ts-basic-service-5dc8d4f9fd-46997,server,5b5d6dc441983250fe3e9f46d1c33dcf,ea8024939d5292c8,"{""log"":""17:22:27.125 INFO  f.m.c.BasicController#45 TraceID: 5b5d6dc441983250fe3e9f46d1c33dcf SpanID: ea8024939d5292c8 [queryForTravels][Query for travels][Travels: [Travel(trip=Trip(id=8a533bf9-bd12-4608-a8eb-606890982448, tripId=Z1234, trainTypeName=ZhiDa, routeId=0b23bd3e-876a-4af3-b920-c50a90c90b04, startStationName=shanghai, stationsName=nanjing, terminalStationName=beijing, startTime=2013-05-04 09:51:52, endTime=2013-05-04 15:51:52), startPlace=nanjing, endPlace=shanghai, departureTime=2023-01-29 15:38:06), Travel(trip=Trip(id=5c63588e-ad31-4ded-98ac-f4a1a78a36b2, tripId=Z1235, trainTypeName=ZhiDa, routeId=9fc9c261-3263-4bfa-82f8-bb44e06b2f52, startStationName=shanghai, stationsName=nanjing, terminalStationName=beijing, startTime=2013-05-04 11:31:52, endTime=2013-05-04 17:51:52), startPlace=nanjing, endPlace=shanghai, departureTime=2023-01-29 15:38:06), Travel(trip=Trip(id=e1367946-9ecd-4ee6-acbf-8b705e8df59d, tripId=Z1236, trainTypeName=ZhiDa, routeId=d693a2c5-ef87-4a3c-bef8-600b43f62c68, startStationName=shanghai, stationsName=nanjing, terminalStationName=beijing, startTime=2013-05-04 7:05:52, endTime=2013-05-04 12:51:52), startPlace=nanjing, endPlace=shanghai, departureTime=2023-01-29 15:38:06), Travel(trip=Trip(id=502d2768-8480-47fc-91fd-f647267dfac6, tripId=T1235, trainTypeName=TeKuai, routeId=20eb7122-3a11-423f-b10a-be0dc5bce7db, startStationName=shanghai, stationsName=nanjing, terminalStationName=beijing, startTime=2013-05-04 08:31:52, endTime=2013-05-04 17:21:52), startPlace=nanjing, endPlace=shanghai, departureTime=2023-01-29 15:38:06), Travel(trip=Trip(id=a3c9545b-1889-4ea1-9015-b9af1896bc01, tripId=K1345, trainTypeName=KuaiSu, routeId=1367db1f-461e-4ab7-87ad-2bcc05fd9cb7, startStationName=shanghai, stationsName=nanjing, terminalStationName=beijing, startTime=2013-05-04 07:51:52, endTime=2013-05-04 19:59:52), startPlace=nanjing, endPlace=shanghai, departureTime=2023-01-29 15:38:06)]]\n"",""stream"":""stdout"",""time"":""2025-06-06T09:22:27.126485937Z""}"
2025-06-06T09:22:16.353823657Z,1674984136353823657,33.33.33.167,ts-travel2-service-5c66d57d58-6mp2b,server,5b298db72579674dc040404795be1cbe,8772eeb0207cf19a,"{""log"":""17:22:16.353 INFO  t.s.TravelServiceImpl#372 TraceID: 5b298db72579674dc040404795be1cbe SpanID: 8772eeb0207cf19a [getTickets][Calculate distance][calculate time：650  time: Sat May 04 17:55:52 CST 2013]\n"",""stream"":""stdout"",""time"":""2025-06-06T09:22:16.353823657Z""}"
2025-06-06T09:22:16.35364788Z,1674984136353647880,33.33.33.167,ts-travel2-service-5c66d57d58-6mp2b,server,5b298db72579674dc040404795be1cbe,8772eeb0207cf19a,"{""log"":""17:22:16.353 INFO  t.s.TravelServiceImpl#366 TraceID: 5b298db72579674dc040404795be1cbe SpanID: 8772eeb0207cf19a [getTickets][Calculate distance][calculate time：475  time: Sat May 04 15:00:52 CST 2013]\n"",""stream"":""stdout"",""time"":""2025-06-06T09:22:16.35364788Z""}"
2025-06-06T09:22:16.35343755Z,1674984136353437550,33.33.33.167,ts-travel2-service-5c66d57d58-6mp2b,server,5b298db72579674dc040404795be1cbe,8772eeb0207cf19a,"{""log"":""17:22:16.353 INFO  t.s.TravelServiceImpl#469 TraceID: 5b298db72579674dc040404795be1cbe SpanID: 8772eeb0207cf19a [getRestTicketNumber][Get Rest tickets num][num is: Response(status=1, msg=Get Left Ticket of Internal Success, data=1073741823)]\n"",""stream"":""stdout"",""time"":""2025-06-06T09:22:16.35343755Z""}"
2025-06-06T09:22:16.337091084Z,1674984136337091084,33.33.33.167,ts-travel2-service-5c66d57d58-6mp2b,server,5b298db72579674dc040404795be1cbe,8772eeb0207cf19a,"{""log"":""17:22:16.336 INFO  t.s.TravelServiceImpl#459 TraceID: 5b298db72579674dc040404795be1cbe SpanID: 8772eeb0207cf19a [getRestTicketNumber][Seat request][request: Seat(travelDate=2023-01-29 15:38:06, trainNumber=Z1236, startStation=nanjing, destStation=shanghai, seatType=3, totalNum=2147483647, stations=[taiyuan, shijiazhuang, nanjing, shanghai])]\n"",""stream"":""stdout"",""time"":""2025-06-06T09:22:16.337091084Z""}"
2025-06-06T09:22:16.336680094Z,1674984136336680094,33.33.33.167,ts-travel2-service-5c66d57d58-6mp2b,server,5b298db72579674dc040404795be1cbe,8772eeb0207cf19a,"{""log"":""17:22:16.335 INFO  t.s.TravelServiceImpl#469 TraceID: 5b298db72579674dc040404795be1cbe SpanID: 8772eeb0207cf19a [getRestTicketNumber][Get Rest tickets num][num is: Response(status=1, msg=Get Left Ticket of Internal Success, data=1073741823)]\n"",""stream"":""stdout"",""time"":""2025-06-06T09:22:16.336680094Z""}"
2025-06-06T09:22:16.289533662Z,1674984136289533662,33.33.33.167,ts-travel2-service-5c66d57d58-6mp2b,server,5b298db72579674dc040404795be1cbe,8772eeb0207cf19a,"{""log"":""17:22:16.288 INFO  t.s.TravelServiceImpl#459 TraceID: 5b298db72579674dc040404795be1cbe SpanID: 8772eeb0207cf19a [getRestTicketNumber][Seat request][request: Seat(travelDate=2023-01-29 15:38:06, trainNumber=Z1236, startStation=nanjing, destStation=shanghai, seatType=2, totalNum=2147483647, stations=[taiyuan, shijiazhuang, nanjing, shanghai])]\n"",""stream"":""stdout"",""time"":""2025-06-06T09:22:16.289533662Z""}"
2025-06-06T09:22:16.224383508Z,1674984136224383508,33.33.33.167,ts-travel2-service-5c66d57d58-6mp2b,server,5b298db72579674dc040404795be1cbe,8772eeb0207cf19a,"{""log"":""17:22:16.224 INFO  t.s.TravelServiceImpl#260 TraceID: 5b298db72579674dc040404795be1cbe SpanID: 8772eeb0207cf19a [getTicketsByBatch][before get basic][trips: [Trip(id=8a533bf9-bd12-4608-a8eb-606890982448, tripId=Z1234, trainTypeName=ZhiDa, routeId=0b23bd3e-876a-4af3-b920-c50a90c90b04, startStationName=shanghai, stationsName=nanjing, terminalStationName=beijing, startTime=2013-05-04 09:51:52, endTime=2013-05-04 15:51:52), Trip(id=5c63588e-ad31-4ded-98ac-f4a1a78a36b2, tripId=Z1235, trainTypeName=ZhiDa, routeId=9fc9c261-3263-4bfa-82f8-bb44e06b2f52, startStationName=shanghai, stationsName=nanjing, terminalStationName=beijing, startTime=2013-05-04 11:31:52, endTime=2013-05-04 17:51:52), Trip(id=e1367946-9ecd-4ee6-acbf-8b705e8df59d, tripId=Z1236, trainTypeName=ZhiDa, routeId=d693a2c5-ef87-4a3c-bef8-600b43f62c68, startStationName=shanghai, stationsName=nanjing, terminalStationName=beijing, startTime=2013-05-04 7:05:52, endTime=2013-05-04 12:51:52), Trip(id=502d2768-8480-47fc-91fd-f647267dfac6, tripId=T1235, trainTypeName=TeKuai, routeId=20eb7122-3a11-423f-b10a-be0dc5bce7db, startStationName=shanghai, stationsName=nanjing, terminalStationName=beijing, startTime=2013-05-04 08:31:52, endTime=2013-05-04 17:21:52), Trip(id=a3c9545b-1889-4ea1-9015-b9af1896bc01, tripId=K1345, trainTypeName=KuaiSu, routeId=1367db1f-461e-4ab7-87ad-2bcc05fd9cb7, startStationName=shanghai, stationsName=nanjing, terminalStationName=beijing, startTime=2013-05-04 07:51:52, endTime=2013-05-04 19:59:52)]]\n"",""stream"":""stdout"",""time"":""2025-06-06T09:22:16.224383508Z""}"
2025-06-06T09:22:16.220747141Z,1674984136220747141,33.33.33.167,ts-travel2-service-5c66d57d58-6mp2b,server,5b298db72579674dc040404795be1cbe,8772eeb0207cf19a,"{""log"":""17:22:16.220 INFO  t.c.Travel2Controller#115 TraceID: 5b298db72579674dc040404795be1cbe SpanID: 8772eeb0207cf19a [query][Query TripResponse]\n"",""stream"":""stdout"",""time"":""2025-06-06T09:22:16.220747141Z""}"
2025-06-06T09:22:16.247318701Z,1674984136247318701,33.33.33.79,ts-train-service-86f5f97bc9-dkqmf,server,5b298db72579674dc040404795be1cbe,3946625259389be2,"{""log"":""17:22:16.246 INFO  t.c.TrainController#72 TraceID: 5b298db72579674dc040404795be1cbe SpanID: 3946625259389be2 [retrieveByNames][Retrieve train][TrainTypeNames: [TeKuai, ZhiDa, KuaiSu]]\n"",""stream"":""stdout"",""time"":""2025-06-06T09:22:16.247318701Z""}"
2025-06-06T09:22:16.233096084Z,1674984136233096084,33.33.33.76,ts-station-service-7f4f5f6f77-5qb6j,server,5b298db72579674dc040404795be1cbe,70c47f972e55a0f0,"{""log"":""17:22:16.231 INFO  f.m.c.StationController#71 TraceID: 5b298db72579674dc040404795be1cbe SpanID: 70c47f972e55a0f0 [queryForIdBatch][Query stations for id batch][StationNameNumbers: 2]\n"",""stream"":""stdout"",""time"":""2025-06-06T09:22:16.233096084Z""}"
2025-06-06T09:22:16.351909687Z,1674984136351909687,33.33.33.82,ts-seat-service-5c95b49cff-tdsdz,server,5b298db72579674dc040404795be1cbe,0e0fa824b88ee62c,"{""log"":""17:22:16.351 INFO  s.s.SeatServiceImpl#217 TraceID: 5b298db72579674dc040404795be1cbe SpanID: 0e0fa824b88ee62c [getDirectProportion][Configs is : Config(name=DirectTicketAllocationProportion, value=0.5, description=Allocation Proportion Of The Direct Ticket - From Start To End)]\n"",""stream"":""stdout"",""time"":""2025-06-06T09:22:16.351909687Z""}"
2025-06-06T09:22:16.346809343Z,1674984136346809343,33.33.33.82,ts-seat-service-5c95b49cff-tdsdz,server,5b298db72579674dc040404795be1cbe,0e0fa824b88ee62c,"{""log"":""17:22:16.345 INFO  s.s.SeatServiceImpl#166 TraceID: 5b298db72579674dc040404795be1cbe SpanID: 0e0fa824b88ee62c [getLeftTicketOfInterval][Get Order tickets result][result is \u003c200,Response(status=0, msg=Seat is Null., data=null),[vary:\""Origin,Access-Control-Request-Method,Access-Control-Request-Headers\"", x-content-type-options:\""nosniff\"", x-xss-protection:\""1; mode=block\"", cache-control:\""no-cache, no-store, max-age=0, must-revalidate\"", pragma:\""no-cache\"", expires:\""0\"", x-frame-options:\""DENY\"", content-type:\""application/json\"", date:\""Sun, 29 Jan 2023 09:22:16 GMT\"", x-envoy-upstream-service-time:\""3\"", server:\""envoy\"", transfer-encoding:\""chunked\""]\u003e]\n"",""stream"":""stdout"",""time"":""2025-06-06T09:22:16.346809343Z""}"
2025-06-06T09:22:16.340569591Z,1674984136340569591,33.33.33.82,ts-seat-service-5c95b49cff-tdsdz,server,5b298db72579674dc040404795be1cbe,0e0fa824b88ee62c,"{""log"":""17:22:16.340 INFO  s.s.SeatServiceImpl#154 TraceID: 5b298db72579674dc040404795be1cbe SpanID: 0e0fa824b88ee62c [getLeftTicketOfInterval][TrainNumber start with other capital][trainNumber:Z1236]\n"",""stream"":""stdout"",""time"":""2025-06-06T09:22:16.340569591Z""}"
2025-06-06T09:22:16.340396512Z,1674984136340396512,33.33.33.82,ts-seat-service-5c95b49cff-tdsdz,server,5b298db72579674dc040404795be1cbe,0e0fa824b88ee62c,"{""log"":""17:22:16.340 INFO  s.s.SeatServiceImpl#137 TraceID: 5b298db72579674dc040404795be1cbe SpanID: 0e0fa824b88ee62c [getLeftTicketOfInterval][Seat request][request:Seat(travelDate=2023-01-29 15:38:06, trainNumber=Z1236, startStation=nanjing, destStation=shanghai, seatType=3, totalNum=2147483647, stations=[taiyuan, shijiazhuang, nanjing, shanghai])]\n"",""stream"":""stdout"",""time"":""2025-06-06T09:22:16.340396512Z""}"
2025-06-06T09:22:16.340267638Z,1674984136340267638,33.33.33.82,ts-seat-service-5c95b49cff-tdsdz,server,5b298db72579674dc040404795be1cbe,0e0fa824b88ee62c,"{""log"":""17:22:16.339 INFO  s.c.SeatController#57 TraceID: 5b298db72579674dc040404795be1cbe SpanID: 0e0fa824b88ee62c [getLeftTicketOfInterval][Get left ticket of interval][TravelDate: 2023-01-29 15:38:06,TrainNumber: Z1236,SeatType: 3]\n"",""stream"":""stdout"",""time"":""2025-06-06T09:22:16.340267638Z""}"
2025-06-06T09:22:16.334175069Z,1674984136334175069,33.33.33.82,ts-seat-service-5c95b49cff-tdsdz,server,5b298db72579674dc040404795be1cbe,5c3737afcdc72cd2,"{""log"":""17:22:16.333 INFO  s.s.SeatServiceImpl#217 TraceID: 5b298db72579674dc040404795be1cbe SpanID: 5c3737afcdc72cd2 [getDirectProportion][Configs is : Config(name=DirectTicketAllocationProportion, value=0.5, description=Allocation Proportion Of The Direct Ticket - From Start To End)]\n"",""stream"":""stdout"",""time"":""2025-06-06T09:22:16.334175069Z""}"
2025-06-06T09:22:16.324997232Z,1674984136324997232,33.33.33.82,ts-seat-service-5c95b49cff-tdsdz,server,5b298db72579674dc040404795be1cbe,5c3737afcdc72cd2,"{""log"":""17:22:16.324 INFO  s.s.SeatServiceImpl#166 TraceID: 5b298db72579674dc040404795be1cbe SpanID: 5c3737afcdc72cd2 [getLeftTicketOfInterval][Get Order tickets result][result is \u003c200,Response(status=0, msg=Seat is Null., data=null),[vary:\""Origin,Access-Control-Request-Method,Access-Control-Request-Headers\"", x-content-type-options:\""nosniff\"", x-xss-protection:\""1; mode=block\"", cache-control:\""no-cache, no-store, max-age=0, must-revalidate\"", pragma:\""no-cache\"", expires:\""0\"", x-frame-options:\""DENY\"", content-type:\""application/json\"", date:\""Sun, 29 Jan 2023 09:22:16 GMT\"", x-envoy-upstream-service-time:\""4\"", server:\""envoy\"", transfer-encoding:\""chunked\""]\u003e]\n"",""stream"":""stdout"",""time"":""2025-06-06T09:22:16.324997232Z""}"
2025-06-06T09:22:16.308707373Z,1674984136308707373,33.33.33.82,ts-seat-service-5c95b49cff-tdsdz,server,5b298db72579674dc040404795be1cbe,5c3737afcdc72cd2,"{""log"":""17:22:16.307 INFO  s.s.SeatServiceImpl#154 TraceID: 5b298db72579674dc040404795be1cbe SpanID: 5c3737afcdc72cd2 [getLeftTicketOfInterval][TrainNumber start with other capital][trainNumber:Z1236]\n"",""stream"":""stdout"",""time"":""2025-06-06T09:22:16.308707373Z""}"
2025-06-06T09:22:16.308125519Z,1674984136308125519,33.33.33.82,ts-seat-service-5c95b49cff-tdsdz,server,5b298db72579674dc040404795be1cbe,5c3737afcdc72cd2,"{""log"":""17:22:16.307 INFO  s.s.SeatServiceImpl#137 TraceID: 5b298db72579674dc040404795be1cbe SpanID: 5c3737afcdc72cd2 [getLeftTicketOfInterval][Seat request][request:Seat(travelDate=2023-01-29 15:38:06, trainNumber=Z1236, startStation=nanjing, destStation=shanghai, seatType=2, totalNum=2147483647, stations=[taiyuan, shijiazhuang, nanjing, shanghai])]\n"",""stream"":""stdout"",""time"":""2025-06-06T09:22:16.308125519Z""}"
2025-06-06T09:22:16.307755669Z,1674984136307755669,33.33.33.82,ts-seat-service-5c95b49cff-tdsdz,server,5b298db72579674dc040404795be1cbe,5c3737afcdc72cd2,"{""log"":""17:22:16.306 INFO  s.c.SeatController#57 TraceID: 5b298db72579674dc040404795be1cbe SpanID: 5c3737afcdc72cd2 [getLeftTicketOfInterval][Get left ticket of interval][TravelDate: 2023-01-29 15:38:06,TrainNumber: Z1236,SeatType: 2]\n"",""stream"":""stdout"",""time"":""2025-06-06T09:22:16.307755669Z""}"
2025-06-06T09:22:16.263673474Z,1674984136263673474,33.33.33.80,ts-route-service-b6c59fb57-zv8dt,server,5b298db72579674dc040404795be1cbe,d4a081d86caaf4a0,"{""log"":""17:22:16.262 INFO  r.c.RouteController#53 TraceID: 5b298db72579674dc040404795be1cbe SpanID: d4a081d86caaf4a0 [getRouteById][Query route by id][RouteId: [d693a2c5-ef87-4a3c-bef8-600b43f62c68, 1367db1f-461e-4ab7-87ad-2bcc05fd9cb7, 9fc9c261-3263-4bfa-82f8-bb44e06b2f52, 20eb7122-3a11-423f-b10a-be0dc5bce7db, 0b23bd3e-876a-4af3-b920-c50a90c90b04]]\n"",""stream"":""stdout"",""time"":""2025-06-06T09:22:16.263673474Z""}"
2025-06-06T09:22:16.28225706Z,1674984136282257060,33.33.33.79,ts-price-service-76846864d9-g465z,server,5b298db72579674dc040404795be1cbe,0c9f3658322889a3,"{""log"":""17:22:16.281 INFO  p.c.PriceController#46 TraceID: 5b298db72579674dc040404795be1cbe SpanID: 0c9f3658322889a3 [findByRouteIdAndTrainType][Query price][routeId and Train Type: [d693a2c5-ef87-4a3c-bef8-600b43f62c68:ZhiDa]]\n"",""stream"":""stdout"",""time"":""2025-06-06T09:22:16.28225706Z""}"
2025-06-06T09:22:16.343617481Z,1674984136343617481,33.33.33.155,ts-order-other-service-6cdbf9b4cc-h7mqk,server,5b298db72579674dc040404795be1cbe,745b541e0742724c,"{""log"":""17:22:16.343 WARN  o.s.OrderOtherServiceImpl#72 TraceID: 5b298db72579674dc040404795be1cbe SpanID: 745b541e0742724c [getSoldTickets][Seat][No content][seat from date: 2023-01-29 15:38:06, train number: Z1236\n"",""stream"":""stdout"",""time"":""2025-06-06T09:22:16.343617481Z""}"
2025-06-06T09:22:16.342750336Z,1674984136342750336,33.33.33.155,ts-order-other-service-6cdbf9b4cc-h7mqk,server,5b298db72579674dc040404795be1cbe,745b541e0742724c,"{""log"":""17:22:16.342 INFO  o.c.OrderOtherController#42 TraceID: 5b298db72579674dc040404795be1cbe SpanID: 745b541e0742724c [getSoldTickets][Get Sold Ticket][Travel Date: 2023-01-29 15:38:06]\n"",""stream"":""stdout"",""time"":""2025-06-06T09:22:16.342750336Z""}"
2025-06-06T09:22:16.322647959Z,1674984136322647959,33.33.33.155,ts-order-other-service-6cdbf9b4cc-h7mqk,server,5b298db72579674dc040404795be1cbe,972379a3b845ee34,"{""log"":""17:22:16.322 WARN  o.s.OrderOtherServiceImpl#72 TraceID: 5b298db72579674dc040404795be1cbe SpanID: 972379a3b845ee34 [getSoldTickets][Seat][No content][seat from date: 2023-01-29 15:38:06, train number: Z1236\n"",""stream"":""stdout"",""time"":""2025-06-06T09:22:16.322647959Z""}"
2025-06-06T09:22:16.321157633Z,1674984136321157633,33.33.33.155,ts-order-other-service-6cdbf9b4cc-h7mqk,server,5b298db72579674dc040404795be1cbe,972379a3b845ee34,"{""log"":""17:22:16.320 INFO  o.c.OrderOtherController#42 TraceID: 5b298db72579674dc040404795be1cbe SpanID: 972379a3b845ee34 [getSoldTickets][Get Sold Ticket][Travel Date: 2023-01-29 15:38:06]\n"",""stream"":""stdout"",""time"":""2025-06-06T09:22:16.321157633Z""}"
2025-06-06T09:22:16.34957424Z,1674984136349574240,33.33.33.115,ts-config-service-5fcd447d84-wxwjd,server,5b298db72579674dc040404795be1cbe,85f8575da2d3f61c,"{""log"":""17:22:16.349 INFO  c.s.ConfigServiceImpl#65 TraceID: 5b298db72579674dc040404795be1cbe SpanID: 85f8575da2d3f61c [query][Query config success][config name: DirectTicketAllocationProportion]\n"",""stream"":""stdout"",""time"":""2025-06-06T09:22:16.34957424Z""}"
2025-06-06T09:22:16.348757607Z,1674984136348757607,33.33.33.115,ts-config-service-5fcd447d84-wxwjd,server,5b298db72579674dc040404795be1cbe,85f8575da2d3f61c,"{""log"":""17:22:16.348 INFO  c.c.ConfigController#67 TraceID: 5b298db72579674dc040404795be1cbe SpanID: 85f8575da2d3f61c [retrieve][Retrieve config][configName: DirectTicketAllocationProportion]\n"",""stream"":""stdout"",""time"":""2025-06-06T09:22:16.348757607Z""}"
2025-06-06T09:22:16.331907886Z,1674984136331907886,33.33.33.115,ts-config-service-5fcd447d84-wxwjd,server,5b298db72579674dc040404795be1cbe,147863e6cd49966d,"{""log"":""17:22:16.331 INFO  c.s.ConfigServiceImpl#65 TraceID: 5b298db72579674dc040404795be1cbe SpanID: 147863e6cd49966d [query][Query config success][config name: DirectTicketAllocationProportion]\n"",""stream"":""stdout"",""time"":""2025-06-06T09:22:16.331907886Z""}"
2025-06-06T09:22:16.330657283Z,1674984136330657283,33.33.33.115,ts-config-service-5fcd447d84-wxwjd,server,5b298db72579674dc040404795be1cbe,147863e6cd49966d,"{""log"":""17:22:16.330 INFO  c.c.ConfigController#67 TraceID: 5b298db72579674dc040404795be1cbe SpanID: 147863e6cd49966d [retrieve][Retrieve config][configName: DirectTicketAllocationProportion]\n"",""stream"":""stdout"",""time"":""2025-06-06T09:22:16.330657283Z""}"
2025-06-06T09:22:16.287003258Z,1674984136287003258,33.33.33.76,ts-basic-service-5dc8d4f9fd-46997,server,5b298db72579674dc040404795be1cbe,91224a2c6691e4d3,"{""log"":""17:22:16.286 INFO  f.m.s.BasicServiceImpl#320 TraceID: 5b298db72579674dc040404795be1cbe SpanID: 91224a2c6691e4d3 [queryForTravels][all done][result map: {Z1236=TravelResult(status=true, percent=1.0, trainType=TrainType(id=e24bb484-516a-4aad-b37f-517e7139e913, name=ZhiDa, economyClass=2147483647, confortClass=2147483647, averageSpeed=120), route=Route(id=d693a2c5-ef87-4a3c-bef8-600b43f62c68, stations=[taiyuan, shijiazhuang, nanjing, shanghai], distances=[0, 300, 950, 1300], startStation=taiyuan, endStation=shanghai), prices={confortClass=350.0, economyClass=112.0})}]\n"",""stream"":""stdout"",""time"":""2025-06-06T09:22:16.287003258Z""}"
2025-06-06T09:22:16.28686901Z,1674984136286869010,33.33.33.76,ts-basic-service-5dc8d4f9fd-46997,server,5b298db72579674dc040404795be1cbe,91224a2c6691e4d3,"{""log"":""17:22:16.286 INFO  f.m.s.BasicServiceImpl#481 TraceID: 5b298db72579674dc040404795be1cbe SpanID: 91224a2c6691e4d3 [queryPriceConfigByRouteIdsAndTrainTypes][Get Price Config by routeId and trainType][Success][priceConfigs: {d693a2c5-ef87-4a3c-bef8-600b43f62c68:ZhiDa={id=8b059dc5-01a2-4f8f-8f94-6c886b38bb34, trainType=ZhiDa, routeId=d693a2c5-ef87-4a3c-bef8-600b43f62c68, basicPriceRate=0.32, firstClassPriceRate=1.0}}]\n"",""stream"":""stdout"",""time"":""2025-06-06T09:22:16.28686901Z""}"
2025-06-06T09:22:16.276734011Z,1674984136276734011,33.33.33.76,ts-basic-service-5dc8d4f9fd-46997,server,5b298db72579674dc040404795be1cbe,91224a2c6691e4d3,"{""log"":""17:22:16.276 INFO  f.m.s.BasicServiceImpl#459 TraceID: 5b298db72579674dc040404795be1cbe SpanID: 91224a2c6691e4d3 [queryPriceConfigByRouteIdsAndTrainTypes][Query For Price Config][RouteId and TrainType: [d693a2c5-ef87-4a3c-bef8-600b43f62c68:ZhiDa]]\n"",""stream"":""stdout"",""time"":""2025-06-06T09:22:16.276734011Z""}"
2025-06-06T09:22:16.276306246Z,1674984136276306246,33.33.33.76,ts-basic-service-5dc8d4f9fd-46997,server,5b298db72579674dc040404795be1cbe,91224a2c6691e4d3,"{""log"":""17:22:16.276 ERROR  f.m.s.BasicServiceImpl#415 TraceID: 5b298db72579674dc040404795be1cbe SpanID: 91224a2c6691e4d3 [getRoutesByRouteIds][Get Route By Ids Failed]\n"",""stream"":""stdout"",""time"":""2025-06-06T09:22:16.276306246Z""}"
2025-06-06T09:22:16.252625353Z,1674984136252625353,33.33.33.76,ts-basic-service-5dc8d4f9fd-46997,server,5b298db72579674dc040404795be1cbe,91224a2c6691e4d3,"{""log"":""17:22:16.252 INFO  f.m.s.BasicServiceImpl#405 TraceID: 5b298db72579674dc040404795be1cbe SpanID: 91224a2c6691e4d3 [getRoutesByRouteIds][Get Route By Ids][Route IDs: [d693a2c5-ef87-4a3c-bef8-600b43f62c68, 1367db1f-461e-4ab7-87ad-2bcc05fd9cb7, 9fc9c261-3263-4bfa-82f8-bb44e06b2f52, 20eb7122-3a11-423f-b10a-be0dc5bce7db, 0b23bd3e-876a-4af3-b920-c50a90c90b04]]\n"",""stream"":""stdout"",""time"":""2025-06-06T09:22:16.252625353Z""}"
2025-06-06T09:22:16.235355684Z,1674984136235355684,33.33.33.76,ts-basic-service-5dc8d4f9fd-46997,server,5b298db72579674dc040404795be1cbe,91224a2c6691e4d3,"{""log"":""17:22:16.234 INFO  f.m.s.BasicServiceImpl#374 TraceID: 5b298db72579674dc040404795be1cbe SpanID: 91224a2c6691e4d3 [queryTrainTypeByNames][Query Train Type][Train Type names: [TeKuai, ZhiDa, KuaiSu]]\n"",""stream"":""stdout"",""time"":""2025-06-06T09:22:16.235355684Z""}"
2025-06-06T09:22:16.228464002Z,1674984136228464002,33.33.33.76,ts-basic-service-5dc8d4f9fd-46997,server,5b298db72579674dc040404795be1cbe,91224a2c6691e4d3,"{""log"":""17:22:16.228 INFO  f.m.s.BasicServiceImpl#343 TraceID: 5b298db72579674dc040404795be1cbe SpanID: 91224a2c6691e4d3 [checkStationsExists][Check Stations Exists][stationNames: [nanjing, shanghai]]\n"",""stream"":""stdout"",""time"":""2025-06-06T09:22:16.228464002Z""}"
2025-06-06T09:22:16.228360732Z,1674984136228360732,33.33.33.76,ts-basic-service-5dc8d4f9fd-46997,server,5b298db72579674dc040404795be1cbe,91224a2c6691e4d3,"{""log"":""17:22:16.227 INFO  f.m.c.BasicController#45 TraceID: 5b298db72579674dc040404795be1cbe SpanID: 91224a2c6691e4d3 [queryForTravels][Query for travels][Travels: [Travel(trip=Trip(id=8a533bf9-bd12-4608-a8eb-606890982448, tripId=Z1234, trainTypeName=ZhiDa, routeId=0b23bd3e-876a-4af3-b920-c50a90c90b04, startStationName=shanghai, stationsName=nanjing, terminalStationName=beijing, startTime=2013-05-04 09:51:52, endTime=2013-05-04 15:51:52), startPlace=nanjing, endPlace=shanghai, departureTime=2023-01-29 15:38:06), Travel(trip=Trip(id=5c63588e-ad31-4ded-98ac-f4a1a78a36b2, tripId=Z1235, trainTypeName=ZhiDa, routeId=9fc9c261-3263-4bfa-82f8-bb44e06b2f52, startStationName=shanghai, stationsName=nanjing, terminalStationName=beijing, startTime=2013-05-04 11:31:52, endTime=2013-05-04 17:51:52), startPlace=nanjing, endPlace=shanghai, departureTime=2023-01-29 15:38:06), Travel(trip=Trip(id=e1367946-9ecd-4ee6-acbf-8b705e8df59d, tripId=Z1236, trainTypeName=ZhiDa, routeId=d693a2c5-ef87-4a3c-bef8-600b43f62c68, startStationName=shanghai, stationsName=nanjing, terminalStationName=beijing, startTime=2013-05-04 7:05:52, endTime=2013-05-04 12:51:52), startPlace=nanjing, endPlace=shanghai, departureTime=2023-01-29 15:38:06), Travel(trip=Trip(id=502d2768-8480-47fc-91fd-f647267dfac6, tripId=T1235, trainTypeName=TeKuai, routeId=20eb7122-3a11-423f-b10a-be0dc5bce7db, startStationName=shanghai, stationsName=nanjing, terminalStationName=beijing, startTime=2013-05-04 08:31:52, endTime=2013-05-04 17:21:52), startPlace=nanjing, endPlace=shanghai, departureTime=2023-01-29 15:38:06), Travel(trip=Trip(id=a3c9545b-1889-4ea1-9015-b9af1896bc01, tripId=K1345, trainTypeName=KuaiSu, routeId=1367db1f-461e-4ab7-87ad-2bcc05fd9cb7, startStationName=shanghai, stationsName=nanjing, terminalStationName=beijing, startTime=2013-05-04 07:51:52, endTime=2013-05-04 19:59:52), startPlace=nanjing, endPlace=shanghai, departureTime=2023-01-29 15:38:06)]]\n"",""stream"":""stdout"",""time"":""2025-06-06T09:22:16.228360732Z""}"
2025-06-06T09:22:11.959906403Z,1674984131959906403,33.33.33.167,ts-travel2-service-5c66d57d58-6mp2b,server,a003c9826a1d0aee6411f9938fac32c7,88db0cbec63665b1,"{""log"":""17:22:11.959 INFO  t.s.TravelServiceImpl#372 TraceID: a003c9826a1d0aee6411f9938fac32c7 SpanID: 88db0cbec63665b1 [getTickets][Calculate distance][calculate time：175  time: Sat May 04 12:46:52 CST 2013]\n"",""stream"":""stdout"",""time"":""2025-06-06T09:22:11.959906403Z""}"
2025-06-06T09:22:11.9597709Z,1674984131959770900,33.33.33.167,ts-travel2-service-5c66d57d58-6mp2b,server,a003c9826a1d0aee6411f9938fac32c7,88db0cbec63665b1,"{""log"":""17:22:11.959 INFO  t.s.TravelServiceImpl#366 TraceID: a003c9826a1d0aee6411f9938fac32c7 SpanID: 88db0cbec63665b1 [getTickets][Calculate distance][calculate time：0  time: Sat May 04 09:51:52 CST 2013]\n"",""stream"":""stdout"",""time"":""2025-06-06T09:22:11.9597709Z""}"
2025-06-06T09:22:11.959593922Z,1674984131959593922,33.33.33.167,ts-travel2-service-5c66d57d58-6mp2b,server,a003c9826a1d0aee6411f9938fac32c7,88db0cbec63665b1,"{""log"":""17:22:11.959 INFO  t.s.TravelServiceImpl#469 TraceID: a003c9826a1d0aee6411f9938fac32c7 SpanID: 88db0cbec63665b1 [getRestTicketNumber][Get Rest tickets num][num is: Response(status=1, msg=Get Left Ticket of Internal Success, data=1073741823)]\n"",""stream"":""stdout"",""time"":""2025-06-06T09:22:11.959593922Z""}"
2025-06-06T09:22:11.929905557Z,1674984131929905557,33.33.33.167,ts-travel2-service-5c66d57d58-6mp2b,server,a003c9826a1d0aee6411f9938fac32c7,88db0cbec63665b1,"{""log"":""17:22:11.929 INFO  t.s.TravelServiceImpl#459 TraceID: a003c9826a1d0aee6411f9938fac32c7 SpanID: 88db0cbec63665b1 [getRestTicketNumber][Seat request][request: Seat(travelDate=2023-01-29 15:38:06, trainNumber=Z1234, startStation=shanghai, destStation=nanjing, seatType=3, totalNum=2147483647, stations=[shanghai, nanjing, shijiazhuang, taiyuan])]\n"",""stream"":""stdout"",""time"":""2025-06-06T09:22:11.929905557Z""}"
2025-06-06T09:22:11.929780705Z,1674984131929780705,33.33.33.167,ts-travel2-service-5c66d57d58-6mp2b,server,a003c9826a1d0aee6411f9938fac32c7,88db0cbec63665b1,"{""log"":""17:22:11.929 INFO  t.s.TravelServiceImpl#469 TraceID: a003c9826a1d0aee6411f9938fac32c7 SpanID: 88db0cbec63665b1 [getRestTicketNumber][Get Rest tickets num][num is: Response(status=1, msg=Get Left Ticket of Internal Success, data=1073741823)]\n"",""stream"":""stdout"",""time"":""2025-06-06T09:22:11.929780705Z""}"
2025-06-06T09:22:11.907332948Z,1674984131907332948,33.33.33.167,ts-travel2-service-5c66d57d58-6mp2b,server,a003c9826a1d0aee6411f9938fac32c7,88db0cbec63665b1,"{""log"":""17:22:11.906 INFO  t.s.TravelServiceImpl#459 TraceID: a003c9826a1d0aee6411f9938fac32c7 SpanID: 88db0cbec63665b1 [getRestTicketNumber][Seat request][request: Seat(travelDate=2023-01-29 15:38:06, trainNumber=Z1234, startStation=shanghai, destStation=nanjing, seatType=2, totalNum=2147483647, stations=[shanghai, nanjing, shijiazhuang, taiyuan])]\n"",""stream"":""stdout"",""time"":""2025-06-06T09:22:11.907332948Z""}"
2025-06-06T09:22:11.85842345Z,1674984131858423450,33.33.33.167,ts-travel2-service-5c66d57d58-6mp2b,server,a003c9826a1d0aee6411f9938fac32c7,88db0cbec63665b1,"{""log"":""17:22:11.857 INFO  t.s.TravelServiceImpl#260 TraceID: a003c9826a1d0aee6411f9938fac32c7 SpanID: 88db0cbec63665b1 [getTicketsByBatch][before get basic][trips: [Trip(id=8a533bf9-bd12-4608-a8eb-606890982448, tripId=Z1234, trainTypeName=ZhiDa, routeId=0b23bd3e-876a-4af3-b920-c50a90c90b04, startStationName=shanghai, stationsName=nanjing, terminalStationName=beijing, startTime=2013-05-04 09:51:52, endTime=2013-05-04 15:51:52), Trip(id=5c63588e-ad31-4ded-98ac-f4a1a78a36b2, tripId=Z1235, trainTypeName=ZhiDa, routeId=9fc9c261-3263-4bfa-82f8-bb44e06b2f52, startStationName=shanghai, stationsName=nanjing, terminalStationName=beijing, startTime=2013-05-04 11:31:52, endTime=2013-05-04 17:51:52), Trip(id=e1367946-9ecd-4ee6-acbf-8b705e8df59d, tripId=Z1236, trainTypeName=ZhiDa, routeId=d693a2c5-ef87-4a3c-bef8-600b43f62c68, startStationName=shanghai, stationsName=nanjing, terminalStationName=beijing, startTime=2013-05-04 7:05:52, endTime=2013-05-04 12:51:52), Trip(id=502d2768-8480-47fc-91fd-f647267dfac6, tripId=T1235, trainTypeName=TeKuai, routeId=20eb7122-3a11-423f-b10a-be0dc5bce7db, startStationName=shanghai, stationsName=nanjing, terminalStationName=beijing, startTime=2013-05-04 08:31:52, endTime=2013-05-04 17:21:52), Trip(id=a3c9545b-1889-4ea1-9015-b9af1896bc01, tripId=K1345, trainTypeName=KuaiSu, routeId=1367db1f-461e-4ab7-87ad-2bcc05fd9cb7, startStationName=shanghai, stationsName=nanjing, terminalStationName=beijing, startTime=2013-05-04 07:51:52, endTime=2013-05-04 19:59:52)]]\n"",""stream"":""stdout"",""time"":""2025-06-06T09:22:11.85842345Z""}"
2025-06-06T09:22:11.853788763Z,1674984131853788763,33.33.33.167,ts-travel2-service-5c66d57d58-6mp2b,server,a003c9826a1d0aee6411f9938fac32c7,88db0cbec63665b1,"{""log"":""17:22:11.853 INFO  t.c.Travel2Controller#115 TraceID: a003c9826a1d0aee6411f9938fac32c7 SpanID: 88db0cbec63665b1 [query][Query TripResponse]\n"",""stream"":""stdout"",""time"":""2025-06-06T09:22:11.853788763Z""}"
2025-06-06T09:22:11.875876148Z,1674984131875876148,33.33.33.79,ts-train-service-86f5f97bc9-dkqmf,server,a003c9826a1d0aee6411f9938fac32c7,1ec28a43a9d2d039,"{""log"":""17:22:11.874 INFO  t.c.TrainController#72 TraceID: a003c9826a1d0aee6411f9938fac32c7 SpanID: 1ec28a43a9d2d039 [retrieveByNames][Retrieve train][TrainTypeNames: [TeKuai, ZhiDa, KuaiSu]]\n"",""stream"":""stdout"",""time"":""2025-06-06T09:22:11.875876148Z""}"
2025-06-06T09:22:11.864229593Z,1674984131864229593,33.33.33.76,ts-station-service-7f4f5f6f77-5qb6j,server,a003c9826a1d0aee6411f9938fac32c7,d82b984d47170ea3,"{""log"":""17:22:11.863 INFO  f.m.c.StationController#71 TraceID: a003c9826a1d0aee6411f9938fac32c7 SpanID: d82b984d47170ea3 [queryForIdBatch][Query stations for id batch][StationNameNumbers: 2]\n"",""stream"":""stdout"",""time"":""2025-06-06T09:22:11.864229593Z""}"
2025-06-06T09:22:11.958000955Z,1674984131958000955,33.33.33.82,ts-seat-service-5c95b49cff-tdsdz,server,a003c9826a1d0aee6411f9938fac32c7,df1b8ff840f6c167,"{""log"":""17:22:11.957 INFO  s.s.SeatServiceImpl#217 TraceID: a003c9826a1d0aee6411f9938fac32c7 SpanID: df1b8ff840f6c167 [getDirectProportion][Configs is : Config(name=DirectTicketAllocationProportion, value=0.5, description=Allocation Proportion Of The Direct Ticket - From Start To End)]\n"",""stream"":""stdout"",""time"":""2025-06-06T09:22:11.958000955Z""}"
2025-06-06T09:22:11.952909999Z,1674984131952909999,33.33.33.82,ts-seat-service-5c95b49cff-tdsdz,server,a003c9826a1d0aee6411f9938fac32c7,df1b8ff840f6c167,"{""log"":""17:22:11.952 INFO  s.s.SeatServiceImpl#166 TraceID: a003c9826a1d0aee6411f9938fac32c7 SpanID: df1b8ff840f6c167 [getLeftTicketOfInterval][Get Order tickets result][result is \u003c200,Response(status=0, msg=Seat is Null., data=null),[vary:\""Origin,Access-Control-Request-Method,Access-Control-Request-Headers\"", x-content-type-options:\""nosniff\"", x-xss-protection:\""1; mode=block\"", cache-control:\""no-cache, no-store, max-age=0, must-revalidate\"", pragma:\""no-cache\"", expires:\""0\"", x-frame-options:\""DENY\"", content-type:\""application/json\"", date:\""Sun, 29 Jan 2023 09:22:11 GMT\"", x-envoy-upstream-service-time:\""3\"", server:\""envoy\"", transfer-encoding:\""chunked\""]\u003e]\n"",""stream"":""stdout"",""time"":""2025-06-06T09:22:11.952909999Z""}"
2025-06-06T09:22:11.947548463Z,1674984131947548463,33.33.33.82,ts-seat-service-5c95b49cff-tdsdz,server,a003c9826a1d0aee6411f9938fac32c7,df1b8ff840f6c167,"{""log"":""17:22:11.947 INFO  s.s.SeatServiceImpl#154 TraceID: a003c9826a1d0aee6411f9938fac32c7 SpanID: df1b8ff840f6c167 [getLeftTicketOfInterval][TrainNumber start with other capital][trainNumber:Z1234]\n"",""stream"":""stdout"",""time"":""2025-06-06T09:22:11.947548463Z""}"
2025-06-06T09:22:11.947224635Z,1674984131947224635,33.33.33.82,ts-seat-service-5c95b49cff-tdsdz,server,a003c9826a1d0aee6411f9938fac32c7,df1b8ff840f6c167,"{""log"":""17:22:11.946 INFO  s.s.SeatServiceImpl#137 TraceID: a003c9826a1d0aee6411f9938fac32c7 SpanID: df1b8ff840f6c167 [getLeftTicketOfInterval][Seat request][request:Seat(travelDate=2023-01-29 15:38:06, trainNumber=Z1234, startStation=shanghai, destStation=nanjing, seatType=3, totalNum=2147483647, stations=[shanghai, nanjing, shijiazhuang, taiyuan])]\n"",""stream"":""stdout"",""time"":""2025-06-06T09:22:11.947224635Z""}"
2025-06-06T09:22:11.946856895Z,1674984131946856895,33.33.33.82,ts-seat-service-5c95b49cff-tdsdz,server,a003c9826a1d0aee6411f9938fac32c7,df1b8ff840f6c167,"{""log"":""17:22:11.946 INFO  s.c.SeatController#57 TraceID: a003c9826a1d0aee6411f9938fac32c7 SpanID: df1b8ff840f6c167 [getLeftTicketOfInterval][Get left ticket of interval][TravelDate: 2023-01-29 15:38:06,TrainNumber: Z1234,SeatType: 3]\n"",""stream"":""stdout"",""time"":""2025-06-06T09:22:11.946856895Z""}"
2025-06-06T09:22:11.9280645Z,1674984131928064500,33.33.33.82,ts-seat-service-5c95b49cff-tdsdz,server,a003c9826a1d0aee6411f9938fac32c7,9330c9d982db1750,"{""log"":""17:22:11.927 INFO  s.s.SeatServiceImpl#217 TraceID: a003c9826a1d0aee6411f9938fac32c7 SpanID: 9330c9d982db1750 [getDirectProportion][Configs is : Config(name=DirectTicketAllocationProportion, value=0.5, description=Allocation Proportion Of The Direct Ticket - From Start To End)]\n"",""stream"":""stdout"",""time"":""2025-06-06T09:22:11.9280645Z""}"
2025-06-06T09:22:11.916741091Z,1674984131916741091,33.33.33.82,ts-seat-service-5c95b49cff-tdsdz,server,a003c9826a1d0aee6411f9938fac32c7,9330c9d982db1750,"{""log"":""17:22:11.915 INFO  s.s.SeatServiceImpl#166 TraceID: a003c9826a1d0aee6411f9938fac32c7 SpanID: 9330c9d982db1750 [getLeftTicketOfInterval][Get Order tickets result][result is \u003c200,Response(status=0, msg=Seat is Null., data=null),[vary:\""Origin,Access-Control-Request-Method,Access-Control-Request-Headers\"", x-content-type-options:\""nosniff\"", x-xss-protection:\""1; mode=block\"", cache-control:\""no-cache, no-store, max-age=0, must-revalidate\"", pragma:\""no-cache\"", expires:\""0\"", x-frame-options:\""DENY\"", content-type:\""application/json\"", date:\""Sun, 29 Jan 2023 09:22:11 GMT\"", x-envoy-upstream-service-time:\""3\"", server:\""envoy\"", transfer-encoding:\""chunked\""]\u003e]\n"",""stream"":""stdout"",""time"":""2025-06-06T09:22:11.916741091Z""}"
2025-06-06T09:22:11.911439714Z,1674984131911439714,33.33.33.82,ts-seat-service-5c95b49cff-tdsdz,server,a003c9826a1d0aee6411f9938fac32c7,9330c9d982db1750,"{""log"":""17:22:11.910 INFO  s.s.SeatServiceImpl#154 TraceID: a003c9826a1d0aee6411f9938fac32c7 SpanID: 9330c9d982db1750 [getLeftTicketOfInterval][TrainNumber start with other capital][trainNumber:Z1234]\n"",""stream"":""stdout"",""time"":""2025-06-06T09:22:11.911439714Z""}"
2025-06-06T09:22:11.91110224Z,1674984131911102240,33.33.33.82,ts-seat-service-5c95b49cff-tdsdz,server,a003c9826a1d0aee6411f9938fac32c7,9330c9d982db1750,"{""log"":""17:22:11.910 INFO  s.s.SeatServiceImpl#137 TraceID: a003c9826a1d0aee6411f9938fac32c7 SpanID: 9330c9d982db1750 [getLeftTicketOfInterval][Seat request][request:Seat(travelDate=2023-01-29 15:38:06, trainNumber=Z1234, startStation=shanghai, destStation=nanjing, seatType=2, totalNum=2147483647, stations=[shanghai, nanjing, shijiazhuang, taiyuan])]\n"",""stream"":""stdout"",""time"":""2025-06-06T09:22:11.91110224Z""}"
2025-06-06T09:22:11.910738573Z,1674984131910738573,33.33.33.82,ts-seat-service-5c95b49cff-tdsdz,server,a003c9826a1d0aee6411f9938fac32c7,9330c9d982db1750,"{""log"":""17:22:11.910 INFO  s.c.SeatController#57 TraceID: a003c9826a1d0aee6411f9938fac32c7 SpanID: 9330c9d982db1750 [getLeftTicketOfInterval][Get left ticket of interval][TravelDate: 2023-01-29 15:38:06,TrainNumber: Z1234,SeatType: 2]\n"",""stream"":""stdout"",""time"":""2025-06-06T09:22:11.910738573Z""}"
2025-06-06T09:22:11.884024459Z,1674984131884024459,33.33.33.80,ts-route-service-b6c59fb57-zv8dt,server,a003c9826a1d0aee6411f9938fac32c7,04b390eadd67939c,"{""log"":""17:22:11.882 INFO  r.c.RouteController#53 TraceID: a003c9826a1d0aee6411f9938fac32c7 SpanID: 04b390eadd67939c [getRouteById][Query route by id][RouteId: [d693a2c5-ef87-4a3c-bef8-600b43f62c68, 1367db1f-461e-4ab7-87ad-2bcc05fd9cb7, 9fc9c261-3263-4bfa-82f8-bb44e06b2f52, 20eb7122-3a11-423f-b10a-be0dc5bce7db, 0b23bd3e-876a-4af3-b920-c50a90c90b04]]\n"",""stream"":""stdout"",""time"":""2025-06-06T09:22:11.884024459Z""}"
2025-06-06T09:22:11.901198431Z,1674984131901198431,33.33.33.79,ts-price-service-76846864d9-g465z,server,a003c9826a1d0aee6411f9938fac32c7,5ed9cc82f417d5b6,"{""log"":""17:22:11.900 INFO  p.c.PriceController#46 TraceID: a003c9826a1d0aee6411f9938fac32c7 SpanID: 5ed9cc82f417d5b6 [findByRouteIdAndTrainType][Query price][routeId and Train Type: [0b23bd3e-876a-4af3-b920-c50a90c90b04:ZhiDa]]\n"",""stream"":""stdout"",""time"":""2025-06-06T09:22:11.901198431Z""}"
2025-06-06T09:22:11.950786876Z,1674984131950786876,33.33.33.155,ts-order-other-service-6cdbf9b4cc-h7mqk,server,a003c9826a1d0aee6411f9938fac32c7,c647629e9c3e88d9,"{""log"":""17:22:11.950 WARN  o.s.OrderOtherServiceImpl#72 TraceID: a003c9826a1d0aee6411f9938fac32c7 SpanID: c647629e9c3e88d9 [getSoldTickets][Seat][No content][seat from date: 2023-01-29 15:38:06, train number: Z1234\n"",""stream"":""stdout"",""time"":""2025-06-06T09:22:11.950786876Z""}"
2025-06-06T09:22:11.949753401Z,1674984131949753401,33.33.33.155,ts-order-other-service-6cdbf9b4cc-h7mqk,server,a003c9826a1d0aee6411f9938fac32c7,c647629e9c3e88d9,"{""log"":""17:22:11.949 INFO  o.c.OrderOtherController#42 TraceID: a003c9826a1d0aee6411f9938fac32c7 SpanID: c647629e9c3e88d9 [getSoldTickets][Get Sold Ticket][Travel Date: 2023-01-29 15:38:06]\n"",""stream"":""stdout"",""time"":""2025-06-06T09:22:11.949753401Z""}"
2025-06-06T09:22:11.914622594Z,1674984131914622594,33.33.33.155,ts-order-other-service-6cdbf9b4cc-h7mqk,server,a003c9826a1d0aee6411f9938fac32c7,8266497ff1ace60e,"{""log"":""17:22:11.914 WARN  o.s.OrderOtherServiceImpl#72 TraceID: a003c9826a1d0aee6411f9938fac32c7 SpanID: 8266497ff1ace60e [getSoldTickets][Seat][No content][seat from date: 2023-01-29 15:38:06, train number: Z1234\n"",""stream"":""stdout"",""time"":""2025-06-06T09:22:11.914622594Z""}"
2025-06-06T09:22:11.913602789Z,1674984131913602789,33.33.33.155,ts-order-other-service-6cdbf9b4cc-h7mqk,server,a003c9826a1d0aee6411f9938fac32c7,8266497ff1ace60e,"{""log"":""17:22:11.913 INFO  o.c.OrderOtherController#42 TraceID: a003c9826a1d0aee6411f9938fac32c7 SpanID: 8266497ff1ace60e [getSoldTickets][Get Sold Ticket][Travel Date: 2023-01-29 15:38:06]\n"",""stream"":""stdout"",""time"":""2025-06-06T09:22:11.913602789Z""}"
2025-06-06T09:22:11.956047688Z,1674984131956047688,33.33.33.115,ts-config-service-5fcd447d84-wxwjd,server,a003c9826a1d0aee6411f9938fac32c7,6108a4f062bf1c83,"{""log"":""17:22:11.955 INFO  c.s.ConfigServiceImpl#65 TraceID: a003c9826a1d0aee6411f9938fac32c7 SpanID: 6108a4f062bf1c83 [query][Query config success][config name: DirectTicketAllocationProportion]\n"",""stream"":""stdout"",""time"":""2025-06-06T09:22:11.956047688Z""}"
2025-06-06T09:22:11.955193422Z,1674984131955193422,33.33.33.115,ts-config-service-5fcd447d84-wxwjd,server,a003c9826a1d0aee6411f9938fac32c7,6108a4f062bf1c83,"{""log"":""17:22:11.954 INFO  c.c.ConfigController#67 TraceID: a003c9826a1d0aee6411f9938fac32c7 SpanID: 6108a4f062bf1c83 [retrieve][Retrieve config][configName: DirectTicketAllocationProportion]\n"",""stream"":""stdout"",""time"":""2025-06-06T09:22:11.955193422Z""}"
2025-06-06T09:22:11.925824044Z,1674984131925824044,33.33.33.115,ts-config-service-5fcd447d84-wxwjd,server,a003c9826a1d0aee6411f9938fac32c7,6c6cf02622c46083,"{""log"":""17:22:11.925 INFO  c.s.ConfigServiceImpl#65 TraceID: a003c9826a1d0aee6411f9938fac32c7 SpanID: 6c6cf02622c46083 [query][Query config success][config name: DirectTicketAllocationProportion]\n"",""stream"":""stdout"",""time"":""2025-06-06T09:22:11.925824044Z""}"
2025-06-06T09:22:11.919113239Z,1674984131919113239,33.33.33.115,ts-config-service-5fcd447d84-wxwjd,server,a003c9826a1d0aee6411f9938fac32c7,6c6cf02622c46083,"{""log"":""17:22:11.918 INFO  c.c.ConfigController#67 TraceID: a003c9826a1d0aee6411f9938fac32c7 SpanID: 6c6cf02622c46083 [retrieve][Retrieve config][configName: DirectTicketAllocationProportion]\n"",""stream"":""stdout"",""time"":""2025-06-06T09:22:11.919113239Z""}"
2025-06-06T09:22:11.904926703Z,1674984131904926703,33.33.33.76,ts-basic-service-5dc8d4f9fd-46997,server,a003c9826a1d0aee6411f9938fac32c7,ef7f6acb500627cb,"{""log"":""17:22:11.904 INFO  f.m.s.BasicServiceImpl#320 TraceID: a003c9826a1d0aee6411f9938fac32c7 SpanID: ef7f6acb500627cb [queryForTravels][all done][result map: {Z1234=TravelResult(status=true, percent=1.0, trainType=TrainType(id=e24bb484-516a-4aad-b37f-517e7139e913, name=ZhiDa, economyClass=2147483647, confortClass=2147483647, averageSpeed=120), route=Route(id=0b23bd3e-876a-4af3-b920-c50a90c90b04, stations=[shanghai, nanjing, shijiazhuang, taiyuan], distances=[0, 350, 1000, 1300], startStation=shanghai, endStation=taiyuan), prices={confortClass=350.0, economyClass=122.49999999999999})}]\n"",""stream"":""stdout"",""time"":""2025-06-06T09:22:11.904926703Z""}"
2025-06-06T09:22:11.904666931Z,1674984131904666931,33.33.33.76,ts-basic-service-5dc8d4f9fd-46997,server,a003c9826a1d0aee6411f9938fac32c7,ef7f6acb500627cb,"{""log"":""17:22:11.904 INFO  f.m.s.BasicServiceImpl#481 TraceID: a003c9826a1d0aee6411f9938fac32c7 SpanID: ef7f6acb500627cb [queryPriceConfigByRouteIdsAndTrainTypes][Get Price Config by routeId and trainType][Success][priceConfigs: {0b23bd3e-876a-4af3-b920-c50a90c90b04:ZhiDa={id=b90a6ad7-ffad-4624-9655-48e9e185fa6c, trainType=ZhiDa, routeId=0b23bd3e-876a-4af3-b920-c50a90c90b04, basicPriceRate=0.35, firstClassPriceRate=1.0}}]\n"",""stream"":""stdout"",""time"":""2025-06-06T09:22:11.904666931Z""}"
2025-06-06T09:22:11.897728665Z,1674984131897728665,33.33.33.76,ts-basic-service-5dc8d4f9fd-46997,server,a003c9826a1d0aee6411f9938fac32c7,ef7f6acb500627cb,"{""log"":""17:22:11.897 INFO  f.m.s.BasicServiceImpl#459 TraceID: a003c9826a1d0aee6411f9938fac32c7 SpanID: ef7f6acb500627cb [queryPriceConfigByRouteIdsAndTrainTypes][Query For Price Config][RouteId and TrainType: [0b23bd3e-876a-4af3-b920-c50a90c90b04:ZhiDa]]\n"",""stream"":""stdout"",""time"":""2025-06-06T09:22:11.897728665Z""}"
2025-06-06T09:22:11.897153075Z,1674984131897153075,33.33.33.76,ts-basic-service-5dc8d4f9fd-46997,server,a003c9826a1d0aee6411f9938fac32c7,ef7f6acb500627cb,"{""log"":""17:22:11.896 ERROR  f.m.s.BasicServiceImpl#415 TraceID: a003c9826a1d0aee6411f9938fac32c7 SpanID: ef7f6acb500627cb [getRoutesByRouteIds][Get Route By Ids Failed]\n"",""stream"":""stdout"",""time"":""2025-06-06T09:22:11.897153075Z""}"
2025-06-06T09:22:11.879632923Z,1674984131879632923,33.33.33.76,ts-basic-service-5dc8d4f9fd-46997,server,a003c9826a1d0aee6411f9938fac32c7,ef7f6acb500627cb,"{""log"":""17:22:11.879 INFO  f.m.s.BasicServiceImpl#405 TraceID: a003c9826a1d0aee6411f9938fac32c7 SpanID: ef7f6acb500627cb [getRoutesByRouteIds][Get Route By Ids][Route IDs: [d693a2c5-ef87-4a3c-bef8-600b43f62c68, 1367db1f-461e-4ab7-87ad-2bcc05fd9cb7, 9fc9c261-3263-4bfa-82f8-bb44e06b2f52, 20eb7122-3a11-423f-b10a-be0dc5bce7db, 0b23bd3e-876a-4af3-b920-c50a90c90b04]]\n"",""stream"":""stdout"",""time"":""2025-06-06T09:22:11.879632923Z""}"
2025-06-06T09:22:11.866675469Z,1674984131866675469,33.33.33.76,ts-basic-service-5dc8d4f9fd-46997,server,a003c9826a1d0aee6411f9938fac32c7,ef7f6acb500627cb,"{""log"":""17:22:11.866 INFO  f.m.s.BasicServiceImpl#374 TraceID: a003c9826a1d0aee6411f9938fac32c7 SpanID: ef7f6acb500627cb [queryTrainTypeByNames][Query Train Type][Train Type names: [TeKuai, ZhiDa, KuaiSu]]\n"",""stream"":""stdout"",""time"":""2025-06-06T09:22:11.866675469Z""}"
2025-06-06T09:22:11.861487946Z,1674984131861487946,33.33.33.76,ts-basic-service-5dc8d4f9fd-46997,server,a003c9826a1d0aee6411f9938fac32c7,ef7f6acb500627cb,"{""log"":""17:22:11.861 INFO  f.m.s.BasicServiceImpl#343 TraceID: a003c9826a1d0aee6411f9938fac32c7 SpanID: ef7f6acb500627cb [checkStationsExists][Check Stations Exists][stationNames: [nanjing, shanghai]]\n"",""stream"":""stdout"",""time"":""2025-06-06T09:22:11.861487946Z""}"
2025-06-06T09:22:11.861345678Z,1674984131861345678,33.33.33.76,ts-basic-service-5dc8d4f9fd-46997,server,a003c9826a1d0aee6411f9938fac32c7,ef7f6acb500627cb,"{""log"":""17:22:11.860 INFO  f.m.c.BasicController#45 TraceID: a003c9826a1d0aee6411f9938fac32c7 SpanID: ef7f6acb500627cb [queryForTravels][Query for travels][Travels: [Travel(trip=Trip(id=8a533bf9-bd12-4608-a8eb-606890982448, tripId=Z1234, trainTypeName=ZhiDa, routeId=0b23bd3e-876a-4af3-b920-c50a90c90b04, startStationName=shanghai, stationsName=nanjing, terminalStationName=beijing, startTime=2013-05-04 09:51:52, endTime=2013-05-04 15:51:52), startPlace=shanghai, endPlace=nanjing, departureTime=2023-01-29 15:38:06), Travel(trip=Trip(id=5c63588e-ad31-4ded-98ac-f4a1a78a36b2, tripId=Z1235, trainTypeName=ZhiDa, routeId=9fc9c261-3263-4bfa-82f8-bb44e06b2f52, startStationName=shanghai, stationsName=nanjing, terminalStationName=beijing, startTime=2013-05-04 11:31:52, endTime=2013-05-04 17:51:52), startPlace=shanghai, endPlace=nanjing, departureTime=2023-01-29 15:38:06), Travel(trip=Trip(id=e1367946-9ecd-4ee6-acbf-8b705e8df59d, tripId=Z1236, trainTypeName=ZhiDa, routeId=d693a2c5-ef87-4a3c-bef8-600b43f62c68, startStationName=shanghai, stationsName=nanjing, terminalStationName=beijing, startTime=2013-05-04 7:05:52, endTime=2013-05-04 12:51:52), startPlace=shanghai, endPlace=nanjing, departureTime=2023-01-29 15:38:06), Travel(trip=Trip(id=502d2768-8480-47fc-91fd-f647267dfac6, tripId=T1235, trainTypeName=TeKuai, routeId=20eb7122-3a11-423f-b10a-be0dc5bce7db, startStationName=shanghai, stationsName=nanjing, terminalStationName=beijing, startTime=2013-05-04 08:31:52, endTime=2013-05-04 17:21:52), startPlace=shanghai, endPlace=nanjing, departureTime=2023-01-29 15:38:06), Travel(trip=Trip(id=a3c9545b-1889-4ea1-9015-b9af1896bc01, tripId=K1345, trainTypeName=KuaiSu, routeId=1367db1f-461e-4ab7-87ad-2bcc05fd9cb7, startStationName=shanghai, stationsName=nanjing, terminalStationName=beijing, startTime=2013-05-04 07:51:52, endTime=2013-05-04 19:59:52), startPlace=shanghai, endPlace=nanjing, departureTime=2023-01-29 15:38:06)]]\n"",""stream"":""stdout"",""time"":""2025-06-06T09:22:11.861345678Z""}"
2025-06-06T09:22:09.506528508Z,1674984129506528508,33.33.33.167,ts-travel2-service-5c66d57d58-6mp2b,server,37b52147f8ee64f435080c562851b023,44e9f1b874b2ce8a,"{""log"":""17:22:09.506 INFO  t.s.TravelServiceImpl#372 TraceID: 37b52147f8ee64f435080c562851b023 SpanID: 44e9f1b874b2ce8a [getTickets][Calculate distance][calculate time：175  time: Sat May 04 12:46:52 CST 2013]\n"",""stream"":""stdout"",""time"":""2025-06-06T09:22:09.506528508Z""}"
2025-06-06T09:22:09.506391276Z,1674984129506391276,33.33.33.167,ts-travel2-service-5c66d57d58-6mp2b,server,37b52147f8ee64f435080c562851b023,44e9f1b874b2ce8a,"{""log"":""17:22:09.506 INFO  t.s.TravelServiceImpl#366 TraceID: 37b52147f8ee64f435080c562851b023 SpanID: 44e9f1b874b2ce8a [getTickets][Calculate distance][calculate time：0  time: Sat May 04 09:51:52 CST 2013]\n"",""stream"":""stdout"",""time"":""2025-06-06T09:22:09.506391276Z""}"
2025-06-06T09:22:09.506229228Z,1674984129506229228,33.33.33.167,ts-travel2-service-5c66d57d58-6mp2b,server,37b52147f8ee64f435080c562851b023,44e9f1b874b2ce8a,"{""log"":""17:22:09.505 INFO  t.s.TravelServiceImpl#469 TraceID: 37b52147f8ee64f435080c562851b023 SpanID: 44e9f1b874b2ce8a [getRestTicketNumber][Get Rest tickets num][num is: Response(status=1, msg=Get Left Ticket of Internal Success, data=1073741823)]\n"",""stream"":""stdout"",""time"":""2025-06-06T09:22:09.506229228Z""}"
2025-06-06T09:22:09.467005024Z,1674984129467005024,33.33.33.167,ts-travel2-service-5c66d57d58-6mp2b,server,37b52147f8ee64f435080c562851b023,44e9f1b874b2ce8a,"{""log"":""17:22:09.466 INFO  t.s.TravelServiceImpl#459 TraceID: 37b52147f8ee64f435080c562851b023 SpanID: 44e9f1b874b2ce8a [getRestTicketNumber][Seat request][request: Seat(travelDate=2023-01-29 15:38:06, trainNumber=Z1234, startStation=shanghai, destStation=nanjing, seatType=3, totalNum=2147483647, stations=[shanghai, nanjing, shijiazhuang, taiyuan])]\n"",""stream"":""stdout"",""time"":""2025-06-06T09:22:09.467005024Z""}"
2025-06-06T09:22:09.466897886Z,1674984129466897886,33.33.33.167,ts-travel2-service-5c66d57d58-6mp2b,server,37b52147f8ee64f435080c562851b023,44e9f1b874b2ce8a,"{""log"":""17:22:09.466 INFO  t.s.TravelServiceImpl#469 TraceID: 37b52147f8ee64f435080c562851b023 SpanID: 44e9f1b874b2ce8a [getRestTicketNumber][Get Rest tickets num][num is: Response(status=1, msg=Get Left Ticket of Internal Success, data=1073741823)]\n"",""stream"":""stdout"",""time"":""2025-06-06T09:22:09.466897886Z""}"
2025-06-06T09:22:09.441429988Z,1674984129441429988,33.33.33.167,ts-travel2-service-5c66d57d58-6mp2b,server,37b52147f8ee64f435080c562851b023,44e9f1b874b2ce8a,"{""log"":""17:22:09.440 INFO  t.s.TravelServiceImpl#459 TraceID: 37b52147f8ee64f435080c562851b023 SpanID: 44e9f1b874b2ce8a [getRestTicketNumber][Seat request][request: Seat(travelDate=2023-01-29 15:38:06, trainNumber=Z1234, startStation=shanghai, destStation=nanjing, seatType=2, totalNum=2147483647, stations=[shanghai, nanjing, shijiazhuang, taiyuan])]\n"",""stream"":""stdout"",""time"":""2025-06-06T09:22:09.441429988Z""}"
2025-06-06T09:22:09.36882491Z,1674984129368824910,33.33.33.167,ts-travel2-service-5c66d57d58-6mp2b,server,37b52147f8ee64f435080c562851b023,44e9f1b874b2ce8a,"{""log"":""17:22:09.368 INFO  t.s.TravelServiceImpl#260 TraceID: 37b52147f8ee64f435080c562851b023 SpanID: 44e9f1b874b2ce8a [getTicketsByBatch][before get basic][trips: [Trip(id=8a533bf9-bd12-4608-a8eb-606890982448, tripId=Z1234, trainTypeName=ZhiDa, routeId=0b23bd3e-876a-4af3-b920-c50a90c90b04, startStationName=shanghai, stationsName=nanjing, terminalStationName=beijing, startTime=2013-05-04 09:51:52, endTime=2013-05-04 15:51:52), Trip(id=5c63588e-ad31-4ded-98ac-f4a1a78a36b2, tripId=Z1235, trainTypeName=ZhiDa, routeId=9fc9c261-3263-4bfa-82f8-bb44e06b2f52, startStationName=shanghai, stationsName=nanjing, terminalStationName=beijing, startTime=2013-05-04 11:31:52, endTime=2013-05-04 17:51:52), Trip(id=e1367946-9ecd-4ee6-acbf-8b705e8df59d, tripId=Z1236, trainTypeName=ZhiDa, routeId=d693a2c5-ef87-4a3c-bef8-600b43f62c68, startStationName=shanghai, stationsName=nanjing, terminalStationName=beijing, startTime=2013-05-04 7:05:52, endTime=2013-05-04 12:51:52), Trip(id=502d2768-8480-47fc-91fd-f647267dfac6, tripId=T1235, trainTypeName=TeKuai, routeId=20eb7122-3a11-423f-b10a-be0dc5bce7db, startStationName=shanghai, stationsName=nanjing, terminalStationName=beijing, startTime=2013-05-04 08:31:52, endTime=2013-05-04 17:21:52), Trip(id=a3c9545b-1889-4ea1-9015-b9af1896bc01, tripId=K1345, trainTypeName=KuaiSu, routeId=1367db1f-461e-4ab7-87ad-2bcc05fd9cb7, startStationName=shanghai, stationsName=nanjing, terminalStationName=beijing, startTime=2013-05-04 07:51:52, endTime=2013-05-04 19:59:52)]]\n"",""stream"":""stdout"",""time"":""2025-06-06T09:22:09.36882491Z""}"
2025-06-06T09:22:09.365011478Z,1674984129365011478,33.33.33.167,ts-travel2-service-5c66d57d58-6mp2b,server,37b52147f8ee64f435080c562851b023,44e9f1b874b2ce8a,"{""log"":""17:22:09.364 INFO  t.c.Travel2Controller#115 TraceID: 37b52147f8ee64f435080c562851b023 SpanID: 44e9f1b874b2ce8a [query][Query TripResponse]\n"",""stream"":""stdout"",""time"":""2025-06-06T09:22:09.365011478Z""}"
2025-06-06T09:22:09.386237267Z,1674984129386237267,33.33.33.79,ts-train-service-86f5f97bc9-dkqmf,server,37b52147f8ee64f435080c562851b023,9c3917620d71f14a,"{""log"":""17:22:09.384 INFO  t.c.TrainController#72 TraceID: 37b52147f8ee64f435080c562851b023 SpanID: 9c3917620d71f14a [retrieveByNames][Retrieve train][TrainTypeNames: [TeKuai, ZhiDa, KuaiSu]]\n"",""stream"":""stdout"",""time"":""2025-06-06T09:22:09.386237267Z""}"
2025-06-06T09:22:09.3768766Z,1674984129376876600,33.33.33.76,ts-station-service-7f4f5f6f77-5qb6j,server,37b52147f8ee64f435080c562851b023,a0697c17e8b6c00e,"{""log"":""17:22:09.376 INFO  f.m.c.StationController#71 TraceID: 37b52147f8ee64f435080c562851b023 SpanID: a0697c17e8b6c00e [queryForIdBatch][Query stations for id batch][StationNameNumbers: 2]\n"",""stream"":""stdout"",""time"":""2025-06-06T09:22:09.3768766Z""}"
2025-06-06T09:22:09.504453949Z,1674984129504453949,33.33.33.82,ts-seat-service-5c95b49cff-tdsdz,server,37b52147f8ee64f435080c562851b023,0a7fee48e98a5dae,"{""log"":""17:22:09.503 INFO  s.s.SeatServiceImpl#217 TraceID: 37b52147f8ee64f435080c562851b023 SpanID: 0a7fee48e98a5dae [getDirectProportion][Configs is : Config(name=DirectTicketAllocationProportion, value=0.5, description=Allocation Proportion Of The Direct Ticket - From Start To End)]\n"",""stream"":""stdout"",""time"":""2025-06-06T09:22:09.504453949Z""}"
2025-06-06T09:22:09.476416979Z,1674984129476416979,33.33.33.82,ts-seat-service-5c95b49cff-tdsdz,server,37b52147f8ee64f435080c562851b023,0a7fee48e98a5dae,"{""log"":""17:22:09.475 INFO  s.s.SeatServiceImpl#166 TraceID: 37b52147f8ee64f435080c562851b023 SpanID: 0a7fee48e98a5dae [getLeftTicketOfInterval][Get Order tickets result][result is \u003c200,Response(status=0, msg=Seat is Null., data=null),[vary:\""Origin,Access-Control-Request-Method,Access-Control-Request-Headers\"", x-content-type-options:\""nosniff\"", x-xss-protection:\""1; mode=block\"", cache-control:\""no-cache, no-store, max-age=0, must-revalidate\"", pragma:\""no-cache\"", expires:\""0\"", x-frame-options:\""DENY\"", content-type:\""application/json\"", date:\""Sun, 29 Jan 2023 09:22:09 GMT\"", x-envoy-upstream-service-time:\""3\"", server:\""envoy\"", transfer-encoding:\""chunked\""]\u003e]\n"",""stream"":""stdout"",""time"":""2025-06-06T09:22:09.476416979Z""}"
2025-06-06T09:22:09.470673973Z,1674984129470673973,33.33.33.82,ts-seat-service-5c95b49cff-tdsdz,server,37b52147f8ee64f435080c562851b023,0a7fee48e98a5dae,"{""log"":""17:22:09.470 INFO  s.s.SeatServiceImpl#154 TraceID: 37b52147f8ee64f435080c562851b023 SpanID: 0a7fee48e98a5dae [getLeftTicketOfInterval][TrainNumber start with other capital][trainNumber:Z1234]\n"",""stream"":""stdout"",""time"":""2025-06-06T09:22:09.470673973Z""}"
2025-06-06T09:22:09.470333728Z,1674984129470333728,33.33.33.82,ts-seat-service-5c95b49cff-tdsdz,server,37b52147f8ee64f435080c562851b023,0a7fee48e98a5dae,"{""log"":""17:22:09.469 INFO  s.s.SeatServiceImpl#137 TraceID: 37b52147f8ee64f435080c562851b023 SpanID: 0a7fee48e98a5dae [getLeftTicketOfInterval][Seat request][request:Seat(travelDate=2023-01-29 15:38:06, trainNumber=Z1234, startStation=shanghai, destStation=nanjing, seatType=3, totalNum=2147483647, stations=[shanghai, nanjing, shijiazhuang, taiyuan])]\n"",""stream"":""stdout"",""time"":""2025-06-06T09:22:09.470333728Z""}"
2025-06-06T09:22:09.469963642Z,1674984129469963642,33.33.33.82,ts-seat-service-5c95b49cff-tdsdz,server,37b52147f8ee64f435080c562851b023,0a7fee48e98a5dae,"{""log"":""17:22:09.469 INFO  s.c.SeatController#57 TraceID: 37b52147f8ee64f435080c562851b023 SpanID: 0a7fee48e98a5dae [getLeftTicketOfInterval][Get left ticket of interval][TravelDate: 2023-01-29 15:38:06,TrainNumber: Z1234,SeatType: 3]\n"",""stream"":""stdout"",""time"":""2025-06-06T09:22:09.469963642Z""}"
2025-06-06T09:22:09.464907479Z,1674984129464907479,33.33.33.82,ts-seat-service-5c95b49cff-tdsdz,server,37b52147f8ee64f435080c562851b023,317cdb1bd6189043,"{""log"":""17:22:09.464 INFO  s.s.SeatServiceImpl#217 TraceID: 37b52147f8ee64f435080c562851b023 SpanID: 317cdb1bd6189043 [getDirectProportion][Configs is : Config(name=DirectTicketAllocationProportion, value=0.5, description=Allocation Proportion Of The Direct Ticket - From Start To End)]\n"",""stream"":""stdout"",""time"":""2025-06-06T09:22:09.464907479Z""}"
2025-06-06T09:22:09.457824036Z,1674984129457824036,33.33.33.82,ts-seat-service-5c95b49cff-tdsdz,server,37b52147f8ee64f435080c562851b023,317cdb1bd6189043,"{""log"":""17:22:09.456 INFO  s.s.SeatServiceImpl#166 TraceID: 37b52147f8ee64f435080c562851b023 SpanID: 317cdb1bd6189043 [getLeftTicketOfInterval][Get Order tickets result][result is \u003c200,Response(status=0, msg=Seat is Null., data=null),[vary:\""Origin,Access-Control-Request-Method,Access-Control-Request-Headers\"", x-content-type-options:\""nosniff\"", x-xss-protection:\""1; mode=block\"", cache-control:\""no-cache, no-store, max-age=0, must-revalidate\"", pragma:\""no-cache\"", expires:\""0\"", x-frame-options:\""DENY\"", content-type:\""application/json\"", date:\""Sun, 29 Jan 2023 09:22:09 GMT\"", x-envoy-upstream-service-time:\""5\"", server:\""envoy\"", transfer-encoding:\""chunked\""]\u003e]\n"",""stream"":""stdout"",""time"":""2025-06-06T09:22:09.457824036Z""}"
2025-06-06T09:22:09.447943308Z,1674984129447943308,33.33.33.82,ts-seat-service-5c95b49cff-tdsdz,server,37b52147f8ee64f435080c562851b023,317cdb1bd6189043,"{""log"":""17:22:09.447 INFO  s.s.SeatServiceImpl#154 TraceID: 37b52147f8ee64f435080c562851b023 SpanID: 317cdb1bd6189043 [getLeftTicketOfInterval][TrainNumber start with other capital][trainNumber:Z1234]\n"",""stream"":""stdout"",""time"":""2025-06-06T09:22:09.447943308Z""}"
2025-06-06T09:22:09.447620122Z,1674984129447620122,33.33.33.82,ts-seat-service-5c95b49cff-tdsdz,server,37b52147f8ee64f435080c562851b023,317cdb1bd6189043,"{""log"":""17:22:09.447 INFO  s.s.SeatServiceImpl#137 TraceID: 37b52147f8ee64f435080c562851b023 SpanID: 317cdb1bd6189043 [getLeftTicketOfInterval][Seat request][request:Seat(travelDate=2023-01-29 15:38:06, trainNumber=Z1234, startStation=shanghai, destStation=nanjing, seatType=2, totalNum=2147483647, stations=[shanghai, nanjing, shijiazhuang, taiyuan])]\n"",""stream"":""stdout"",""time"":""2025-06-06T09:22:09.447620122Z""}"
2025-06-06T09:22:09.447230063Z,1674984129447230063,33.33.33.82,ts-seat-service-5c95b49cff-tdsdz,server,37b52147f8ee64f435080c562851b023,317cdb1bd6189043,"{""log"":""17:22:09.446 INFO  s.c.SeatController#57 TraceID: 37b52147f8ee64f435080c562851b023 SpanID: 317cdb1bd6189043 [getLeftTicketOfInterval][Get left ticket of interval][TravelDate: 2023-01-29 15:38:06,TrainNumber: Z1234,SeatType: 2]\n"",""stream"":""stdout"",""time"":""2025-06-06T09:22:09.447230063Z""}"
2025-06-06T09:22:09.411623119Z,1674984129411623119,33.33.33.80,ts-route-service-b6c59fb57-zv8dt,server,37b52147f8ee64f435080c562851b023,5042f57b3418a119,"{""log"":""17:22:09.410 INFO  r.c.RouteController#53 TraceID: 37b52147f8ee64f435080c562851b023 SpanID: 5042f57b3418a119 [getRouteById][Query route by id][RouteId: [d693a2c5-ef87-4a3c-bef8-600b43f62c68, 1367db1f-461e-4ab7-87ad-2bcc05fd9cb7, 9fc9c261-3263-4bfa-82f8-bb44e06b2f52, 20eb7122-3a11-423f-b10a-be0dc5bce7db, 0b23bd3e-876a-4af3-b920-c50a90c90b04]]\n"",""stream"":""stdout"",""time"":""2025-06-06T09:22:09.411623119Z""}"
2025-06-06T09:22:09.432526248Z,1674984129432526248,33.33.33.79,ts-price-service-76846864d9-g465z,server,37b52147f8ee64f435080c562851b023,3a7a9b7ea24e9fbf,"{""log"":""17:22:09.431 INFO  p.c.PriceController#46 TraceID: 37b52147f8ee64f435080c562851b023 SpanID: 3a7a9b7ea24e9fbf [findByRouteIdAndTrainType][Query price][routeId and Train Type: [0b23bd3e-876a-4af3-b920-c50a90c90b04:ZhiDa]]\n"",""stream"":""stdout"",""time"":""2025-06-06T09:22:09.432526248Z""}"
2025-06-06T09:22:09.474349243Z,1674984129474349243,33.33.33.155,ts-order-other-service-6cdbf9b4cc-h7mqk,server,37b52147f8ee64f435080c562851b023,30a9e35ec50c9e93,"{""log"":""17:22:09.473 WARN  o.s.OrderOtherServiceImpl#72 TraceID: 37b52147f8ee64f435080c562851b023 SpanID: 30a9e35ec50c9e93 [getSoldTickets][Seat][No content][seat from date: 2023-01-29 15:38:06, train number: Z1234\n"",""stream"":""stdout"",""time"":""2025-06-06T09:22:09.474349243Z""}"
2025-06-06T09:22:09.472989902Z,1674984129472989902,33.33.33.155,ts-order-other-service-6cdbf9b4cc-h7mqk,server,37b52147f8ee64f435080c562851b023,30a9e35ec50c9e93,"{""log"":""17:22:09.472 INFO  o.c.OrderOtherController#42 TraceID: 37b52147f8ee64f435080c562851b023 SpanID: 30a9e35ec50c9e93 [getSoldTickets][Get Sold Ticket][Travel Date: 2023-01-29 15:38:06]\n"",""stream"":""stdout"",""time"":""2025-06-06T09:22:09.472989902Z""}"
2025-06-06T09:22:09.455203117Z,1674984129455203117,33.33.33.155,ts-order-other-service-6cdbf9b4cc-h7mqk,server,37b52147f8ee64f435080c562851b023,b371c9b14088a825,"{""log"":""17:22:09.454 WARN  o.s.OrderOtherServiceImpl#72 TraceID: 37b52147f8ee64f435080c562851b023 SpanID: b371c9b14088a825 [getSoldTickets][Seat][No content][seat from date: 2023-01-29 15:38:06, train number: Z1234\n"",""stream"":""stdout"",""time"":""2025-06-06T09:22:09.455203117Z""}"
2025-06-06T09:22:09.453345857Z,1674984129453345857,33.33.33.155,ts-order-other-service-6cdbf9b4cc-h7mqk,server,37b52147f8ee64f435080c562851b023,b371c9b14088a825,"{""log"":""17:22:09.452 INFO  o.c.OrderOtherController#42 TraceID: 37b52147f8ee64f435080c562851b023 SpanID: b371c9b14088a825 [getSoldTickets][Get Sold Ticket][Travel Date: 2023-01-29 15:38:06]\n"",""stream"":""stdout"",""time"":""2025-06-06T09:22:09.453345857Z""}"
2025-06-06T09:22:09.478952951Z,1674984129478952951,33.33.33.115,ts-config-service-5fcd447d84-wxwjd,server,37b52147f8ee64f435080c562851b023,effd47123f5483e0,"{""log"":""17:22:09.478 INFO  c.s.ConfigServiceImpl#65 TraceID: 37b52147f8ee64f435080c562851b023 SpanID: effd47123f5483e0 [query][Query config success][config name: DirectTicketAllocationProportion]\n"",""stream"":""stdout"",""time"":""2025-06-06T09:22:09.478952951Z""}"
2025-06-06T09:22:09.47818347Z,1674984129478183470,33.33.33.115,ts-config-service-5fcd447d84-wxwjd,server,37b52147f8ee64f435080c562851b023,effd47123f5483e0,"{""log"":""17:22:09.477 INFO  c.c.ConfigController#67 TraceID: 37b52147f8ee64f435080c562851b023 SpanID: effd47123f5483e0 [retrieve][Retrieve config][configName: DirectTicketAllocationProportion]\n"",""stream"":""stdout"",""time"":""2025-06-06T09:22:09.47818347Z""}"
2025-06-06T09:22:09.462801586Z,1674984129462801586,33.33.33.115,ts-config-service-5fcd447d84-wxwjd,server,37b52147f8ee64f435080c562851b023,2340a5b34977d91d,"{""log"":""17:22:09.462 INFO  c.s.ConfigServiceImpl#65 TraceID: 37b52147f8ee64f435080c562851b023 SpanID: 2340a5b34977d91d [query][Query config success][config name: DirectTicketAllocationProportion]\n"",""stream"":""stdout"",""time"":""2025-06-06T09:22:09.462801586Z""}"
2025-06-06T09:22:09.461623779Z,1674984129461623779,33.33.33.115,ts-config-service-5fcd447d84-wxwjd,server,37b52147f8ee64f435080c562851b023,2340a5b34977d91d,"{""log"":""17:22:09.461 INFO  c.c.ConfigController#67 TraceID: 37b52147f8ee64f435080c562851b023 SpanID: 2340a5b34977d91d [retrieve][Retrieve config][configName: DirectTicketAllocationProportion]\n"",""stream"":""stdout"",""time"":""2025-06-06T09:22:09.461623779Z""}"
2025-06-06T09:22:09.439072182Z,1674984129439072182,33.33.33.76,ts-basic-service-5dc8d4f9fd-46997,server,37b52147f8ee64f435080c562851b023,c260eefa79884614,"{""log"":""17:22:09.438 INFO  f.m.s.BasicServiceImpl#320 TraceID: 37b52147f8ee64f435080c562851b023 SpanID: c260eefa79884614 [queryForTravels][all done][result map: {Z1234=TravelResult(status=true, percent=1.0, trainType=TrainType(id=e24bb484-516a-4aad-b37f-517e7139e913, name=ZhiDa, economyClass=2147483647, confortClass=2147483647, averageSpeed=120), route=Route(id=0b23bd3e-876a-4af3-b920-c50a90c90b04, stations=[shanghai, nanjing, shijiazhuang, taiyuan], distances=[0, 350, 1000, 1300], startStation=shanghai, endStation=taiyuan), prices={confortClass=350.0, economyClass=122.49999999999999})}]\n"",""stream"":""stdout"",""time"":""2025-06-06T09:22:09.439072182Z""}"
2025-06-06T09:22:09.438804471Z,1674984129438804471,33.33.33.76,ts-basic-service-5dc8d4f9fd-46997,server,37b52147f8ee64f435080c562851b023,c260eefa79884614,"{""log"":""17:22:09.438 INFO  f.m.s.BasicServiceImpl#481 TraceID: 37b52147f8ee64f435080c562851b023 SpanID: c260eefa79884614 [queryPriceConfigByRouteIdsAndTrainTypes][Get Price Config by routeId and trainType][Success][priceConfigs: {0b23bd3e-876a-4af3-b920-c50a90c90b04:ZhiDa={id=b90a6ad7-ffad-4624-9655-48e9e185fa6c, trainType=ZhiDa, routeId=0b23bd3e-876a-4af3-b920-c50a90c90b04, basicPriceRate=0.35, firstClassPriceRate=1.0}}]\n"",""stream"":""stdout"",""time"":""2025-06-06T09:22:09.438804471Z""}"
2025-06-06T09:22:09.426174938Z,1674984129426174938,33.33.33.76,ts-basic-service-5dc8d4f9fd-46997,server,37b52147f8ee64f435080c562851b023,c260eefa79884614,"{""log"":""17:22:09.425 INFO  f.m.s.BasicServiceImpl#459 TraceID: 37b52147f8ee64f435080c562851b023 SpanID: c260eefa79884614 [queryPriceConfigByRouteIdsAndTrainTypes][Query For Price Config][RouteId and TrainType: [0b23bd3e-876a-4af3-b920-c50a90c90b04:ZhiDa]]\n"",""stream"":""stdout"",""time"":""2025-06-06T09:22:09.426174938Z""}"
2025-06-06T09:22:09.425714966Z,1674984129425714966,33.33.33.76,ts-basic-service-5dc8d4f9fd-46997,server,37b52147f8ee64f435080c562851b023,c260eefa79884614,"{""log"":""17:22:09.425 ERROR  f.m.s.BasicServiceImpl#415 TraceID: 37b52147f8ee64f435080c562851b023 SpanID: c260eefa79884614 [getRoutesByRouteIds][Get Route By Ids Failed]\n"",""stream"":""stdout"",""time"":""2025-06-06T09:22:09.425714966Z""}"
2025-06-06T09:22:09.391679452Z,1674984129391679452,33.33.33.76,ts-basic-service-5dc8d4f9fd-46997,server,37b52147f8ee64f435080c562851b023,c260eefa79884614,"{""log"":""17:22:09.391 INFO  f.m.s.BasicServiceImpl#405 TraceID: 37b52147f8ee64f435080c562851b023 SpanID: c260eefa79884614 [getRoutesByRouteIds][Get Route By Ids][Route IDs: [d693a2c5-ef87-4a3c-bef8-600b43f62c68, 1367db1f-461e-4ab7-87ad-2bcc05fd9cb7, 9fc9c261-3263-4bfa-82f8-bb44e06b2f52, 20eb7122-3a11-423f-b10a-be0dc5bce7db, 0b23bd3e-876a-4af3-b920-c50a90c90b04]]\n"",""stream"":""stdout"",""time"":""2025-06-06T09:22:09.391679452Z""}"
2025-06-06T09:22:09.379888143Z,1674984129379888143,33.33.33.76,ts-basic-service-5dc8d4f9fd-46997,server,37b52147f8ee64f435080c562851b023,c260eefa79884614,"{""log"":""17:22:09.379 INFO  f.m.s.BasicServiceImpl#374 TraceID: 37b52147f8ee64f435080c562851b023 SpanID: c260eefa79884614 [queryTrainTypeByNames][Query Train Type][Train Type names: [TeKuai, ZhiDa, KuaiSu]]\n"",""stream"":""stdout"",""time"":""2025-06-06T09:22:09.379888143Z""}"
2025-06-06T09:22:09.373327173Z,1674984129373327173,33.33.33.76,ts-basic-service-5dc8d4f9fd-46997,server,37b52147f8ee64f435080c562851b023,c260eefa79884614,"{""log"":""17:22:09.373 INFO  f.m.s.BasicServiceImpl#343 TraceID: 37b52147f8ee64f435080c562851b023 SpanID: c260eefa79884614 [checkStationsExists][Check Stations Exists][stationNames: [nanjing, shanghai]]\n"",""stream"":""stdout"",""time"":""2025-06-06T09:22:09.373327173Z""}"
2025-06-06T09:22:09.373225445Z,1674984129373225445,33.33.33.76,ts-basic-service-5dc8d4f9fd-46997,server,37b52147f8ee64f435080c562851b023,c260eefa79884614,"{""log"":""17:22:09.372 INFO  f.m.c.BasicController#45 TraceID: 37b52147f8ee64f435080c562851b023 SpanID: c260eefa79884614 [queryForTravels][Query for travels][Travels: [Travel(trip=Trip(id=8a533bf9-bd12-4608-a8eb-606890982448, tripId=Z1234, trainTypeName=ZhiDa, routeId=0b23bd3e-876a-4af3-b920-c50a90c90b04, startStationName=shanghai, stationsName=nanjing, terminalStationName=beijing, startTime=2013-05-04 09:51:52, endTime=2013-05-04 15:51:52), startPlace=shanghai, endPlace=nanjing, departureTime=2023-01-29 15:38:06), Travel(trip=Trip(id=5c63588e-ad31-4ded-98ac-f4a1a78a36b2, tripId=Z1235, trainTypeName=ZhiDa, routeId=9fc9c261-3263-4bfa-82f8-bb44e06b2f52, startStationName=shanghai, stationsName=nanjing, terminalStationName=beijing, startTime=2013-05-04 11:31:52, endTime=2013-05-04 17:51:52), startPlace=shanghai, endPlace=nanjing, departureTime=2023-01-29 15:38:06), Travel(trip=Trip(id=e1367946-9ecd-4ee6-acbf-8b705e8df59d, tripId=Z1236, trainTypeName=ZhiDa, routeId=d693a2c5-ef87-4a3c-bef8-600b43f62c68, startStationName=shanghai, stationsName=nanjing, terminalStationName=beijing, startTime=2013-05-04 7:05:52, endTime=2013-05-04 12:51:52), startPlace=shanghai, endPlace=nanjing, departureTime=2023-01-29 15:38:06), Travel(trip=Trip(id=502d2768-8480-47fc-91fd-f647267dfac6, tripId=T1235, trainTypeName=TeKuai, routeId=20eb7122-3a11-423f-b10a-be0dc5bce7db, startStationName=shanghai, stationsName=nanjing, terminalStationName=beijing, startTime=2013-05-04 08:31:52, endTime=2013-05-04 17:21:52), startPlace=shanghai, endPlace=nanjing, departureTime=2023-01-29 15:38:06), Travel(trip=Trip(id=a3c9545b-1889-4ea1-9015-b9af1896bc01, tripId=K1345, trainTypeName=KuaiSu, routeId=1367db1f-461e-4ab7-87ad-2bcc05fd9cb7, startStationName=shanghai, stationsName=nanjing, terminalStationName=beijing, startTime=2013-05-04 07:51:52, endTime=2013-05-04 19:59:52), startPlace=shanghai, endPlace=nanjing, departureTime=2023-01-29 15:38:06)]]\n"",""stream"":""stdout"",""time"":""2025-06-06T09:22:09.373225445Z""}"
2025-06-06T09:22:11.856191959Z,1674984131856191959,33.33.33.167,ts-travel2-service-5c66d57d58-6mp2b,server,b2e434b3d842ba0e0731d49c0638534d,71c57c09de261075,"{""log"":""17:22:11.855 INFO  t.s.TravelServiceImpl#372 TraceID: b2e434b3d842ba0e0731d49c0638534d SpanID: 71c57c09de261075 [getTickets][Calculate distance][calculate time：650  time: Sat May 04 17:55:52 CST 2013]\n"",""stream"":""stdout"",""time"":""2025-06-06T09:22:11.856191959Z""}"
2025-06-06T09:22:11.855947162Z,1674984131855947162,33.33.33.167,ts-travel2-service-5c66d57d58-6mp2b,server,b2e434b3d842ba0e0731d49c0638534d,71c57c09de261075,"{""log"":""17:22:11.855 INFO  t.s.TravelServiceImpl#366 TraceID: b2e434b3d842ba0e0731d49c0638534d SpanID: 71c57c09de261075 [getTickets][Calculate distance][calculate time：475  time: Sat May 04 15:00:52 CST 2013]\n"",""stream"":""stdout"",""time"":""2025-06-06T09:22:11.855947162Z""}"
2025-06-06T09:22:11.855743632Z,1674984131855743632,33.33.33.167,ts-travel2-service-5c66d57d58-6mp2b,server,b2e434b3d842ba0e0731d49c0638534d,71c57c09de261075,"{""log"":""17:22:11.855 INFO  t.s.TravelServiceImpl#469 TraceID: b2e434b3d842ba0e0731d49c0638534d SpanID: 71c57c09de261075 [getRestTicketNumber][Get Rest tickets num][num is: Response(status=1, msg=Get Left Ticket of Internal Success, data=1073741823)]\n"",""stream"":""stdout"",""time"":""2025-06-06T09:22:11.855743632Z""}"
2025-06-06T09:22:11.839607373Z,1674984131839607373,33.33.33.167,ts-travel2-service-5c66d57d58-6mp2b,server,b2e434b3d842ba0e0731d49c0638534d,71c57c09de261075,"{""log"":""17:22:11.839 INFO  t.s.TravelServiceImpl#459 TraceID: b2e434b3d842ba0e0731d49c0638534d SpanID: 71c57c09de261075 [getRestTicketNumber][Seat request][request: Seat(travelDate=2023-01-29 15:38:06, trainNumber=Z1236, startStation=nanjing, destStation=shanghai, seatType=3, totalNum=2147483647, stations=[taiyuan, shijiazhuang, nanjing, shanghai])]\n"",""stream"":""stdout"",""time"":""2025-06-06T09:22:11.839607373Z""}"
2025-06-06T09:22:11.83952663Z,1674984131839526630,33.33.33.167,ts-travel2-service-5c66d57d58-6mp2b,server,b2e434b3d842ba0e0731d49c0638534d,71c57c09de261075,"{""log"":""17:22:11.838 INFO  t.s.TravelServiceImpl#469 TraceID: b2e434b3d842ba0e0731d49c0638534d SpanID: 71c57c09de261075 [getRestTicketNumber][Get Rest tickets num][num is: Response(status=1, msg=Get Left Ticket of Internal Success, data=1073741823)]\n"",""stream"":""stdout"",""time"":""2025-06-06T09:22:11.83952663Z""}"
2025-06-06T09:22:11.816570576Z,1674984131816570576,33.33.33.167,ts-travel2-service-5c66d57d58-6mp2b,server,b2e434b3d842ba0e0731d49c0638534d,71c57c09de261075,"{""log"":""17:22:11.815 INFO  t.s.TravelServiceImpl#459 TraceID: b2e434b3d842ba0e0731d49c0638534d SpanID: 71c57c09de261075 [getRestTicketNumber][Seat request][request: Seat(travelDate=2023-01-29 15:38:06, trainNumber=Z1236, startStation=nanjing, destStation=shanghai, seatType=2, totalNum=2147483647, stations=[taiyuan, shijiazhuang, nanjing, shanghai])]\n"",""stream"":""stdout"",""time"":""2025-06-06T09:22:11.816570576Z""}"
2025-06-06T09:22:11.546052045Z,1674984131546052045,33.33.33.167,ts-travel2-service-5c66d57d58-6mp2b,server,b2e434b3d842ba0e0731d49c0638534d,71c57c09de261075,"{""log"":""17:22:11.545 INFO  t.s.TravelServiceImpl#260 TraceID: b2e434b3d842ba0e0731d49c0638534d SpanID: 71c57c09de261075 [getTicketsByBatch][before get basic][trips: [Trip(id=8a533bf9-bd12-4608-a8eb-606890982448, tripId=Z1234, trainTypeName=ZhiDa, routeId=0b23bd3e-876a-4af3-b920-c50a90c90b04, startStationName=shanghai, stationsName=nanjing, terminalStationName=beijing, startTime=2013-05-04 09:51:52, endTime=2013-05-04 15:51:52), Trip(id=5c63588e-ad31-4ded-98ac-f4a1a78a36b2, tripId=Z1235, trainTypeName=ZhiDa, routeId=9fc9c261-3263-4bfa-82f8-bb44e06b2f52, startStationName=shanghai, stationsName=nanjing, terminalStationName=beijing, startTime=2013-05-04 11:31:52, endTime=2013-05-04 17:51:52), Trip(id=e1367946-9ecd-4ee6-acbf-8b705e8df59d, tripId=Z1236, trainTypeName=ZhiDa, routeId=d693a2c5-ef87-4a3c-bef8-600b43f62c68, startStationName=shanghai, stationsName=nanjing, terminalStationName=beijing, startTime=2013-05-04 7:05:52, endTime=2013-05-04 12:51:52), Trip(id=502d2768-8480-47fc-91fd-f647267dfac6, tripId=T1235, trainTypeName=TeKuai, routeId=20eb7122-3a11-423f-b10a-be0dc5bce7db, startStationName=shanghai, stationsName=nanjing, terminalStationName=beijing, startTime=2013-05-04 08:31:52, endTime=2013-05-04 17:21:52), Trip(id=a3c9545b-1889-4ea1-9015-b9af1896bc01, tripId=K1345, trainTypeName=KuaiSu, routeId=1367db1f-461e-4ab7-87ad-2bcc05fd9cb7, startStationName=shanghai, stationsName=nanjing, terminalStationName=beijing, startTime=2013-05-04 07:51:52, endTime=2013-05-04 19:59:52)]]\n"",""stream"":""stdout"",""time"":""2025-06-06T09:22:11.546052045Z""}"
2025-06-06T09:22:11.542115267Z,1674984131542115267,33.33.33.167,ts-travel2-service-5c66d57d58-6mp2b,server,b2e434b3d842ba0e0731d49c0638534d,71c57c09de261075,"{""log"":""17:22:11.541 INFO  t.c.Travel2Controller#115 TraceID: b2e434b3d842ba0e0731d49c0638534d SpanID: 71c57c09de261075 [query][Query TripResponse]\n"",""stream"":""stdout"",""time"":""2025-06-06T09:22:11.542115267Z""}"
2025-06-06T09:22:11.781490327Z,1674984131781490327,33.33.33.79,ts-train-service-86f5f97bc9-dkqmf,server,b2e434b3d842ba0e0731d49c0638534d,2674e8e733fbb5b3,"{""log"":""17:22:11.780 INFO  t.c.TrainController#72 TraceID: b2e434b3d842ba0e0731d49c0638534d SpanID: 2674e8e733fbb5b3 [retrieveByNames][Retrieve train][TrainTypeNames: [TeKuai, ZhiDa, KuaiSu]]\n"",""stream"":""stdout"",""time"":""2025-06-06T09:22:11.781490327Z""}"
2025-06-06T09:22:11.552805255Z,1674984131552805255,33.33.33.76,ts-station-service-7f4f5f6f77-5qb6j,server,b2e434b3d842ba0e0731d49c0638534d,398e621f0b3b4f56,"{""log"":""17:22:11.552 INFO  f.m.c.StationController#71 TraceID: b2e434b3d842ba0e0731d49c0638534d SpanID: 398e621f0b3b4f56 [queryForIdBatch][Query stations for id batch][StationNameNumbers: 2]\n"",""stream"":""stdout"",""time"":""2025-06-06T09:22:11.552805255Z""}"
2025-06-06T09:22:11.853937204Z,1674984131853937204,33.33.33.82,ts-seat-service-5c95b49cff-tdsdz,server,b2e434b3d842ba0e0731d49c0638534d,898bd1479d2dfce5,"{""log"":""17:22:11.853 INFO  s.s.SeatServiceImpl#217 TraceID: b2e434b3d842ba0e0731d49c0638534d SpanID: 898bd1479d2dfce5 [getDirectProportion][Configs is : Config(name=DirectTicketAllocationProportion, value=0.5, description=Allocation Proportion Of The Direct Ticket - From Start To End)]\n"",""stream"":""stdout"",""time"":""2025-06-06T09:22:11.853937204Z""}"
2025-06-06T09:22:11.849096894Z,1674984131849096894,33.33.33.82,ts-seat-service-5c95b49cff-tdsdz,server,b2e434b3d842ba0e0731d49c0638534d,898bd1479d2dfce5,"{""log"":""17:22:11.848 INFO  s.s.SeatServiceImpl#166 TraceID: b2e434b3d842ba0e0731d49c0638534d SpanID: 898bd1479d2dfce5 [getLeftTicketOfInterval][Get Order tickets result][result is \u003c200,Response(status=0, msg=Seat is Null., data=null),[vary:\""Origin,Access-Control-Request-Method,Access-Control-Request-Headers\"", x-content-type-options:\""nosniff\"", x-xss-protection:\""1; mode=block\"", cache-control:\""no-cache, no-store, max-age=0, must-revalidate\"", pragma:\""no-cache\"", expires:\""0\"", x-frame-options:\""DENY\"", content-type:\""application/json\"", date:\""Sun, 29 Jan 2023 09:22:11 GMT\"", x-envoy-upstream-service-time:\""3\"", server:\""envoy\"", transfer-encoding:\""chunked\""]\u003e]\n"",""stream"":""stdout"",""time"":""2025-06-06T09:22:11.849096894Z""}"
2025-06-06T09:22:11.84401383Z,1674984131844013830,33.33.33.82,ts-seat-service-5c95b49cff-tdsdz,server,b2e434b3d842ba0e0731d49c0638534d,898bd1479d2dfce5,"{""log"":""17:22:11.843 INFO  s.s.SeatServiceImpl#154 TraceID: b2e434b3d842ba0e0731d49c0638534d SpanID: 898bd1479d2dfce5 [getLeftTicketOfInterval][TrainNumber start with other capital][trainNumber:Z1236]\n"",""stream"":""stdout"",""time"":""2025-06-06T09:22:11.84401383Z""}"
2025-06-06T09:22:11.84367275Z,1674984131843672750,33.33.33.82,ts-seat-service-5c95b49cff-tdsdz,server,b2e434b3d842ba0e0731d49c0638534d,898bd1479d2dfce5,"{""log"":""17:22:11.843 INFO  s.s.SeatServiceImpl#137 TraceID: b2e434b3d842ba0e0731d49c0638534d SpanID: 898bd1479d2dfce5 [getLeftTicketOfInterval][Seat request][request:Seat(travelDate=2023-01-29 15:38:06, trainNumber=Z1236, startStation=nanjing, destStation=shanghai, seatType=3, totalNum=2147483647, stations=[taiyuan, shijiazhuang, nanjing, shanghai])]\n"",""stream"":""stdout"",""time"":""2025-06-06T09:22:11.84367275Z""}"
2025-06-06T09:22:11.843283255Z,1674984131843283255,33.33.33.82,ts-seat-service-5c95b49cff-tdsdz,server,b2e434b3d842ba0e0731d49c0638534d,898bd1479d2dfce5,"{""log"":""17:22:11.842 INFO  s.c.SeatController#57 TraceID: b2e434b3d842ba0e0731d49c0638534d SpanID: 898bd1479d2dfce5 [getLeftTicketOfInterval][Get left ticket of interval][TravelDate: 2023-01-29 15:38:06,TrainNumber: Z1236,SeatType: 3]\n"",""stream"":""stdout"",""time"":""2025-06-06T09:22:11.843283255Z""}"
2025-06-06T09:22:11.837135042Z,1674984131837135042,33.33.33.82,ts-seat-service-5c95b49cff-tdsdz,server,b2e434b3d842ba0e0731d49c0638534d,0edd5ab90b1e5153,"{""log"":""17:22:11.836 INFO  s.s.SeatServiceImpl#217 TraceID: b2e434b3d842ba0e0731d49c0638534d SpanID: 0edd5ab90b1e5153 [getDirectProportion][Configs is : Config(name=DirectTicketAllocationProportion, value=0.5, description=Allocation Proportion Of The Direct Ticket - From Start To End)]\n"",""stream"":""stdout"",""time"":""2025-06-06T09:22:11.837135042Z""}"
2025-06-06T09:22:11.831099282Z,1674984131831099282,33.33.33.82,ts-seat-service-5c95b49cff-tdsdz,server,b2e434b3d842ba0e0731d49c0638534d,0edd5ab90b1e5153,"{""log"":""17:22:11.830 INFO  s.s.SeatServiceImpl#166 TraceID: b2e434b3d842ba0e0731d49c0638534d SpanID: 0edd5ab90b1e5153 [getLeftTicketOfInterval][Get Order tickets result][result is \u003c200,Response(status=0, msg=Seat is Null., data=null),[vary:\""Origin,Access-Control-Request-Method,Access-Control-Request-Headers\"", x-content-type-options:\""nosniff\"", x-xss-protection:\""1; mode=block\"", cache-control:\""no-cache, no-store, max-age=0, must-revalidate\"", pragma:\""no-cache\"", expires:\""0\"", x-frame-options:\""DENY\"", content-type:\""application/json\"", date:\""Sun, 29 Jan 2023 09:22:11 GMT\"", x-envoy-upstream-service-time:\""4\"", server:\""envoy\"", transfer-encoding:\""chunked\""]\u003e]\n"",""stream"":""stdout"",""time"":""2025-06-06T09:22:11.831099282Z""}"
2025-06-06T09:22:11.822538404Z,1674984131822538404,33.33.33.82,ts-seat-service-5c95b49cff-tdsdz,server,b2e434b3d842ba0e0731d49c0638534d,0edd5ab90b1e5153,"{""log"":""17:22:11.822 INFO  s.s.SeatServiceImpl#154 TraceID: b2e434b3d842ba0e0731d49c0638534d SpanID: 0edd5ab90b1e5153 [getLeftTicketOfInterval][TrainNumber start with other capital][trainNumber:Z1236]\n"",""stream"":""stdout"",""time"":""2025-06-06T09:22:11.822538404Z""}"
2025-06-06T09:22:11.822233159Z,1674984131822233159,33.33.33.82,ts-seat-service-5c95b49cff-tdsdz,server,b2e434b3d842ba0e0731d49c0638534d,0edd5ab90b1e5153,"{""log"":""17:22:11.821 INFO  s.s.SeatServiceImpl#137 TraceID: b2e434b3d842ba0e0731d49c0638534d SpanID: 0edd5ab90b1e5153 [getLeftTicketOfInterval][Seat request][request:Seat(travelDate=2023-01-29 15:38:06, trainNumber=Z1236, startStation=nanjing, destStation=shanghai, seatType=2, totalNum=2147483647, stations=[taiyuan, shijiazhuang, nanjing, shanghai])]\n"",""stream"":""stdout"",""time"":""2025-06-06T09:22:11.822233159Z""}"
2025-06-06T09:22:11.82178621Z,1674984131821786210,33.33.33.82,ts-seat-service-5c95b49cff-tdsdz,server,b2e434b3d842ba0e0731d49c0638534d,0edd5ab90b1e5153,"{""log"":""17:22:11.820 INFO  s.c.SeatController#57 TraceID: b2e434b3d842ba0e0731d49c0638534d SpanID: 0edd5ab90b1e5153 [getLeftTicketOfInterval][Get left ticket of interval][TravelDate: 2023-01-29 15:38:06,TrainNumber: Z1236,SeatType: 2]\n"",""stream"":""stdout"",""time"":""2025-06-06T09:22:11.82178621Z""}"
2025-06-06T09:22:11.791156473Z,1674984131791156473,33.33.33.80,ts-route-service-b6c59fb57-zv8dt,server,b2e434b3d842ba0e0731d49c0638534d,275b33dfca67a219,"{""log"":""17:22:11.790 INFO  r.c.RouteController#53 TraceID: b2e434b3d842ba0e0731d49c0638534d SpanID: 275b33dfca67a219 [getRouteById][Query route by id][RouteId: [d693a2c5-ef87-4a3c-bef8-600b43f62c68, 1367db1f-461e-4ab7-87ad-2bcc05fd9cb7, 9fc9c261-3263-4bfa-82f8-bb44e06b2f52, 20eb7122-3a11-423f-b10a-be0dc5bce7db, 0b23bd3e-876a-4af3-b920-c50a90c90b04]]\n"",""stream"":""stdout"",""time"":""2025-06-06T09:22:11.791156473Z""}"
2025-06-06T09:22:11.808800306Z,1674984131808800306,33.33.33.79,ts-price-service-76846864d9-g465z,server,b2e434b3d842ba0e0731d49c0638534d,75d24a9d61b5a85d,"{""log"":""17:22:11.807 INFO  p.c.PriceController#46 TraceID: b2e434b3d842ba0e0731d49c0638534d SpanID: 75d24a9d61b5a85d [findByRouteIdAndTrainType][Query price][routeId and Train Type: [d693a2c5-ef87-4a3c-bef8-600b43f62c68:ZhiDa]]\n"",""stream"":""stdout"",""time"":""2025-06-06T09:22:11.808800306Z""}"
2025-06-06T09:22:11.847172861Z,1674984131847172861,33.33.33.155,ts-order-other-service-6cdbf9b4cc-h7mqk,server,b2e434b3d842ba0e0731d49c0638534d,478f0f74a2805717,"{""log"":""17:22:11.846 WARN  o.s.OrderOtherServiceImpl#72 TraceID: b2e434b3d842ba0e0731d49c0638534d SpanID: 478f0f74a2805717 [getSoldTickets][Seat][No content][seat from date: 2023-01-29 15:38:06, train number: Z1236\n"",""stream"":""stdout"",""time"":""2025-06-06T09:22:11.847172861Z""}"
2025-06-06T09:22:11.846122375Z,1674984131846122375,33.33.33.155,ts-order-other-service-6cdbf9b4cc-h7mqk,server,b2e434b3d842ba0e0731d49c0638534d,478f0f74a2805717,"{""log"":""17:22:11.845 INFO  o.c.OrderOtherController#42 TraceID: b2e434b3d842ba0e0731d49c0638534d SpanID: 478f0f74a2805717 [getSoldTickets][Get Sold Ticket][Travel Date: 2023-01-29 15:38:06]\n"",""stream"":""stdout"",""time"":""2025-06-06T09:22:11.846122375Z""}"
2025-06-06T09:22:11.828691953Z,1674984131828691953,33.33.33.155,ts-order-other-service-6cdbf9b4cc-h7mqk,server,b2e434b3d842ba0e0731d49c0638534d,b7b853b0f78d6d34,"{""log"":""17:22:11.828 WARN  o.s.OrderOtherServiceImpl#72 TraceID: b2e434b3d842ba0e0731d49c0638534d SpanID: b7b853b0f78d6d34 [getSoldTickets][Seat][No content][seat from date: 2023-01-29 15:38:06, train number: Z1236\n"",""stream"":""stdout"",""time"":""2025-06-06T09:22:11.828691953Z""}"
2025-06-06T09:22:11.82710042Z,1674984131827100420,33.33.33.155,ts-order-other-service-6cdbf9b4cc-h7mqk,server,b2e434b3d842ba0e0731d49c0638534d,b7b853b0f78d6d34,"{""log"":""17:22:11.826 INFO  o.c.OrderOtherController#42 TraceID: b2e434b3d842ba0e0731d49c0638534d SpanID: b7b853b0f78d6d34 [getSoldTickets][Get Sold Ticket][Travel Date: 2023-01-29 15:38:06]\n"",""stream"":""stdout"",""time"":""2025-06-06T09:22:11.82710042Z""}"
2025-06-06T09:22:11.851731374Z,1674984131851731374,33.33.33.115,ts-config-service-5fcd447d84-wxwjd,server,b2e434b3d842ba0e0731d49c0638534d,9a79800a258ee6db,"{""log"":""17:22:11.851 INFO  c.s.ConfigServiceImpl#65 TraceID: b2e434b3d842ba0e0731d49c0638534d SpanID: 9a79800a258ee6db [query][Query config success][config name: DirectTicketAllocationProportion]\n"",""stream"":""stdout"",""time"":""2025-06-06T09:22:11.851731374Z""}"
2025-06-06T09:22:11.850953302Z,1674984131850953302,33.33.33.115,ts-config-service-5fcd447d84-wxwjd,server,b2e434b3d842ba0e0731d49c0638534d,9a79800a258ee6db,"{""log"":""17:22:11.850 INFO  c.c.ConfigController#67 TraceID: b2e434b3d842ba0e0731d49c0638534d SpanID: 9a79800a258ee6db [retrieve][Retrieve config][configName: DirectTicketAllocationProportion]\n"",""stream"":""stdout"",""time"":""2025-06-06T09:22:11.850953302Z""}"
2025-06-06T09:22:11.834956775Z,1674984131834956775,33.33.33.115,ts-config-service-5fcd447d84-wxwjd,server,b2e434b3d842ba0e0731d49c0638534d,851779072c1b32e6,"{""log"":""17:22:11.834 INFO  c.s.ConfigServiceImpl#65 TraceID: b2e434b3d842ba0e0731d49c0638534d SpanID: 851779072c1b32e6 [query][Query config success][config name: DirectTicketAllocationProportion]\n"",""stream"":""stdout"",""time"":""2025-06-06T09:22:11.834956775Z""}"
2025-06-06T09:22:11.83373012Z,1674984131833730120,33.33.33.115,ts-config-service-5fcd447d84-wxwjd,server,b2e434b3d842ba0e0731d49c0638534d,851779072c1b32e6,"{""log"":""17:22:11.833 INFO  c.c.ConfigController#67 TraceID: b2e434b3d842ba0e0731d49c0638534d SpanID: 851779072c1b32e6 [retrieve][Retrieve config][configName: DirectTicketAllocationProportion]\n"",""stream"":""stdout"",""time"":""2025-06-06T09:22:11.83373012Z""}"
2025-06-06T09:22:11.813387023Z,1674984131813387023,33.33.33.76,ts-basic-service-5dc8d4f9fd-46997,server,b2e434b3d842ba0e0731d49c0638534d,4ebcb85fe9587e0b,"{""log"":""17:22:11.813 INFO  f.m.s.BasicServiceImpl#320 TraceID: b2e434b3d842ba0e0731d49c0638534d SpanID: 4ebcb85fe9587e0b [queryForTravels][all done][result map: {Z1236=TravelResult(status=true, percent=1.0, trainType=TrainType(id=e24bb484-516a-4aad-b37f-517e7139e913, name=ZhiDa, economyClass=2147483647, confortClass=2147483647, averageSpeed=120), route=Route(id=d693a2c5-ef87-4a3c-bef8-600b43f62c68, stations=[taiyuan, shijiazhuang, nanjing, shanghai], distances=[0, 300, 950, 1300], startStation=taiyuan, endStation=shanghai), prices={confortClass=350.0, economyClass=112.0})}]\n"",""stream"":""stdout"",""time"":""2025-06-06T09:22:11.813387023Z""}"
2025-06-06T09:22:11.813243149Z,1674984131813243149,33.33.33.76,ts-basic-service-5dc8d4f9fd-46997,server,b2e434b3d842ba0e0731d49c0638534d,4ebcb85fe9587e0b,"{""log"":""17:22:11.812 INFO  f.m.s.BasicServiceImpl#481 TraceID: b2e434b3d842ba0e0731d49c0638534d SpanID: 4ebcb85fe9587e0b [queryPriceConfigByRouteIdsAndTrainTypes][Get Price Config by routeId and trainType][Success][priceConfigs: {d693a2c5-ef87-4a3c-bef8-600b43f62c68:ZhiDa={id=8b059dc5-01a2-4f8f-8f94-6c886b38bb34, trainType=ZhiDa, routeId=d693a2c5-ef87-4a3c-bef8-600b43f62c68, basicPriceRate=0.32, firstClassPriceRate=1.0}}]\n"",""stream"":""stdout"",""time"":""2025-06-06T09:22:11.813243149Z""}"
2025-06-06T09:22:11.804752394Z,1674984131804752394,33.33.33.76,ts-basic-service-5dc8d4f9fd-46997,server,b2e434b3d842ba0e0731d49c0638534d,4ebcb85fe9587e0b,"{""log"":""17:22:11.804 INFO  f.m.s.BasicServiceImpl#459 TraceID: b2e434b3d842ba0e0731d49c0638534d SpanID: 4ebcb85fe9587e0b [queryPriceConfigByRouteIdsAndTrainTypes][Query For Price Config][RouteId and TrainType: [d693a2c5-ef87-4a3c-bef8-600b43f62c68:ZhiDa]]\n"",""stream"":""stdout"",""time"":""2025-06-06T09:22:11.804752394Z""}"
2025-06-06T09:22:11.804267346Z,1674984131804267346,33.33.33.76,ts-basic-service-5dc8d4f9fd-46997,server,b2e434b3d842ba0e0731d49c0638534d,4ebcb85fe9587e0b,"{""log"":""17:22:11.803 ERROR  f.m.s.BasicServiceImpl#415 TraceID: b2e434b3d842ba0e0731d49c0638534d SpanID: 4ebcb85fe9587e0b [getRoutesByRouteIds][Get Route By Ids Failed]\n"",""stream"":""stdout"",""time"":""2025-06-06T09:22:11.804267346Z""}"
2025-06-06T09:22:11.786452899Z,1674984131786452899,33.33.33.76,ts-basic-service-5dc8d4f9fd-46997,server,b2e434b3d842ba0e0731d49c0638534d,4ebcb85fe9587e0b,"{""log"":""17:22:11.785 INFO  f.m.s.BasicServiceImpl#405 TraceID: b2e434b3d842ba0e0731d49c0638534d SpanID: 4ebcb85fe9587e0b [getRoutesByRouteIds][Get Route By Ids][Route IDs: [d693a2c5-ef87-4a3c-bef8-600b43f62c68, 1367db1f-461e-4ab7-87ad-2bcc05fd9cb7, 9fc9c261-3263-4bfa-82f8-bb44e06b2f52, 20eb7122-3a11-423f-b10a-be0dc5bce7db, 0b23bd3e-876a-4af3-b920-c50a90c90b04]]\n"",""stream"":""stdout"",""time"":""2025-06-06T09:22:11.786452899Z""}"
2025-06-06T09:22:11.555712718Z,1674984131555712718,33.33.33.76,ts-basic-service-5dc8d4f9fd-46997,server,b2e434b3d842ba0e0731d49c0638534d,4ebcb85fe9587e0b,"{""log"":""17:22:11.555 INFO  f.m.s.BasicServiceImpl#374 TraceID: b2e434b3d842ba0e0731d49c0638534d SpanID: 4ebcb85fe9587e0b [queryTrainTypeByNames][Query Train Type][Train Type names: [TeKuai, ZhiDa, KuaiSu]]\n"",""stream"":""stdout"",""time"":""2025-06-06T09:22:11.555712718Z""}"
2025-06-06T09:22:11.55025554Z,1674984131550255540,33.33.33.76,ts-basic-service-5dc8d4f9fd-46997,server,b2e434b3d842ba0e0731d49c0638534d,4ebcb85fe9587e0b,"{""log"":""17:22:11.550 INFO  f.m.s.BasicServiceImpl#343 TraceID: b2e434b3d842ba0e0731d49c0638534d SpanID: 4ebcb85fe9587e0b [checkStationsExists][Check Stations Exists][stationNames: [nanjing, shanghai]]\n"",""stream"":""stdout"",""time"":""2025-06-06T09:22:11.55025554Z""}"
2025-06-06T09:22:11.550146352Z,1674984131550146352,33.33.33.76,ts-basic-service-5dc8d4f9fd-46997,server,b2e434b3d842ba0e0731d49c0638534d,4ebcb85fe9587e0b,"{""log"":""17:22:11.549 INFO  f.m.c.BasicController#45 TraceID: b2e434b3d842ba0e0731d49c0638534d SpanID: 4ebcb85fe9587e0b [queryForTravels][Query for travels][Travels: [Travel(trip=Trip(id=8a533bf9-bd12-4608-a8eb-606890982448, tripId=Z1234, trainTypeName=ZhiDa, routeId=0b23bd3e-876a-4af3-b920-c50a90c90b04, startStationName=shanghai, stationsName=nanjing, terminalStationName=beijing, startTime=2013-05-04 09:51:52, endTime=2013-05-04 15:51:52), startPlace=nanjing, endPlace=shanghai, departureTime=2023-01-29 15:38:06), Travel(trip=Trip(id=5c63588e-ad31-4ded-98ac-f4a1a78a36b2, tripId=Z1235, trainTypeName=ZhiDa, routeId=9fc9c261-3263-4bfa-82f8-bb44e06b2f52, startStationName=shanghai, stationsName=nanjing, terminalStationName=beijing, startTime=2013-05-04 11:31:52, endTime=2013-05-04 17:51:52), startPlace=nanjing, endPlace=shanghai, departureTime=2023-01-29 15:38:06), Travel(trip=Trip(id=e1367946-9ecd-4ee6-acbf-8b705e8df59d, tripId=Z1236, trainTypeName=ZhiDa, routeId=d693a2c5-ef87-4a3c-bef8-600b43f62c68, startStationName=shanghai, stationsName=nanjing, terminalStationName=beijing, startTime=2013-05-04 7:05:52, endTime=2013-05-04 12:51:52), startPlace=nanjing, endPlace=shanghai, departureTime=2023-01-29 15:38:06), Travel(trip=Trip(id=502d2768-8480-47fc-91fd-f647267dfac6, tripId=T1235, trainTypeName=TeKuai, routeId=20eb7122-3a11-423f-b10a-be0dc5bce7db, startStationName=shanghai, stationsName=nanjing, terminalStationName=beijing, startTime=2013-05-04 08:31:52, endTime=2013-05-04 17:21:52), startPlace=nanjing, endPlace=shanghai, departureTime=2023-01-29 15:38:06), Travel(trip=Trip(id=a3c9545b-1889-4ea1-9015-b9af1896bc01, tripId=K1345, trainTypeName=KuaiSu, routeId=1367db1f-461e-4ab7-87ad-2bcc05fd9cb7, startStationName=shanghai, stationsName=nanjing, terminalStationName=beijing, startTime=2013-05-04 07:51:52, endTime=2013-05-04 19:59:52), startPlace=nanjing, endPlace=shanghai, departureTime=2023-01-29 15:38:06)]]\n"",""stream"":""stdout"",""time"":""2025-06-06T09:22:11.550146352Z""}"
2025-06-06T09:22:27.068430156Z,1674984147068430156,33.33.33.167,ts-travel2-service-5c66d57d58-6mp2b,server,1d2f220cc75347b6768f7e5cb44f869a,a1b0ab817a49ec44,"{""log"":""17:22:27.068 INFO  t.s.TravelServiceImpl#372 TraceID: 1d2f220cc75347b6768f7e5cb44f869a SpanID: a1b0ab817a49ec44 [getTickets][Calculate distance][calculate time：175  time: Sat May 04 12:46:52 CST 2013]\n"",""stream"":""stdout"",""time"":""2025-06-06T09:22:27.068430156Z""}"
2025-06-06T09:22:27.068289411Z,1674984147068289411,33.33.33.167,ts-travel2-service-5c66d57d58-6mp2b,server,1d2f220cc75347b6768f7e5cb44f869a,a1b0ab817a49ec44,"{""log"":""17:22:27.068 INFO  t.s.TravelServiceImpl#366 TraceID: 1d2f220cc75347b6768f7e5cb44f869a SpanID: a1b0ab817a49ec44 [getTickets][Calculate distance][calculate time：0  time: Sat May 04 09:51:52 CST 2013]\n"",""stream"":""stdout"",""time"":""2025-06-06T09:22:27.068289411Z""}"
2025-06-06T09:22:27.068022209Z,1674984147068022209,33.33.33.167,ts-travel2-service-5c66d57d58-6mp2b,server,1d2f220cc75347b6768f7e5cb44f869a,a1b0ab817a49ec44,"{""log"":""17:22:27.067 INFO  t.s.TravelServiceImpl#469 TraceID: 1d2f220cc75347b6768f7e5cb44f869a SpanID: a1b0ab817a49ec44 [getRestTicketNumber][Get Rest tickets num][num is: Response(status=1, msg=Get Left Ticket of Internal Success, data=1073741823)]\n"",""stream"":""stdout"",""time"":""2025-06-06T09:22:27.068022209Z""}"
2025-06-06T09:22:27.044289431Z,1674984147044289431,33.33.33.167,ts-travel2-service-5c66d57d58-6mp2b,server,1d2f220cc75347b6768f7e5cb44f869a,a1b0ab817a49ec44,"{""log"":""17:22:27.044 INFO  t.s.TravelServiceImpl#459 TraceID: 1d2f220cc75347b6768f7e5cb44f869a SpanID: a1b0ab817a49ec44 [getRestTicketNumber][Seat request][request: Seat(travelDate=2023-01-29 15:38:06, trainNumber=Z1234, startStation=shanghai, destStation=nanjing, seatType=3, totalNum=2147483647, stations=[shanghai, nanjing, shijiazhuang, taiyuan])]\n"",""stream"":""stdout"",""time"":""2025-06-06T09:22:27.044289431Z""}"
2025-06-06T09:22:27.044158573Z,1674984147044158573,33.33.33.167,ts-travel2-service-5c66d57d58-6mp2b,server,1d2f220cc75347b6768f7e5cb44f869a,a1b0ab817a49ec44,"{""log"":""17:22:27.043 INFO  t.s.TravelServiceImpl#469 TraceID: 1d2f220cc75347b6768f7e5cb44f869a SpanID: a1b0ab817a49ec44 [getRestTicketNumber][Get Rest tickets num][num is: Response(status=1, msg=Get Left Ticket of Internal Success, data=1073741823)]\n"",""stream"":""stdout"",""time"":""2025-06-06T09:22:27.044158573Z""}"
2025-06-06T09:22:27.017625187Z,1674984147017625187,33.33.33.167,ts-travel2-service-5c66d57d58-6mp2b,server,1d2f220cc75347b6768f7e5cb44f869a,a1b0ab817a49ec44,"{""log"":""17:22:27.017 INFO  t.s.TravelServiceImpl#459 TraceID: 1d2f220cc75347b6768f7e5cb44f869a SpanID: a1b0ab817a49ec44 [getRestTicketNumber][Seat request][request: Seat(travelDate=2023-01-29 15:38:06, trainNumber=Z1234, startStation=shanghai, destStation=nanjing, seatType=2, totalNum=2147483647, stations=[shanghai, nanjing, shijiazhuang, taiyuan])]\n"",""stream"":""stdout"",""time"":""2025-06-06T09:22:27.017625187Z""}"
2025-06-06T09:22:26.703259156Z,1674984146703259156,33.33.33.167,ts-travel2-service-5c66d57d58-6mp2b,server,1d2f220cc75347b6768f7e5cb44f869a,a1b0ab817a49ec44,"{""log"":""17:22:26.702 INFO  t.s.TravelServiceImpl#260 TraceID: 1d2f220cc75347b6768f7e5cb44f869a SpanID: a1b0ab817a49ec44 [getTicketsByBatch][before get basic][trips: [Trip(id=8a533bf9-bd12-4608-a8eb-606890982448, tripId=Z1234, trainTypeName=ZhiDa, routeId=0b23bd3e-876a-4af3-b920-c50a90c90b04, startStationName=shanghai, stationsName=nanjing, terminalStationName=beijing, startTime=2013-05-04 09:51:52, endTime=2013-05-04 15:51:52), Trip(id=5c63588e-ad31-4ded-98ac-f4a1a78a36b2, tripId=Z1235, trainTypeName=ZhiDa, routeId=9fc9c261-3263-4bfa-82f8-bb44e06b2f52, startStationName=shanghai, stationsName=nanjing, terminalStationName=beijing, startTime=2013-05-04 11:31:52, endTime=2013-05-04 17:51:52), Trip(id=e1367946-9ecd-4ee6-acbf-8b705e8df59d, tripId=Z1236, trainTypeName=ZhiDa, routeId=d693a2c5-ef87-4a3c-bef8-600b43f62c68, startStationName=shanghai, stationsName=nanjing, terminalStationName=beijing, startTime=2013-05-04 7:05:52, endTime=2013-05-04 12:51:52), Trip(id=502d2768-8480-47fc-91fd-f647267dfac6, tripId=T1235, trainTypeName=TeKuai, routeId=20eb7122-3a11-423f-b10a-be0dc5bce7db, startStationName=shanghai, stationsName=nanjing, terminalStationName=beijing, startTime=2013-05-04 08:31:52, endTime=2013-05-04 17:21:52), Trip(id=a3c9545b-1889-4ea1-9015-b9af1896bc01, tripId=K1345, trainTypeName=KuaiSu, routeId=1367db1f-461e-4ab7-87ad-2bcc05fd9cb7, startStationName=shanghai, stationsName=nanjing, terminalStationName=beijing, startTime=2013-05-04 07:51:52, endTime=2013-05-04 19:59:52)]]\n"",""stream"":""stdout"",""time"":""2025-06-06T09:22:26.703259156Z""}"
2025-06-06T09:22:26.69857058Z,1674984146698570580,33.33.33.167,ts-travel2-service-5c66d57d58-6mp2b,server,1d2f220cc75347b6768f7e5cb44f869a,a1b0ab817a49ec44,"{""log"":""17:22:26.697 INFO  t.c.Travel2Controller#115 TraceID: 1d2f220cc75347b6768f7e5cb44f869a SpanID: a1b0ab817a49ec44 [query][Query TripResponse]\n"",""stream"":""stdout"",""time"":""2025-06-06T09:22:26.69857058Z""}"
2025-06-06T09:22:26.9414514Z,1674984146941451400,33.33.33.79,ts-train-service-86f5f97bc9-dkqmf,server,1d2f220cc75347b6768f7e5cb44f869a,10b487df311cd1bd,"{""log"":""17:22:26.940 INFO  t.c.TrainController#72 TraceID: 1d2f220cc75347b6768f7e5cb44f869a SpanID: 10b487df311cd1bd [retrieveByNames][Retrieve train][TrainTypeNames: [TeKuai, ZhiDa, KuaiSu]]\n"",""stream"":""stdout"",""time"":""2025-06-06T09:22:26.9414514Z""}"
2025-06-06T09:22:26.718092317Z,1674984146718092317,33.33.33.76,ts-station-service-7f4f5f6f77-5qb6j,server,1d2f220cc75347b6768f7e5cb44f869a,3e46f8dcd00bc64f,"{""log"":""17:22:26.717 INFO  f.m.c.StationController#71 TraceID: 1d2f220cc75347b6768f7e5cb44f869a SpanID: 3e46f8dcd00bc64f [queryForIdBatch][Query stations for id batch][StationNameNumbers: 2]\n"",""stream"":""stdout"",""time"":""2025-06-06T09:22:26.718092317Z""}"
2025-06-06T09:22:27.066627847Z,1674984147066627847,33.33.33.82,ts-seat-service-5c95b49cff-tdsdz,server,1d2f220cc75347b6768f7e5cb44f869a,9430fa77b456ce94,"{""log"":""17:22:27.065 INFO  s.s.SeatServiceImpl#217 TraceID: 1d2f220cc75347b6768f7e5cb44f869a SpanID: 9430fa77b456ce94 [getDirectProportion][Configs is : Config(name=DirectTicketAllocationProportion, value=0.5, description=Allocation Proportion Of The Direct Ticket - From Start To End)]\n"",""stream"":""stdout"",""time"":""2025-06-06T09:22:27.066627847Z""}"
2025-06-06T09:22:27.059105775Z,1674984147059105775,33.33.33.82,ts-seat-service-5c95b49cff-tdsdz,server,1d2f220cc75347b6768f7e5cb44f869a,9430fa77b456ce94,"{""log"":""17:22:27.058 INFO  s.s.SeatServiceImpl#166 TraceID: 1d2f220cc75347b6768f7e5cb44f869a SpanID: 9430fa77b456ce94 [getLeftTicketOfInterval][Get Order tickets result][result is \u003c200,Response(status=0, msg=Seat is Null., data=null),[vary:\""Origin,Access-Control-Request-Method,Access-Control-Request-Headers\"", x-content-type-options:\""nosniff\"", x-xss-protection:\""1; mode=block\"", cache-control:\""no-cache, no-store, max-age=0, must-revalidate\"", pragma:\""no-cache\"", expires:\""0\"", x-frame-options:\""DENY\"", content-type:\""application/json\"", date:\""Sun, 29 Jan 2023 09:22:27 GMT\"", x-envoy-upstream-service-time:\""7\"", server:\""envoy\"", transfer-encoding:\""chunked\""]\u003e]\n"",""stream"":""stdout"",""time"":""2025-06-06T09:22:27.059105775Z""}"
2025-06-06T09:22:27.049363369Z,1674984147049363369,33.33.33.82,ts-seat-service-5c95b49cff-tdsdz,server,1d2f220cc75347b6768f7e5cb44f869a,9430fa77b456ce94,"{""log"":""17:22:27.048 INFO  s.s.SeatServiceImpl#154 TraceID: 1d2f220cc75347b6768f7e5cb44f869a SpanID: 9430fa77b456ce94 [getLeftTicketOfInterval][TrainNumber start with other capital][trainNumber:Z1234]\n"",""stream"":""stdout"",""time"":""2025-06-06T09:22:27.049363369Z""}"
2025-06-06T09:22:27.048926481Z,1674984147048926481,33.33.33.82,ts-seat-service-5c95b49cff-tdsdz,server,1d2f220cc75347b6768f7e5cb44f869a,9430fa77b456ce94,"{""log"":""17:22:27.048 INFO  s.s.SeatServiceImpl#137 TraceID: 1d2f220cc75347b6768f7e5cb44f869a SpanID: 9430fa77b456ce94 [getLeftTicketOfInterval][Seat request][request:Seat(travelDate=2023-01-29 15:38:06, trainNumber=Z1234, startStation=shanghai, destStation=nanjing, seatType=3, totalNum=2147483647, stations=[shanghai, nanjing, shijiazhuang, taiyuan])]\n"",""stream"":""stdout"",""time"":""2025-06-06T09:22:27.048926481Z""}"
2025-06-06T09:22:27.048476994Z,1674984147048476994,33.33.33.82,ts-seat-service-5c95b49cff-tdsdz,server,1d2f220cc75347b6768f7e5cb44f869a,9430fa77b456ce94,"{""log"":""17:22:27.047 INFO  s.c.SeatController#57 TraceID: 1d2f220cc75347b6768f7e5cb44f869a SpanID: 9430fa77b456ce94 [getLeftTicketOfInterval][Get left ticket of interval][TravelDate: 2023-01-29 15:38:06,TrainNumber: Z1234,SeatType: 3]\n"",""stream"":""stdout"",""time"":""2025-06-06T09:22:27.048476994Z""}"
2025-06-06T09:22:27.041522162Z,1674984147041522162,33.33.33.82,ts-seat-service-5c95b49cff-tdsdz,server,1d2f220cc75347b6768f7e5cb44f869a,03ef5da950675cf4,"{""log"":""17:22:27.040 INFO  s.s.SeatServiceImpl#217 TraceID: 1d2f220cc75347b6768f7e5cb44f869a SpanID: 03ef5da950675cf4 [getDirectProportion][Configs is : Config(name=DirectTicketAllocationProportion, value=0.5, description=Allocation Proportion Of The Direct Ticket - From Start To End)]\n"",""stream"":""stdout"",""time"":""2025-06-06T09:22:27.041522162Z""}"
2025-06-06T09:22:27.033887733Z,1674984147033887733,33.33.33.82,ts-seat-service-5c95b49cff-tdsdz,server,1d2f220cc75347b6768f7e5cb44f869a,03ef5da950675cf4,"{""log"":""17:22:27.033 INFO  s.s.SeatServiceImpl#166 TraceID: 1d2f220cc75347b6768f7e5cb44f869a SpanID: 03ef5da950675cf4 [getLeftTicketOfInterval][Get Order tickets result][result is \u003c200,Response(status=0, msg=Seat is Null., data=null),[vary:\""Origin,Access-Control-Request-Method,Access-Control-Request-Headers\"", x-content-type-options:\""nosniff\"", x-xss-protection:\""1; mode=block\"", cache-control:\""no-cache, no-store, max-age=0, must-revalidate\"", pragma:\""no-cache\"", expires:\""0\"", x-frame-options:\""DENY\"", content-type:\""application/json\"", date:\""Sun, 29 Jan 2023 09:22:27 GMT\"", x-envoy-upstream-service-time:\""6\"", server:\""envoy\"", transfer-encoding:\""chunked\""]\u003e]\n"",""stream"":""stdout"",""time"":""2025-06-06T09:22:27.033887733Z""}"
2025-06-06T09:22:27.023588685Z,1674984147023588685,33.33.33.82,ts-seat-service-5c95b49cff-tdsdz,server,1d2f220cc75347b6768f7e5cb44f869a,03ef5da950675cf4,"{""log"":""17:22:27.023 INFO  s.s.SeatServiceImpl#154 TraceID: 1d2f220cc75347b6768f7e5cb44f869a SpanID: 03ef5da950675cf4 [getLeftTicketOfInterval][TrainNumber start with other capital][trainNumber:Z1234]\n"",""stream"":""stdout"",""time"":""2025-06-06T09:22:27.023588685Z""}"
2025-06-06T09:22:27.023287226Z,1674984147023287226,33.33.33.82,ts-seat-service-5c95b49cff-tdsdz,server,1d2f220cc75347b6768f7e5cb44f869a,03ef5da950675cf4,"{""log"":""17:22:27.022 INFO  s.s.SeatServiceImpl#137 TraceID: 1d2f220cc75347b6768f7e5cb44f869a SpanID: 03ef5da950675cf4 [getLeftTicketOfInterval][Seat request][request:Seat(travelDate=2023-01-29 15:38:06, trainNumber=Z1234, startStation=shanghai, destStation=nanjing, seatType=2, totalNum=2147483647, stations=[shanghai, nanjing, shijiazhuang, taiyuan])]\n"",""stream"":""stdout"",""time"":""2025-06-06T09:22:27.023287226Z""}"
2025-06-06T09:22:27.022827301Z,1674984147022827301,33.33.33.82,ts-seat-service-5c95b49cff-tdsdz,server,1d2f220cc75347b6768f7e5cb44f869a,03ef5da950675cf4,"{""log"":""17:22:27.021 INFO  s.c.SeatController#57 TraceID: 1d2f220cc75347b6768f7e5cb44f869a SpanID: 03ef5da950675cf4 [getLeftTicketOfInterval][Get left ticket of interval][TravelDate: 2023-01-29 15:38:06,TrainNumber: Z1234,SeatType: 2]\n"",""stream"":""stdout"",""time"":""2025-06-06T09:22:27.022827301Z""}"
2025-06-06T09:22:26.963724436Z,1674984146963724436,33.33.33.80,ts-route-service-b6c59fb57-zv8dt,server,1d2f220cc75347b6768f7e5cb44f869a,67aab125e9eab565,"{""log"":""17:22:26.962 INFO  r.c.RouteController#53 TraceID: 1d2f220cc75347b6768f7e5cb44f869a SpanID: 67aab125e9eab565 [getRouteById][Query route by id][RouteId: [d693a2c5-ef87-4a3c-bef8-600b43f62c68, 1367db1f-461e-4ab7-87ad-2bcc05fd9cb7, 9fc9c261-3263-4bfa-82f8-bb44e06b2f52, 20eb7122-3a11-423f-b10a-be0dc5bce7db, 0b23bd3e-876a-4af3-b920-c50a90c90b04]]\n"",""stream"":""stdout"",""time"":""2025-06-06T09:22:26.963724436Z""}"
2025-06-06T09:22:27.005327867Z,1674984147005327867,33.33.33.79,ts-price-service-76846864d9-g465z,server,1d2f220cc75347b6768f7e5cb44f869a,a22d95d3e45e3913,"{""log"":""17:22:27.004 INFO  p.c.PriceController#46 TraceID: 1d2f220cc75347b6768f7e5cb44f869a SpanID: a22d95d3e45e3913 [findByRouteIdAndTrainType][Query price][routeId and Train Type: [0b23bd3e-876a-4af3-b920-c50a90c90b04:ZhiDa]]\n"",""stream"":""stdout"",""time"":""2025-06-06T09:22:27.005327867Z""}"
2025-06-06T09:22:27.053828534Z,1674984147053828534,33.33.33.155,ts-order-other-service-6cdbf9b4cc-h7mqk,server,1d2f220cc75347b6768f7e5cb44f869a,f9cbf616472a8e64,"{""log"":""17:22:27.053 WARN  o.s.OrderOtherServiceImpl#72 TraceID: 1d2f220cc75347b6768f7e5cb44f869a SpanID: f9cbf616472a8e64 [getSoldTickets][Seat][No content][seat from date: 2023-01-29 15:38:06, train number: Z1234\n"",""stream"":""stdout"",""time"":""2025-06-06T09:22:27.053828534Z""}"
2025-06-06T09:22:27.052734551Z,1674984147052734551,33.33.33.155,ts-order-other-service-6cdbf9b4cc-h7mqk,server,1d2f220cc75347b6768f7e5cb44f869a,f9cbf616472a8e64,"{""log"":""17:22:27.052 INFO  o.c.OrderOtherController#42 TraceID: 1d2f220cc75347b6768f7e5cb44f869a SpanID: f9cbf616472a8e64 [getSoldTickets][Get Sold Ticket][Travel Date: 2023-01-29 15:38:06]\n"",""stream"":""stdout"",""time"":""2025-06-06T09:22:27.052734551Z""}"
2025-06-06T09:22:27.031321242Z,1674984147031321242,33.33.33.155,ts-order-other-service-6cdbf9b4cc-h7mqk,server,1d2f220cc75347b6768f7e5cb44f869a,37b91f4b20557116,"{""log"":""17:22:27.030 WARN  o.s.OrderOtherServiceImpl#72 TraceID: 1d2f220cc75347b6768f7e5cb44f869a SpanID: 37b91f4b20557116 [getSoldTickets][Seat][No content][seat from date: 2023-01-29 15:38:06, train number: Z1234\n"",""stream"":""stdout"",""time"":""2025-06-06T09:22:27.031321242Z""}"
2025-06-06T09:22:27.029193302Z,1674984147029193302,33.33.33.155,ts-order-other-service-6cdbf9b4cc-h7mqk,server,1d2f220cc75347b6768f7e5cb44f869a,37b91f4b20557116,"{""log"":""17:22:27.028 INFO  o.c.OrderOtherController#42 TraceID: 1d2f220cc75347b6768f7e5cb44f869a SpanID: 37b91f4b20557116 [getSoldTickets][Get Sold Ticket][Travel Date: 2023-01-29 15:38:06]\n"",""stream"":""stdout"",""time"":""2025-06-06T09:22:27.029193302Z""}"
2025-06-06T09:22:27.061815832Z,1674984147061815832,33.33.33.115,ts-config-service-5fcd447d84-wxwjd,server,1d2f220cc75347b6768f7e5cb44f869a,e0dd9bc7cbccdf08,"{""log"":""17:22:27.061 INFO  c.s.ConfigServiceImpl#65 TraceID: 1d2f220cc75347b6768f7e5cb44f869a SpanID: e0dd9bc7cbccdf08 [query][Query config success][config name: DirectTicketAllocationProportion]\n"",""stream"":""stdout"",""time"":""2025-06-06T09:22:27.061815832Z""}"
2025-06-06T09:22:27.06103148Z,1674984147061031480,33.33.33.115,ts-config-service-5fcd447d84-wxwjd,server,1d2f220cc75347b6768f7e5cb44f869a,e0dd9bc7cbccdf08,"{""log"":""17:22:27.060 INFO  c.c.ConfigController#67 TraceID: 1d2f220cc75347b6768f7e5cb44f869a SpanID: e0dd9bc7cbccdf08 [retrieve][Retrieve config][configName: DirectTicketAllocationProportion]\n"",""stream"":""stdout"",""time"":""2025-06-06T09:22:27.06103148Z""}"
2025-06-06T09:22:27.039027155Z,1674984147039027155,33.33.33.115,ts-config-service-5fcd447d84-wxwjd,server,1d2f220cc75347b6768f7e5cb44f869a,29bec548c7c0481a,"{""log"":""17:22:27.038 INFO  c.s.ConfigServiceImpl#65 TraceID: 1d2f220cc75347b6768f7e5cb44f869a SpanID: 29bec548c7c0481a [query][Query config success][config name: DirectTicketAllocationProportion]\n"",""stream"":""stdout"",""time"":""2025-06-06T09:22:27.039027155Z""}"
2025-06-06T09:22:27.037769551Z,1674984147037769551,33.33.33.115,ts-config-service-5fcd447d84-wxwjd,server,1d2f220cc75347b6768f7e5cb44f869a,29bec548c7c0481a,"{""log"":""17:22:27.037 INFO  c.c.ConfigController#67 TraceID: 1d2f220cc75347b6768f7e5cb44f869a SpanID: 29bec548c7c0481a [retrieve][Retrieve config][configName: DirectTicketAllocationProportion]\n"",""stream"":""stdout"",""time"":""2025-06-06T09:22:27.037769551Z""}"
2025-06-06T09:22:27.014779231Z,1674984147014779231,33.33.33.76,ts-basic-service-5dc8d4f9fd-46997,server,1d2f220cc75347b6768f7e5cb44f869a,61f99ac2764c5aaa,"{""log"":""17:22:27.014 INFO  f.m.s.BasicServiceImpl#320 TraceID: 1d2f220cc75347b6768f7e5cb44f869a SpanID: 61f99ac2764c5aaa [queryForTravels][all done][result map: {Z1234=TravelResult(status=true, percent=1.0, trainType=TrainType(id=e24bb484-516a-4aad-b37f-517e7139e913, name=ZhiDa, economyClass=2147483647, confortClass=2147483647, averageSpeed=120), route=Route(id=0b23bd3e-876a-4af3-b920-c50a90c90b04, stations=[shanghai, nanjing, shijiazhuang, taiyuan], distances=[0, 350, 1000, 1300], startStation=shanghai, endStation=taiyuan), prices={confortClass=350.0, economyClass=122.49999999999999})}]\n"",""stream"":""stdout"",""time"":""2025-06-06T09:22:27.014779231Z""}"
2025-06-06T09:22:27.014632009Z,1674984147014632009,33.33.33.76,ts-basic-service-5dc8d4f9fd-46997,server,1d2f220cc75347b6768f7e5cb44f869a,61f99ac2764c5aaa,"{""log"":""17:22:27.014 INFO  f.m.s.BasicServiceImpl#481 TraceID: 1d2f220cc75347b6768f7e5cb44f869a SpanID: 61f99ac2764c5aaa [queryPriceConfigByRouteIdsAndTrainTypes][Get Price Config by routeId and trainType][Success][priceConfigs: {0b23bd3e-876a-4af3-b920-c50a90c90b04:ZhiDa={id=b90a6ad7-ffad-4624-9655-48e9e185fa6c, trainType=ZhiDa, routeId=0b23bd3e-876a-4af3-b920-c50a90c90b04, basicPriceRate=0.35, firstClassPriceRate=1.0}}]\n"",""stream"":""stdout"",""time"":""2025-06-06T09:22:27.014632009Z""}"
2025-06-06T09:22:26.984261298Z,1674984146984261298,33.33.33.76,ts-basic-service-5dc8d4f9fd-46997,server,1d2f220cc75347b6768f7e5cb44f869a,61f99ac2764c5aaa,"{""log"":""17:22:26.983 INFO  f.m.s.BasicServiceImpl#459 TraceID: 1d2f220cc75347b6768f7e5cb44f869a SpanID: 61f99ac2764c5aaa [queryPriceConfigByRouteIdsAndTrainTypes][Query For Price Config][RouteId and TrainType: [0b23bd3e-876a-4af3-b920-c50a90c90b04:ZhiDa]]\n"",""stream"":""stdout"",""time"":""2025-06-06T09:22:26.984261298Z""}"
2025-06-06T09:22:26.983662126Z,1674984146983662126,33.33.33.76,ts-basic-service-5dc8d4f9fd-46997,server,1d2f220cc75347b6768f7e5cb44f869a,61f99ac2764c5aaa,"{""log"":""17:22:26.983 ERROR  f.m.s.BasicServiceImpl#415 TraceID: 1d2f220cc75347b6768f7e5cb44f869a SpanID: 61f99ac2764c5aaa [getRoutesByRouteIds][Get Route By Ids Failed]\n"",""stream"":""stdout"",""time"":""2025-06-06T09:22:26.983662126Z""}"
2025-06-06T09:22:26.95437297Z,1674984146954372970,33.33.33.76,ts-basic-service-5dc8d4f9fd-46997,server,1d2f220cc75347b6768f7e5cb44f869a,61f99ac2764c5aaa,"{""log"":""17:22:26.953 INFO  f.m.s.BasicServiceImpl#405 TraceID: 1d2f220cc75347b6768f7e5cb44f869a SpanID: 61f99ac2764c5aaa [getRoutesByRouteIds][Get Route By Ids][Route IDs: [d693a2c5-ef87-4a3c-bef8-600b43f62c68, 1367db1f-461e-4ab7-87ad-2bcc05fd9cb7, 9fc9c261-3263-4bfa-82f8-bb44e06b2f52, 20eb7122-3a11-423f-b10a-be0dc5bce7db, 0b23bd3e-876a-4af3-b920-c50a90c90b04]]\n"",""stream"":""stdout"",""time"":""2025-06-06T09:22:26.95437297Z""}"
2025-06-06T09:22:26.935885095Z,1674984146935885095,33.33.33.76,ts-basic-service-5dc8d4f9fd-46997,server,1d2f220cc75347b6768f7e5cb44f869a,61f99ac2764c5aaa,"{""log"":""17:22:26.935 INFO  f.m.s.BasicServiceImpl#374 TraceID: 1d2f220cc75347b6768f7e5cb44f869a SpanID: 61f99ac2764c5aaa [queryTrainTypeByNames][Query Train Type][Train Type names: [TeKuai, ZhiDa, KuaiSu]]\n"",""stream"":""stdout"",""time"":""2025-06-06T09:22:26.935885095Z""}"
2025-06-06T09:22:26.714095615Z,1674984146714095615,33.33.33.76,ts-basic-service-5dc8d4f9fd-46997,server,1d2f220cc75347b6768f7e5cb44f869a,61f99ac2764c5aaa,"{""log"":""17:22:26.713 INFO  f.m.s.BasicServiceImpl#343 TraceID: 1d2f220cc75347b6768f7e5cb44f869a SpanID: 61f99ac2764c5aaa [checkStationsExists][Check Stations Exists][stationNames: [nanjing, shanghai]]\n"",""stream"":""stdout"",""time"":""2025-06-06T09:22:26.714095615Z""}"
2025-06-06T09:22:26.714058651Z,1674984146714058651,33.33.33.76,ts-basic-service-5dc8d4f9fd-46997,server,1d2f220cc75347b6768f7e5cb44f869a,61f99ac2764c5aaa,"{""log"":""17:22:26.712 INFO  f.m.c.BasicController#45 TraceID: 1d2f220cc75347b6768f7e5cb44f869a SpanID: 61f99ac2764c5aaa [queryForTravels][Query for travels][Travels: [Travel(trip=Trip(id=8a533bf9-bd12-4608-a8eb-606890982448, tripId=Z1234, trainTypeName=ZhiDa, routeId=0b23bd3e-876a-4af3-b920-c50a90c90b04, startStationName=shanghai, stationsName=nanjing, terminalStationName=beijing, startTime=2013-05-04 09:51:52, endTime=2013-05-04 15:51:52), startPlace=shanghai, endPlace=nanjing, departureTime=2023-01-29 15:38:06), Travel(trip=Trip(id=5c63588e-ad31-4ded-98ac-f4a1a78a36b2, tripId=Z1235, trainTypeName=ZhiDa, routeId=9fc9c261-3263-4bfa-82f8-bb44e06b2f52, startStationName=shanghai, stationsName=nanjing, terminalStationName=beijing, startTime=2013-05-04 11:31:52, endTime=2013-05-04 17:51:52), startPlace=shanghai, endPlace=nanjing, departureTime=2023-01-29 15:38:06), Travel(trip=Trip(id=e1367946-9ecd-4ee6-acbf-8b705e8df59d, tripId=Z1236, trainTypeName=ZhiDa, routeId=d693a2c5-ef87-4a3c-bef8-600b43f62c68, startStationName=shanghai, stationsName=nanjing, terminalStationName=beijing, startTime=2013-05-04 7:05:52, endTime=2013-05-04 12:51:52), startPlace=shanghai, endPlace=nanjing, departureTime=2023-01-29 15:38:06), Travel(trip=Trip(id=502d2768-8480-47fc-91fd-f647267dfac6, tripId=T1235, trainTypeName=TeKuai, routeId=20eb7122-3a11-423f-b10a-be0dc5bce7db, startStationName=shanghai, stationsName=nanjing, terminalStationName=beijing, startTime=2013-05-04 08:31:52, endTime=2013-05-04 17:21:52), startPlace=shanghai, endPlace=nanjing, departureTime=2023-01-29 15:38:06), Travel(trip=Trip(id=a3c9545b-1889-4ea1-9015-b9af1896bc01, tripId=K1345, trainTypeName=KuaiSu, routeId=1367db1f-461e-4ab7-87ad-2bcc05fd9cb7, startStationName=shanghai, stationsName=nanjing, terminalStationName=beijing, startTime=2013-05-04 07:51:52, endTime=2013-05-04 19:59:52), startPlace=shanghai, endPlace=nanjing, departureTime=2023-01-29 15:38:06)]]\n"",""stream"":""stdout"",""time"":""2025-06-06T09:22:26.714058651Z""}"
2025-06-06T09:22:47.771228595Z,1674984167771228595,33.33.33.167,ts-travel2-service-5c66d57d58-6mp2b,server,bb9b8afb5f1ee55e07e3424a684e1ff4,92ffc528969e2fe1,"{""log"":""17:22:47.770 INFO  t.s.TravelServiceImpl#372 TraceID: bb9b8afb5f1ee55e07e3424a684e1ff4 SpanID: 92ffc528969e2fe1 [getTickets][Calculate distance][calculate time：650  time: Sat May 04 17:55:52 CST 2013]\n"",""stream"":""stdout"",""time"":""2025-06-06T09:22:47.771228595Z""}"
2025-06-06T09:22:47.771038794Z,1674984167771038794,33.33.33.167,ts-travel2-service-5c66d57d58-6mp2b,server,bb9b8afb5f1ee55e07e3424a684e1ff4,92ffc528969e2fe1,"{""log"":""17:22:47.770 INFO  t.s.TravelServiceImpl#366 TraceID: bb9b8afb5f1ee55e07e3424a684e1ff4 SpanID: 92ffc528969e2fe1 [getTickets][Calculate distance][calculate time：475  time: Sat May 04 15:00:52 CST 2013]\n"",""stream"":""stdout"",""time"":""2025-06-06T09:22:47.771038794Z""}"
2025-06-06T09:22:47.770743149Z,1674984167770743149,33.33.33.167,ts-travel2-service-5c66d57d58-6mp2b,server,bb9b8afb5f1ee55e07e3424a684e1ff4,92ffc528969e2fe1,"{""log"":""17:22:47.770 INFO  t.s.TravelServiceImpl#469 TraceID: bb9b8afb5f1ee55e07e3424a684e1ff4 SpanID: 92ffc528969e2fe1 [getRestTicketNumber][Get Rest tickets num][num is: Response(status=1, msg=Get Left Ticket of Internal Success, data=1073741823)]\n"",""stream"":""stdout"",""time"":""2025-06-06T09:22:47.770743149Z""}"
2025-06-06T09:22:47.514034679Z,1674984167514034679,33.33.33.167,ts-travel2-service-5c66d57d58-6mp2b,server,bb9b8afb5f1ee55e07e3424a684e1ff4,92ffc528969e2fe1,"{""log"":""17:22:47.513 INFO  t.s.TravelServiceImpl#459 TraceID: bb9b8afb5f1ee55e07e3424a684e1ff4 SpanID: 92ffc528969e2fe1 [getRestTicketNumber][Seat request][request: Seat(travelDate=2023-01-29 15:38:06, trainNumber=Z1236, startStation=nanjing, destStation=shanghai, seatType=3, totalNum=2147483647, stations=[taiyuan, shijiazhuang, nanjing, shanghai])]\n"",""stream"":""stdout"",""time"":""2025-06-06T09:22:47.514034679Z""}"
2025-06-06T09:22:47.513943679Z,1674984167513943679,33.33.33.167,ts-travel2-service-5c66d57d58-6mp2b,server,bb9b8afb5f1ee55e07e3424a684e1ff4,92ffc528969e2fe1,"{""log"":""17:22:47.513 INFO  t.s.TravelServiceImpl#469 TraceID: bb9b8afb5f1ee55e07e3424a684e1ff4 SpanID: 92ffc528969e2fe1 [getRestTicketNumber][Get Rest tickets num][num is: Response(status=1, msg=Get Left Ticket of Internal Success, data=1073741823)]\n"",""stream"":""stdout"",""time"":""2025-06-06T09:22:47.513943679Z""}"
2025-06-06T09:22:47.492238427Z,1674984167492238427,33.33.33.167,ts-travel2-service-5c66d57d58-6mp2b,server,bb9b8afb5f1ee55e07e3424a684e1ff4,92ffc528969e2fe1,"{""log"":""17:22:47.491 INFO  t.s.TravelServiceImpl#459 TraceID: bb9b8afb5f1ee55e07e3424a684e1ff4 SpanID: 92ffc528969e2fe1 [getRestTicketNumber][Seat request][request: Seat(travelDate=2023-01-29 15:38:06, trainNumber=Z1236, startStation=nanjing, destStation=shanghai, seatType=2, totalNum=2147483647, stations=[taiyuan, shijiazhuang, nanjing, shanghai])]\n"",""stream"":""stdout"",""time"":""2025-06-06T09:22:47.492238427Z""}"
2025-06-06T09:22:47.205439103Z,1674984167205439103,33.33.33.167,ts-travel2-service-5c66d57d58-6mp2b,server,bb9b8afb5f1ee55e07e3424a684e1ff4,92ffc528969e2fe1,"{""log"":""17:22:47.205 INFO  t.s.TravelServiceImpl#260 TraceID: bb9b8afb5f1ee55e07e3424a684e1ff4 SpanID: 92ffc528969e2fe1 [getTicketsByBatch][before get basic][trips: [Trip(id=8a533bf9-bd12-4608-a8eb-606890982448, tripId=Z1234, trainTypeName=ZhiDa, routeId=0b23bd3e-876a-4af3-b920-c50a90c90b04, startStationName=shanghai, stationsName=nanjing, terminalStationName=beijing, startTime=2013-05-04 09:51:52, endTime=2013-05-04 15:51:52), Trip(id=5c63588e-ad31-4ded-98ac-f4a1a78a36b2, tripId=Z1235, trainTypeName=ZhiDa, routeId=9fc9c261-3263-4bfa-82f8-bb44e06b2f52, startStationName=shanghai, stationsName=nanjing, terminalStationName=beijing, startTime=2013-05-04 11:31:52, endTime=2013-05-04 17:51:52), Trip(id=e1367946-9ecd-4ee6-acbf-8b705e8df59d, tripId=Z1236, trainTypeName=ZhiDa, routeId=d693a2c5-ef87-4a3c-bef8-600b43f62c68, startStationName=shanghai, stationsName=nanjing, terminalStationName=beijing, startTime=2013-05-04 7:05:52, endTime=2013-05-04 12:51:52), Trip(id=502d2768-8480-47fc-91fd-f647267dfac6, tripId=T1235, trainTypeName=TeKuai, routeId=20eb7122-3a11-423f-b10a-be0dc5bce7db, startStationName=shanghai, stationsName=nanjing, terminalStationName=beijing, startTime=2013-05-04 08:31:52, endTime=2013-05-04 17:21:52), Trip(id=a3c9545b-1889-4ea1-9015-b9af1896bc01, tripId=K1345, trainTypeName=KuaiSu, routeId=1367db1f-461e-4ab7-87ad-2bcc05fd9cb7, startStationName=shanghai, stationsName=nanjing, terminalStationName=beijing, startTime=2013-05-04 07:51:52, endTime=2013-05-04 19:59:52)]]\n"",""stream"":""stdout"",""time"":""2025-06-06T09:22:47.205439103Z""}"
2025-06-06T09:22:47.201354525Z,1674984167201354525,33.33.33.167,ts-travel2-service-5c66d57d58-6mp2b,server,bb9b8afb5f1ee55e07e3424a684e1ff4,92ffc528969e2fe1,"{""log"":""17:22:47.200 INFO  t.c.Travel2Controller#115 TraceID: bb9b8afb5f1ee55e07e3424a684e1ff4 SpanID: 92ffc528969e2fe1 [query][Query TripResponse]\n"",""stream"":""stdout"",""time"":""2025-06-06T09:22:47.201354525Z""}"
2025-06-06T09:22:47.45703765Z,1674984167457037650,33.33.33.79,ts-train-service-86f5f97bc9-dkqmf,server,bb9b8afb5f1ee55e07e3424a684e1ff4,0f7abd094d9a2ea2,"{""log"":""17:22:47.456 INFO  t.c.TrainController#72 TraceID: bb9b8afb5f1ee55e07e3424a684e1ff4 SpanID: 0f7abd094d9a2ea2 [retrieveByNames][Retrieve train][TrainTypeNames: [TeKuai, ZhiDa, KuaiSu]]\n"",""stream"":""stdout"",""time"":""2025-06-06T09:22:47.45703765Z""}"
2025-06-06T09:22:47.210807527Z,1674984167210807527,33.33.33.76,ts-station-service-7f4f5f6f77-5qb6j,server,bb9b8afb5f1ee55e07e3424a684e1ff4,3f617799ba1e146e,"{""log"":""17:22:47.210 INFO  f.m.c.StationController#71 TraceID: bb9b8afb5f1ee55e07e3424a684e1ff4 SpanID: 3f617799ba1e146e [queryForIdBatch][Query stations for id batch][StationNameNumbers: 2]\n"",""stream"":""stdout"",""time"":""2025-06-06T09:22:47.210807527Z""}"
2025-06-06T09:22:47.768768324Z,1674984167768768324,33.33.33.82,ts-seat-service-5c95b49cff-tdsdz,server,bb9b8afb5f1ee55e07e3424a684e1ff4,771e1958f2d7506a,"{""log"":""17:22:47.768 INFO  s.s.SeatServiceImpl#217 TraceID: bb9b8afb5f1ee55e07e3424a684e1ff4 SpanID: 771e1958f2d7506a [getDirectProportion][Configs is : Config(name=DirectTicketAllocationProportion, value=0.5, description=Allocation Proportion Of The Direct Ticket - From Start To End)]\n"",""stream"":""stdout"",""time"":""2025-06-06T09:22:47.768768324Z""}"
2025-06-06T09:22:47.762407279Z,1674984167762407279,33.33.33.82,ts-seat-service-5c95b49cff-tdsdz,server,bb9b8afb5f1ee55e07e3424a684e1ff4,771e1958f2d7506a,"{""log"":""17:22:47.761 INFO  s.s.SeatServiceImpl#166 TraceID: bb9b8afb5f1ee55e07e3424a684e1ff4 SpanID: 771e1958f2d7506a [getLeftTicketOfInterval][Get Order tickets result][result is \u003c200,Response(status=0, msg=Seat is Null., data=null),[vary:\""Origin,Access-Control-Request-Method,Access-Control-Request-Headers\"", x-content-type-options:\""nosniff\"", x-xss-protection:\""1; mode=block\"", cache-control:\""no-cache, no-store, max-age=0, must-revalidate\"", pragma:\""no-cache\"", expires:\""0\"", x-frame-options:\""DENY\"", content-type:\""application/json\"", date:\""Sun, 29 Jan 2023 09:22:47 GMT\"", x-envoy-upstream-service-time:\""4\"", server:\""envoy\"", transfer-encoding:\""chunked\""]\u003e]\n"",""stream"":""stdout"",""time"":""2025-06-06T09:22:47.762407279Z""}"
2025-06-06T09:22:47.755800757Z,1674984167755800757,33.33.33.82,ts-seat-service-5c95b49cff-tdsdz,server,bb9b8afb5f1ee55e07e3424a684e1ff4,771e1958f2d7506a,"{""log"":""17:22:47.755 INFO  s.s.SeatServiceImpl#154 TraceID: bb9b8afb5f1ee55e07e3424a684e1ff4 SpanID: 771e1958f2d7506a [getLeftTicketOfInterval][TrainNumber start with other capital][trainNumber:Z1236]\n"",""stream"":""stdout"",""time"":""2025-06-06T09:22:47.755800757Z""}"
2025-06-06T09:22:47.755482389Z,1674984167755482389,33.33.33.82,ts-seat-service-5c95b49cff-tdsdz,server,bb9b8afb5f1ee55e07e3424a684e1ff4,771e1958f2d7506a,"{""log"":""17:22:47.754 INFO  s.s.SeatServiceImpl#137 TraceID: bb9b8afb5f1ee55e07e3424a684e1ff4 SpanID: 771e1958f2d7506a [getLeftTicketOfInterval][Seat request][request:Seat(travelDate=2023-01-29 15:38:06, trainNumber=Z1236, startStation=nanjing, destStation=shanghai, seatType=3, totalNum=2147483647, stations=[taiyuan, shijiazhuang, nanjing, shanghai])]\n"",""stream"":""stdout"",""time"":""2025-06-06T09:22:47.755482389Z""}"
2025-06-06T09:22:47.755090799Z,1674984167755090799,33.33.33.82,ts-seat-service-5c95b49cff-tdsdz,server,bb9b8afb5f1ee55e07e3424a684e1ff4,771e1958f2d7506a,"{""log"":""17:22:47.754 INFO  s.c.SeatController#57 TraceID: bb9b8afb5f1ee55e07e3424a684e1ff4 SpanID: 771e1958f2d7506a [getLeftTicketOfInterval][Get left ticket of interval][TravelDate: 2023-01-29 15:38:06,TrainNumber: Z1236,SeatType: 3]\n"",""stream"":""stdout"",""time"":""2025-06-06T09:22:47.755090799Z""}"
2025-06-06T09:22:47.5121233Z,1674984167512123300,33.33.33.82,ts-seat-service-5c95b49cff-tdsdz,server,bb9b8afb5f1ee55e07e3424a684e1ff4,99ad2fff56248e4d,"{""log"":""17:22:47.511 INFO  s.s.SeatServiceImpl#217 TraceID: bb9b8afb5f1ee55e07e3424a684e1ff4 SpanID: 99ad2fff56248e4d [getDirectProportion][Configs is : Config(name=DirectTicketAllocationProportion, value=0.5, description=Allocation Proportion Of The Direct Ticket - From Start To End)]\n"",""stream"":""stdout"",""time"":""2025-06-06T09:22:47.5121233Z""}"
2025-06-06T09:22:47.505264934Z,1674984167505264934,33.33.33.82,ts-seat-service-5c95b49cff-tdsdz,server,bb9b8afb5f1ee55e07e3424a684e1ff4,99ad2fff56248e4d,"{""log"":""17:22:47.504 INFO  s.s.SeatServiceImpl#166 TraceID: bb9b8afb5f1ee55e07e3424a684e1ff4 SpanID: 99ad2fff56248e4d [getLeftTicketOfInterval][Get Order tickets result][result is \u003c200,Response(status=0, msg=Seat is Null., data=null),[vary:\""Origin,Access-Control-Request-Method,Access-Control-Request-Headers\"", x-content-type-options:\""nosniff\"", x-xss-protection:\""1; mode=block\"", cache-control:\""no-cache, no-store, max-age=0, must-revalidate\"", pragma:\""no-cache\"", expires:\""0\"", x-frame-options:\""DENY\"", content-type:\""application/json\"", date:\""Sun, 29 Jan 2023 09:22:47 GMT\"", x-envoy-upstream-service-time:\""4\"", server:\""envoy\"", transfer-encoding:\""chunked\""]\u003e]\n"",""stream"":""stdout"",""time"":""2025-06-06T09:22:47.505264934Z""}"
2025-06-06T09:22:47.497917482Z,1674984167497917482,33.33.33.82,ts-seat-service-5c95b49cff-tdsdz,server,bb9b8afb5f1ee55e07e3424a684e1ff4,99ad2fff56248e4d,"{""log"":""17:22:47.497 INFO  s.s.SeatServiceImpl#154 TraceID: bb9b8afb5f1ee55e07e3424a684e1ff4 SpanID: 99ad2fff56248e4d [getLeftTicketOfInterval][TrainNumber start with other capital][trainNumber:Z1236]\n"",""stream"":""stdout"",""time"":""2025-06-06T09:22:47.497917482Z""}"
2025-06-06T09:22:47.497570825Z,1674984167497570825,33.33.33.82,ts-seat-service-5c95b49cff-tdsdz,server,bb9b8afb5f1ee55e07e3424a684e1ff4,99ad2fff56248e4d,"{""log"":""17:22:47.496 INFO  s.s.SeatServiceImpl#137 TraceID: bb9b8afb5f1ee55e07e3424a684e1ff4 SpanID: 99ad2fff56248e4d [getLeftTicketOfInterval][Seat request][request:Seat(travelDate=2023-01-29 15:38:06, trainNumber=Z1236, startStation=nanjing, destStation=shanghai, seatType=2, totalNum=2147483647, stations=[taiyuan, shijiazhuang, nanjing, shanghai])]\n"",""stream"":""stdout"",""time"":""2025-06-06T09:22:47.497570825Z""}"
2025-06-06T09:22:47.497148033Z,1674984167497148033,33.33.33.82,ts-seat-service-5c95b49cff-tdsdz,server,bb9b8afb5f1ee55e07e3424a684e1ff4,99ad2fff56248e4d,"{""log"":""17:22:47.496 INFO  s.c.SeatController#57 TraceID: bb9b8afb5f1ee55e07e3424a684e1ff4 SpanID: 99ad2fff56248e4d [getLeftTicketOfInterval][Get left ticket of interval][TravelDate: 2023-01-29 15:38:06,TrainNumber: Z1236,SeatType: 2]\n"",""stream"":""stdout"",""time"":""2025-06-06T09:22:47.497148033Z""}"
2025-06-06T09:22:47.467081783Z,1674984167467081783,33.33.33.80,ts-route-service-b6c59fb57-zv8dt,server,bb9b8afb5f1ee55e07e3424a684e1ff4,91b4b7de865d8faf,"{""log"":""17:22:47.466 INFO  r.c.RouteController#53 TraceID: bb9b8afb5f1ee55e07e3424a684e1ff4 SpanID: 91b4b7de865d8faf [getRouteById][Query route by id][RouteId: [d693a2c5-ef87-4a3c-bef8-600b43f62c68, 1367db1f-461e-4ab7-87ad-2bcc05fd9cb7, 9fc9c261-3263-4bfa-82f8-bb44e06b2f52, 20eb7122-3a11-423f-b10a-be0dc5bce7db, 0b23bd3e-876a-4af3-b920-c50a90c90b04]]\n"",""stream"":""stdout"",""time"":""2025-06-06T09:22:47.467081783Z""}"
2025-06-06T09:22:47.484963675Z,1674984167484963675,33.33.33.79,ts-price-service-76846864d9-g465z,server,bb9b8afb5f1ee55e07e3424a684e1ff4,f98943b13025f8c8,"{""log"":""17:22:47.484 INFO  p.c.PriceController#46 TraceID: bb9b8afb5f1ee55e07e3424a684e1ff4 SpanID: f98943b13025f8c8 [findByRouteIdAndTrainType][Query price][routeId and Train Type: [d693a2c5-ef87-4a3c-bef8-600b43f62c68:ZhiDa]]\n"",""stream"":""stdout"",""time"":""2025-06-06T09:22:47.484963675Z""}"
2025-06-06T09:22:47.760192018Z,1674984167760192018,33.33.33.155,ts-order-other-service-6cdbf9b4cc-h7mqk,server,bb9b8afb5f1ee55e07e3424a684e1ff4,fd376f432bcd9393,"{""log"":""17:22:47.759 WARN  o.s.OrderOtherServiceImpl#72 TraceID: bb9b8afb5f1ee55e07e3424a684e1ff4 SpanID: fd376f432bcd9393 [getSoldTickets][Seat][No content][seat from date: 2023-01-29 15:38:06, train number: Z1236\n"",""stream"":""stdout"",""time"":""2025-06-06T09:22:47.760192018Z""}"
2025-06-06T09:22:47.758875324Z,1674984167758875324,33.33.33.155,ts-order-other-service-6cdbf9b4cc-h7mqk,server,bb9b8afb5f1ee55e07e3424a684e1ff4,fd376f432bcd9393,"{""log"":""17:22:47.758 INFO  o.c.OrderOtherController#42 TraceID: bb9b8afb5f1ee55e07e3424a684e1ff4 SpanID: fd376f432bcd9393 [getSoldTickets][Get Sold Ticket][Travel Date: 2023-01-29 15:38:06]\n"",""stream"":""stdout"",""time"":""2025-06-06T09:22:47.758875324Z""}"
2025-06-06T09:22:47.502770596Z,1674984167502770596,33.33.33.155,ts-order-other-service-6cdbf9b4cc-h7mqk,server,bb9b8afb5f1ee55e07e3424a684e1ff4,64714f2f23350fd6,"{""log"":""17:22:47.502 WARN  o.s.OrderOtherServiceImpl#72 TraceID: bb9b8afb5f1ee55e07e3424a684e1ff4 SpanID: 64714f2f23350fd6 [getSoldTickets][Seat][No content][seat from date: 2023-01-29 15:38:06, train number: Z1236\n"",""stream"":""stdout"",""time"":""2025-06-06T09:22:47.502770596Z""}"
2025-06-06T09:22:47.501239096Z,1674984167501239096,33.33.33.155,ts-order-other-service-6cdbf9b4cc-h7mqk,server,bb9b8afb5f1ee55e07e3424a684e1ff4,64714f2f23350fd6,"{""log"":""17:22:47.500 INFO  o.c.OrderOtherController#42 TraceID: bb9b8afb5f1ee55e07e3424a684e1ff4 SpanID: 64714f2f23350fd6 [getSoldTickets][Get Sold Ticket][Travel Date: 2023-01-29 15:38:06]\n"",""stream"":""stdout"",""time"":""2025-06-06T09:22:47.501239096Z""}"
2025-06-06T09:22:47.766665686Z,1674984167766665686,33.33.33.115,ts-config-service-5fcd447d84-wxwjd,server,bb9b8afb5f1ee55e07e3424a684e1ff4,67bdde51cbc277ca,"{""log"":""17:22:47.765 INFO  c.s.ConfigServiceImpl#65 TraceID: bb9b8afb5f1ee55e07e3424a684e1ff4 SpanID: 67bdde51cbc277ca [query][Query config success][config name: DirectTicketAllocationProportion]\n"",""stream"":""stdout"",""time"":""2025-06-06T09:22:47.766665686Z""}"
2025-06-06T09:22:47.765126201Z,1674984167765126201,33.33.33.115,ts-config-service-5fcd447d84-wxwjd,server,bb9b8afb5f1ee55e07e3424a684e1ff4,67bdde51cbc277ca,"{""log"":""17:22:47.764 INFO  c.c.ConfigController#67 TraceID: bb9b8afb5f1ee55e07e3424a684e1ff4 SpanID: 67bdde51cbc277ca [retrieve][Retrieve config][configName: DirectTicketAllocationProportion]\n"",""stream"":""stdout"",""time"":""2025-06-06T09:22:47.765126201Z""}"
2025-06-06T09:22:47.509440115Z,1674984167509440115,33.33.33.115,ts-config-service-5fcd447d84-wxwjd,server,bb9b8afb5f1ee55e07e3424a684e1ff4,4f74279f61025767,"{""log"":""17:22:47.509 INFO  c.s.ConfigServiceImpl#65 TraceID: bb9b8afb5f1ee55e07e3424a684e1ff4 SpanID: 4f74279f61025767 [query][Query config success][config name: DirectTicketAllocationProportion]\n"",""stream"":""stdout"",""time"":""2025-06-06T09:22:47.509440115Z""}"
2025-06-06T09:22:47.508050153Z,1674984167508050153,33.33.33.115,ts-config-service-5fcd447d84-wxwjd,server,bb9b8afb5f1ee55e07e3424a684e1ff4,4f74279f61025767,"{""log"":""17:22:47.507 INFO  c.c.ConfigController#67 TraceID: bb9b8afb5f1ee55e07e3424a684e1ff4 SpanID: 4f74279f61025767 [retrieve][Retrieve config][configName: DirectTicketAllocationProportion]\n"",""stream"":""stdout"",""time"":""2025-06-06T09:22:47.508050153Z""}"
2025-06-06T09:22:47.489143097Z,1674984167489143097,33.33.33.76,ts-basic-service-5dc8d4f9fd-46997,server,bb9b8afb5f1ee55e07e3424a684e1ff4,0ac262abbc69d32f,"{""log"":""17:22:47.488 INFO  f.m.s.BasicServiceImpl#320 TraceID: bb9b8afb5f1ee55e07e3424a684e1ff4 SpanID: 0ac262abbc69d32f [queryForTravels][all done][result map: {Z1236=TravelResult(status=true, percent=1.0, trainType=TrainType(id=e24bb484-516a-4aad-b37f-517e7139e913, name=ZhiDa, economyClass=2147483647, confortClass=2147483647, averageSpeed=120), route=Route(id=d693a2c5-ef87-4a3c-bef8-600b43f62c68, stations=[taiyuan, shijiazhuang, nanjing, shanghai], distances=[0, 300, 950, 1300], startStation=taiyuan, endStation=shanghai), prices={confortClass=350.0, economyClass=112.0})}]\n"",""stream"":""stdout"",""time"":""2025-06-06T09:22:47.489143097Z""}"
2025-06-06T09:22:47.488987672Z,1674984167488987672,33.33.33.76,ts-basic-service-5dc8d4f9fd-46997,server,bb9b8afb5f1ee55e07e3424a684e1ff4,0ac262abbc69d32f,"{""log"":""17:22:47.488 INFO  f.m.s.BasicServiceImpl#481 TraceID: bb9b8afb5f1ee55e07e3424a684e1ff4 SpanID: 0ac262abbc69d32f [queryPriceConfigByRouteIdsAndTrainTypes][Get Price Config by routeId and trainType][Success][priceConfigs: {d693a2c5-ef87-4a3c-bef8-600b43f62c68:ZhiDa={id=8b059dc5-01a2-4f8f-8f94-6c886b38bb34, trainType=ZhiDa, routeId=d693a2c5-ef87-4a3c-bef8-600b43f62c68, basicPriceRate=0.32, firstClassPriceRate=1.0}}]\n"",""stream"":""stdout"",""time"":""2025-06-06T09:22:47.488987672Z""}"
2025-06-06T09:22:47.481698152Z,1674984167481698152,33.33.33.76,ts-basic-service-5dc8d4f9fd-46997,server,bb9b8afb5f1ee55e07e3424a684e1ff4,0ac262abbc69d32f,"{""log"":""17:22:47.481 INFO  f.m.s.BasicServiceImpl#459 TraceID: bb9b8afb5f1ee55e07e3424a684e1ff4 SpanID: 0ac262abbc69d32f [queryPriceConfigByRouteIdsAndTrainTypes][Query For Price Config][RouteId and TrainType: [d693a2c5-ef87-4a3c-bef8-600b43f62c68:ZhiDa]]\n"",""stream"":""stdout"",""time"":""2025-06-06T09:22:47.481698152Z""}"
2025-06-06T09:22:47.48123537Z,1674984167481235370,33.33.33.76,ts-basic-service-5dc8d4f9fd-46997,server,bb9b8afb5f1ee55e07e3424a684e1ff4,0ac262abbc69d32f,"{""log"":""17:22:47.480 ERROR  f.m.s.BasicServiceImpl#415 TraceID: bb9b8afb5f1ee55e07e3424a684e1ff4 SpanID: 0ac262abbc69d32f [getRoutesByRouteIds][Get Route By Ids Failed]\n"",""stream"":""stdout"",""time"":""2025-06-06T09:22:47.48123537Z""}"
2025-06-06T09:22:47.462153724Z,1674984167462153724,33.33.33.76,ts-basic-service-5dc8d4f9fd-46997,server,bb9b8afb5f1ee55e07e3424a684e1ff4,0ac262abbc69d32f,"{""log"":""17:22:47.461 INFO  f.m.s.BasicServiceImpl#405 TraceID: bb9b8afb5f1ee55e07e3424a684e1ff4 SpanID: 0ac262abbc69d32f [getRoutesByRouteIds][Get Route By Ids][Route IDs: [d693a2c5-ef87-4a3c-bef8-600b43f62c68, 1367db1f-461e-4ab7-87ad-2bcc05fd9cb7, 9fc9c261-3263-4bfa-82f8-bb44e06b2f52, 20eb7122-3a11-423f-b10a-be0dc5bce7db, 0b23bd3e-876a-4af3-b920-c50a90c90b04]]\n"",""stream"":""stdout"",""time"":""2025-06-06T09:22:47.462153724Z""}"
2025-06-06T09:22:47.213758513Z,1674984167213758513,33.33.33.76,ts-basic-service-5dc8d4f9fd-46997,server,bb9b8afb5f1ee55e07e3424a684e1ff4,0ac262abbc69d32f,"{""log"":""17:22:47.213 INFO  f.m.s.BasicServiceImpl#374 TraceID: bb9b8afb5f1ee55e07e3424a684e1ff4 SpanID: 0ac262abbc69d32f [queryTrainTypeByNames][Query Train Type][Train Type names: [TeKuai, ZhiDa, KuaiSu]]\n"",""stream"":""stdout"",""time"":""2025-06-06T09:22:47.213758513Z""}"
2025-06-06T09:22:47.20823326Z,1674984167208233260,33.33.33.76,ts-basic-service-5dc8d4f9fd-46997,server,bb9b8afb5f1ee55e07e3424a684e1ff4,0ac262abbc69d32f,"{""log"":""17:22:47.208 INFO  f.m.s.BasicServiceImpl#343 TraceID: bb9b8afb5f1ee55e07e3424a684e1ff4 SpanID: 0ac262abbc69d32f [checkStationsExists][Check Stations Exists][stationNames: [nanjing, shanghai]]\n"",""stream"":""stdout"",""time"":""2025-06-06T09:22:47.20823326Z""}"
2025-06-06T09:22:47.208135301Z,1674984167208135301,33.33.33.76,ts-basic-service-5dc8d4f9fd-46997,server,bb9b8afb5f1ee55e07e3424a684e1ff4,0ac262abbc69d32f,"{""log"":""17:22:47.207 INFO  f.m.c.BasicController#45 TraceID: bb9b8afb5f1ee55e07e3424a684e1ff4 SpanID: 0ac262abbc69d32f [queryForTravels][Query for travels][Travels: [Travel(trip=Trip(id=8a533bf9-bd12-4608-a8eb-606890982448, tripId=Z1234, trainTypeName=ZhiDa, routeId=0b23bd3e-876a-4af3-b920-c50a90c90b04, startStationName=shanghai, stationsName=nanjing, terminalStationName=beijing, startTime=2013-05-04 09:51:52, endTime=2013-05-04 15:51:52), startPlace=nanjing, endPlace=shanghai, departureTime=2023-01-29 15:38:06), Travel(trip=Trip(id=5c63588e-ad31-4ded-98ac-f4a1a78a36b2, tripId=Z1235, trainTypeName=ZhiDa, routeId=9fc9c261-3263-4bfa-82f8-bb44e06b2f52, startStationName=shanghai, stationsName=nanjing, terminalStationName=beijing, startTime=2013-05-04 11:31:52, endTime=2013-05-04 17:51:52), startPlace=nanjing, endPlace=shanghai, departureTime=2023-01-29 15:38:06), Travel(trip=Trip(id=e1367946-9ecd-4ee6-acbf-8b705e8df59d, tripId=Z1236, trainTypeName=ZhiDa, routeId=d693a2c5-ef87-4a3c-bef8-600b43f62c68, startStationName=shanghai, stationsName=nanjing, terminalStationName=beijing, startTime=2013-05-04 7:05:52, endTime=2013-05-04 12:51:52), startPlace=nanjing, endPlace=shanghai, departureTime=2023-01-29 15:38:06), Travel(trip=Trip(id=502d2768-8480-47fc-91fd-f647267dfac6, tripId=T1235, trainTypeName=TeKuai, routeId=20eb7122-3a11-423f-b10a-be0dc5bce7db, startStationName=shanghai, stationsName=nanjing, terminalStationName=beijing, startTime=2013-05-04 08:31:52, endTime=2013-05-04 17:21:52), startPlace=nanjing, endPlace=shanghai, departureTime=2023-01-29 15:38:06), Travel(trip=Trip(id=a3c9545b-1889-4ea1-9015-b9af1896bc01, tripId=K1345, trainTypeName=KuaiSu, routeId=1367db1f-461e-4ab7-87ad-2bcc05fd9cb7, startStationName=shanghai, stationsName=nanjing, terminalStationName=beijing, startTime=2013-05-04 07:51:52, endTime=2013-05-04 19:59:52), startPlace=nanjing, endPlace=shanghai, departureTime=2023-01-29 15:38:06)]]\n"",""stream"":""stdout"",""time"":""2025-06-06T09:22:47.208135301Z""}"
2025-06-06T09:22:20.684695486Z,1674984140684695486,33.33.33.167,ts-travel2-service-5c66d57d58-6mp2b,server,c6101a45a5873de4dafb0c47aedef0b4,355b9cabd5bfe44c,"{""log"":""17:22:20.684 INFO  t.s.TravelServiceImpl#372 TraceID: c6101a45a5873de4dafb0c47aedef0b4 SpanID: 355b9cabd5bfe44c [getTickets][Calculate distance][calculate time：650  time: Sat May 04 17:55:52 CST 2013]\n"",""stream"":""stdout"",""time"":""2025-06-06T09:22:20.684695486Z""}"
2025-06-06T09:22:20.6844675Z,1674984140684467500,33.33.33.167,ts-travel2-service-5c66d57d58-6mp2b,server,c6101a45a5873de4dafb0c47aedef0b4,355b9cabd5bfe44c,"{""log"":""17:22:20.684 INFO  t.s.TravelServiceImpl#366 TraceID: c6101a45a5873de4dafb0c47aedef0b4 SpanID: 355b9cabd5bfe44c [getTickets][Calculate distance][calculate time：475  time: Sat May 04 15:00:52 CST 2013]\n"",""stream"":""stdout"",""time"":""2025-06-06T09:22:20.6844675Z""}"
2025-06-06T09:22:20.684200512Z,1674984140684200512,33.33.33.167,ts-travel2-service-5c66d57d58-6mp2b,server,c6101a45a5873de4dafb0c47aedef0b4,355b9cabd5bfe44c,"{""log"":""17:22:20.683 INFO  t.s.TravelServiceImpl#469 TraceID: c6101a45a5873de4dafb0c47aedef0b4 SpanID: 355b9cabd5bfe44c [getRestTicketNumber][Get Rest tickets num][num is: Response(status=1, msg=Get Left Ticket of Internal Success, data=1073741823)]\n"",""stream"":""stdout"",""time"":""2025-06-06T09:22:20.684200512Z""}"
2025-06-06T09:22:20.66901696Z,1674984140669016960,33.33.33.167,ts-travel2-service-5c66d57d58-6mp2b,server,c6101a45a5873de4dafb0c47aedef0b4,355b9cabd5bfe44c,"{""log"":""17:22:20.668 INFO  t.s.TravelServiceImpl#459 TraceID: c6101a45a5873de4dafb0c47aedef0b4 SpanID: 355b9cabd5bfe44c [getRestTicketNumber][Seat request][request: Seat(travelDate=2023-01-29 15:38:06, trainNumber=Z1236, startStation=nanjing, destStation=shanghai, seatType=3, totalNum=2147483647, stations=[taiyuan, shijiazhuang, nanjing, shanghai])]\n"",""stream"":""stdout"",""time"":""2025-06-06T09:22:20.66901696Z""}"
2025-06-06T09:22:20.668876764Z,1674984140668876764,33.33.33.167,ts-travel2-service-5c66d57d58-6mp2b,server,c6101a45a5873de4dafb0c47aedef0b4,355b9cabd5bfe44c,"{""log"":""17:22:20.668 INFO  t.s.TravelServiceImpl#469 TraceID: c6101a45a5873de4dafb0c47aedef0b4 SpanID: 355b9cabd5bfe44c [getRestTicketNumber][Get Rest tickets num][num is: Response(status=1, msg=Get Left Ticket of Internal Success, data=1073741823)]\n"",""stream"":""stdout"",""time"":""2025-06-06T09:22:20.668876764Z""}"
2025-06-06T09:22:20.634783588Z,1674984140634783588,33.33.33.167,ts-travel2-service-5c66d57d58-6mp2b,server,c6101a45a5873de4dafb0c47aedef0b4,355b9cabd5bfe44c,"{""log"":""17:22:20.634 INFO  t.s.TravelServiceImpl#459 TraceID: c6101a45a5873de4dafb0c47aedef0b4 SpanID: 355b9cabd5bfe44c [getRestTicketNumber][Seat request][request: Seat(travelDate=2023-01-29 15:38:06, trainNumber=Z1236, startStation=nanjing, destStation=shanghai, seatType=2, totalNum=2147483647, stations=[taiyuan, shijiazhuang, nanjing, shanghai])]\n"",""stream"":""stdout"",""time"":""2025-06-06T09:22:20.634783588Z""}"
2025-06-06T09:22:20.336104536Z,1674984140336104536,33.33.33.167,ts-travel2-service-5c66d57d58-6mp2b,server,c6101a45a5873de4dafb0c47aedef0b4,355b9cabd5bfe44c,"{""log"":""17:22:20.335 INFO  t.s.TravelServiceImpl#260 TraceID: c6101a45a5873de4dafb0c47aedef0b4 SpanID: 355b9cabd5bfe44c [getTicketsByBatch][before get basic][trips: [Trip(id=8a533bf9-bd12-4608-a8eb-606890982448, tripId=Z1234, trainTypeName=ZhiDa, routeId=0b23bd3e-876a-4af3-b920-c50a90c90b04, startStationName=shanghai, stationsName=nanjing, terminalStationName=beijing, startTime=2013-05-04 09:51:52, endTime=2013-05-04 15:51:52), Trip(id=5c63588e-ad31-4ded-98ac-f4a1a78a36b2, tripId=Z1235, trainTypeName=ZhiDa, routeId=9fc9c261-3263-4bfa-82f8-bb44e06b2f52, startStationName=shanghai, stationsName=nanjing, terminalStationName=beijing, startTime=2013-05-04 11:31:52, endTime=2013-05-04 17:51:52), Trip(id=e1367946-9ecd-4ee6-acbf-8b705e8df59d, tripId=Z1236, trainTypeName=ZhiDa, routeId=d693a2c5-ef87-4a3c-bef8-600b43f62c68, startStationName=shanghai, stationsName=nanjing, terminalStationName=beijing, startTime=2013-05-04 7:05:52, endTime=2013-05-04 12:51:52), Trip(id=502d2768-8480-47fc-91fd-f647267dfac6, tripId=T1235, trainTypeName=TeKuai, routeId=20eb7122-3a11-423f-b10a-be0dc5bce7db, startStationName=shanghai, stationsName=nanjing, terminalStationName=beijing, startTime=2013-05-04 08:31:52, endTime=2013-05-04 17:21:52), Trip(id=a3c9545b-1889-4ea1-9015-b9af1896bc01, tripId=K1345, trainTypeName=KuaiSu, routeId=1367db1f-461e-4ab7-87ad-2bcc05fd9cb7, startStationName=shanghai, stationsName=nanjing, terminalStationName=beijing, startTime=2013-05-04 07:51:52, endTime=2013-05-04 19:59:52)]]\n"",""stream"":""stdout"",""time"":""2025-06-06T09:22:20.336104536Z""}"
2025-06-06T09:22:20.332024526Z,1674984140332024526,33.33.33.167,ts-travel2-service-5c66d57d58-6mp2b,server,c6101a45a5873de4dafb0c47aedef0b4,355b9cabd5bfe44c,"{""log"":""17:22:20.331 INFO  t.c.Travel2Controller#115 TraceID: c6101a45a5873de4dafb0c47aedef0b4 SpanID: 355b9cabd5bfe44c [query][Query TripResponse]\n"",""stream"":""stdout"",""time"":""2025-06-06T09:22:20.332024526Z""}"
2025-06-06T09:22:20.57344135Z,1674984140573441350,33.33.33.79,ts-train-service-86f5f97bc9-dkqmf,server,c6101a45a5873de4dafb0c47aedef0b4,28658237f947029d,"{""log"":""17:22:20.572 INFO  t.c.TrainController#72 TraceID: c6101a45a5873de4dafb0c47aedef0b4 SpanID: 28658237f947029d [retrieveByNames][Retrieve train][TrainTypeNames: [TeKuai, ZhiDa, KuaiSu]]\n"",""stream"":""stdout"",""time"":""2025-06-06T09:22:20.57344135Z""}"
2025-06-06T09:22:20.34229531Z,1674984140342295310,33.33.33.76,ts-station-service-7f4f5f6f77-5qb6j,server,c6101a45a5873de4dafb0c47aedef0b4,22c9efe60a485312,"{""log"":""17:22:20.341 INFO  f.m.c.StationController#71 TraceID: c6101a45a5873de4dafb0c47aedef0b4 SpanID: 22c9efe60a485312 [queryForIdBatch][Query stations for id batch][StationNameNumbers: 2]\n"",""stream"":""stdout"",""time"":""2025-06-06T09:22:20.34229531Z""}"
2025-06-06T09:22:20.682496262Z,1674984140682496262,33.33.33.82,ts-seat-service-5c95b49cff-tdsdz,server,c6101a45a5873de4dafb0c47aedef0b4,48d7e44799f7e5ec,"{""log"":""17:22:20.681 INFO  s.s.SeatServiceImpl#217 TraceID: c6101a45a5873de4dafb0c47aedef0b4 SpanID: 48d7e44799f7e5ec [getDirectProportion][Configs is : Config(name=DirectTicketAllocationProportion, value=0.5, description=Allocation Proportion Of The Direct Ticket - From Start To End)]\n"",""stream"":""stdout"",""time"":""2025-06-06T09:22:20.682496262Z""}"
2025-06-06T09:22:20.677811382Z,1674984140677811382,33.33.33.82,ts-seat-service-5c95b49cff-tdsdz,server,c6101a45a5873de4dafb0c47aedef0b4,48d7e44799f7e5ec,"{""log"":""17:22:20.676 INFO  s.s.SeatServiceImpl#166 TraceID: c6101a45a5873de4dafb0c47aedef0b4 SpanID: 48d7e44799f7e5ec [getLeftTicketOfInterval][Get Order tickets result][result is \u003c200,Response(status=0, msg=Seat is Null., data=null),[vary:\""Origin,Access-Control-Request-Method,Access-Control-Request-Headers\"", x-content-type-options:\""nosniff\"", x-xss-protection:\""1; mode=block\"", cache-control:\""no-cache, no-store, max-age=0, must-revalidate\"", pragma:\""no-cache\"", expires:\""0\"", x-frame-options:\""DENY\"", content-type:\""application/json\"", date:\""Sun, 29 Jan 2023 09:22:20 GMT\"", x-envoy-upstream-service-time:\""2\"", server:\""envoy\"", transfer-encoding:\""chunked\""]\u003e]\n"",""stream"":""stdout"",""time"":""2025-06-06T09:22:20.677811382Z""}"
2025-06-06T09:22:20.672703552Z,1674984140672703552,33.33.33.82,ts-seat-service-5c95b49cff-tdsdz,server,c6101a45a5873de4dafb0c47aedef0b4,48d7e44799f7e5ec,"{""log"":""17:22:20.672 INFO  s.s.SeatServiceImpl#154 TraceID: c6101a45a5873de4dafb0c47aedef0b4 SpanID: 48d7e44799f7e5ec [getLeftTicketOfInterval][TrainNumber start with other capital][trainNumber:Z1236]\n"",""stream"":""stdout"",""time"":""2025-06-06T09:22:20.672703552Z""}"
2025-06-06T09:22:20.672353286Z,1674984140672353286,33.33.33.82,ts-seat-service-5c95b49cff-tdsdz,server,c6101a45a5873de4dafb0c47aedef0b4,48d7e44799f7e5ec,"{""log"":""17:22:20.671 INFO  s.s.SeatServiceImpl#137 TraceID: c6101a45a5873de4dafb0c47aedef0b4 SpanID: 48d7e44799f7e5ec [getLeftTicketOfInterval][Seat request][request:Seat(travelDate=2023-01-29 15:38:06, trainNumber=Z1236, startStation=nanjing, destStation=shanghai, seatType=3, totalNum=2147483647, stations=[taiyuan, shijiazhuang, nanjing, shanghai])]\n"",""stream"":""stdout"",""time"":""2025-06-06T09:22:20.672353286Z""}"
2025-06-06T09:22:20.671982723Z,1674984140671982723,33.33.33.82,ts-seat-service-5c95b49cff-tdsdz,server,c6101a45a5873de4dafb0c47aedef0b4,48d7e44799f7e5ec,"{""log"":""17:22:20.671 INFO  s.c.SeatController#57 TraceID: c6101a45a5873de4dafb0c47aedef0b4 SpanID: 48d7e44799f7e5ec [getLeftTicketOfInterval][Get left ticket of interval][TravelDate: 2023-01-29 15:38:06,TrainNumber: Z1236,SeatType: 3]\n"",""stream"":""stdout"",""time"":""2025-06-06T09:22:20.671982723Z""}"
2025-06-06T09:22:20.666911646Z,1674984140666911646,33.33.33.82,ts-seat-service-5c95b49cff-tdsdz,server,c6101a45a5873de4dafb0c47aedef0b4,2aef17735fa73e70,"{""log"":""17:22:20.666 INFO  s.s.SeatServiceImpl#217 TraceID: c6101a45a5873de4dafb0c47aedef0b4 SpanID: 2aef17735fa73e70 [getDirectProportion][Configs is : Config(name=DirectTicketAllocationProportion, value=0.5, description=Allocation Proportion Of The Direct Ticket - From Start To End)]\n"",""stream"":""stdout"",""time"":""2025-06-06T09:22:20.666911646Z""}"
2025-06-06T09:22:20.660437313Z,1674984140660437313,33.33.33.82,ts-seat-service-5c95b49cff-tdsdz,server,c6101a45a5873de4dafb0c47aedef0b4,2aef17735fa73e70,"{""log"":""17:22:20.659 INFO  s.s.SeatServiceImpl#166 TraceID: c6101a45a5873de4dafb0c47aedef0b4 SpanID: 2aef17735fa73e70 [getLeftTicketOfInterval][Get Order tickets result][result is \u003c200,Response(status=0, msg=Seat is Null., data=null),[vary:\""Origin,Access-Control-Request-Method,Access-Control-Request-Headers\"", x-content-type-options:\""nosniff\"", x-xss-protection:\""1; mode=block\"", cache-control:\""no-cache, no-store, max-age=0, must-revalidate\"", pragma:\""no-cache\"", expires:\""0\"", x-frame-options:\""DENY\"", content-type:\""application/json\"", date:\""Sun, 29 Jan 2023 09:22:20 GMT\"", x-envoy-upstream-service-time:\""5\"", server:\""envoy\"", transfer-encoding:\""chunked\""]\u003e]\n"",""stream"":""stdout"",""time"":""2025-06-06T09:22:20.660437313Z""}"
2025-06-06T09:22:20.652484886Z,1674984140652484886,33.33.33.82,ts-seat-service-5c95b49cff-tdsdz,server,c6101a45a5873de4dafb0c47aedef0b4,2aef17735fa73e70,"{""log"":""17:22:20.651 INFO  s.s.SeatServiceImpl#154 TraceID: c6101a45a5873de4dafb0c47aedef0b4 SpanID: 2aef17735fa73e70 [getLeftTicketOfInterval][TrainNumber start with other capital][trainNumber:Z1236]\n"",""stream"":""stdout"",""time"":""2025-06-06T09:22:20.652484886Z""}"
2025-06-06T09:22:20.652120185Z,1674984140652120185,33.33.33.82,ts-seat-service-5c95b49cff-tdsdz,server,c6101a45a5873de4dafb0c47aedef0b4,2aef17735fa73e70,"{""log"":""17:22:20.651 INFO  s.s.SeatServiceImpl#137 TraceID: c6101a45a5873de4dafb0c47aedef0b4 SpanID: 2aef17735fa73e70 [getLeftTicketOfInterval][Seat request][request:Seat(travelDate=2023-01-29 15:38:06, trainNumber=Z1236, startStation=nanjing, destStation=shanghai, seatType=2, totalNum=2147483647, stations=[taiyuan, shijiazhuang, nanjing, shanghai])]\n"",""stream"":""stdout"",""time"":""2025-06-06T09:22:20.652120185Z""}"
2025-06-06T09:22:20.651736898Z,1674984140651736898,33.33.33.82,ts-seat-service-5c95b49cff-tdsdz,server,c6101a45a5873de4dafb0c47aedef0b4,2aef17735fa73e70,"{""log"":""17:22:20.650 INFO  s.c.SeatController#57 TraceID: c6101a45a5873de4dafb0c47aedef0b4 SpanID: 2aef17735fa73e70 [getLeftTicketOfInterval][Get left ticket of interval][TravelDate: 2023-01-29 15:38:06,TrainNumber: Z1236,SeatType: 2]\n"",""stream"":""stdout"",""time"":""2025-06-06T09:22:20.651736898Z""}"
2025-06-06T09:22:20.584787189Z,1674984140584787189,33.33.33.80,ts-route-service-b6c59fb57-zv8dt,server,c6101a45a5873de4dafb0c47aedef0b4,448c431ce9faf02a,"{""log"":""17:22:20.583 INFO  r.c.RouteController#53 TraceID: c6101a45a5873de4dafb0c47aedef0b4 SpanID: 448c431ce9faf02a [getRouteById][Query route by id][RouteId: [d693a2c5-ef87-4a3c-bef8-600b43f62c68, 1367db1f-461e-4ab7-87ad-2bcc05fd9cb7, 9fc9c261-3263-4bfa-82f8-bb44e06b2f52, 20eb7122-3a11-423f-b10a-be0dc5bce7db, 0b23bd3e-876a-4af3-b920-c50a90c90b04]]\n"",""stream"":""stdout"",""time"":""2025-06-06T09:22:20.584787189Z""}"
2025-06-06T09:22:20.626068132Z,1674984140626068132,33.33.33.79,ts-price-service-76846864d9-g465z,server,c6101a45a5873de4dafb0c47aedef0b4,ea33aa89a8c1ed4b,"{""log"":""17:22:20.625 INFO  p.c.PriceController#46 TraceID: c6101a45a5873de4dafb0c47aedef0b4 SpanID: ea33aa89a8c1ed4b [findByRouteIdAndTrainType][Query price][routeId and Train Type: [d693a2c5-ef87-4a3c-bef8-600b43f62c68:ZhiDa]]\n"",""stream"":""stdout"",""time"":""2025-06-06T09:22:20.626068132Z""}"
2025-06-06T09:22:20.675655556Z,1674984140675655556,33.33.33.155,ts-order-other-service-6cdbf9b4cc-h7mqk,server,c6101a45a5873de4dafb0c47aedef0b4,819d6ba53d7b7ff1,"{""log"":""17:22:20.675 WARN  o.s.OrderOtherServiceImpl#72 TraceID: c6101a45a5873de4dafb0c47aedef0b4 SpanID: 819d6ba53d7b7ff1 [getSoldTickets][Seat][No content][seat from date: 2023-01-29 15:38:06, train number: Z1236\n"",""stream"":""stdout"",""time"":""2025-06-06T09:22:20.675655556Z""}"
2025-06-06T09:22:20.674756646Z,1674984140674756646,33.33.33.155,ts-order-other-service-6cdbf9b4cc-h7mqk,server,c6101a45a5873de4dafb0c47aedef0b4,819d6ba53d7b7ff1,"{""log"":""17:22:20.674 INFO  o.c.OrderOtherController#42 TraceID: c6101a45a5873de4dafb0c47aedef0b4 SpanID: 819d6ba53d7b7ff1 [getSoldTickets][Get Sold Ticket][Travel Date: 2023-01-29 15:38:06]\n"",""stream"":""stdout"",""time"":""2025-06-06T09:22:20.674756646Z""}"
2025-06-06T09:22:20.657840542Z,1674984140657840542,33.33.33.155,ts-order-other-service-6cdbf9b4cc-h7mqk,server,c6101a45a5873de4dafb0c47aedef0b4,e51bc3c90d26b85e,"{""log"":""17:22:20.657 WARN  o.s.OrderOtherServiceImpl#72 TraceID: c6101a45a5873de4dafb0c47aedef0b4 SpanID: e51bc3c90d26b85e [getSoldTickets][Seat][No content][seat from date: 2023-01-29 15:38:06, train number: Z1236\n"",""stream"":""stdout"",""time"":""2025-06-06T09:22:20.657840542Z""}"
2025-06-06T09:22:20.65618161Z,1674984140656181610,33.33.33.155,ts-order-other-service-6cdbf9b4cc-h7mqk,server,c6101a45a5873de4dafb0c47aedef0b4,e51bc3c90d26b85e,"{""log"":""17:22:20.655 INFO  o.c.OrderOtherController#42 TraceID: c6101a45a5873de4dafb0c47aedef0b4 SpanID: e51bc3c90d26b85e [getSoldTickets][Get Sold Ticket][Travel Date: 2023-01-29 15:38:06]\n"",""stream"":""stdout"",""time"":""2025-06-06T09:22:20.65618161Z""}"
2025-06-06T09:22:20.680439754Z,1674984140680439754,33.33.33.115,ts-config-service-5fcd447d84-wxwjd,server,c6101a45a5873de4dafb0c47aedef0b4,d2662b69d6f450b9,"{""log"":""17:22:20.680 INFO  c.s.ConfigServiceImpl#65 TraceID: c6101a45a5873de4dafb0c47aedef0b4 SpanID: d2662b69d6f450b9 [query][Query config success][config name: DirectTicketAllocationProportion]\n"",""stream"":""stdout"",""time"":""2025-06-06T09:22:20.680439754Z""}"
2025-06-06T09:22:20.679641336Z,1674984140679641336,33.33.33.115,ts-config-service-5fcd447d84-wxwjd,server,c6101a45a5873de4dafb0c47aedef0b4,d2662b69d6f450b9,"{""log"":""17:22:20.679 INFO  c.c.ConfigController#67 TraceID: c6101a45a5873de4dafb0c47aedef0b4 SpanID: d2662b69d6f450b9 [retrieve][Retrieve config][configName: DirectTicketAllocationProportion]\n"",""stream"":""stdout"",""time"":""2025-06-06T09:22:20.679641336Z""}"
2025-06-06T09:22:20.664392436Z,1674984140664392436,33.33.33.115,ts-config-service-5fcd447d84-wxwjd,server,c6101a45a5873de4dafb0c47aedef0b4,7d645e62070f7210,"{""log"":""17:22:20.664 INFO  c.s.ConfigServiceImpl#65 TraceID: c6101a45a5873de4dafb0c47aedef0b4 SpanID: 7d645e62070f7210 [query][Query config success][config name: DirectTicketAllocationProportion]\n"",""stream"":""stdout"",""time"":""2025-06-06T09:22:20.664392436Z""}"
2025-06-06T09:22:20.663118875Z,1674984140663118875,33.33.33.115,ts-config-service-5fcd447d84-wxwjd,server,c6101a45a5873de4dafb0c47aedef0b4,7d645e62070f7210,"{""log"":""17:22:20.662 INFO  c.c.ConfigController#67 TraceID: c6101a45a5873de4dafb0c47aedef0b4 SpanID: 7d645e62070f7210 [retrieve][Retrieve config][configName: DirectTicketAllocationProportion]\n"",""stream"":""stdout"",""time"":""2025-06-06T09:22:20.663118875Z""}"
2025-06-06T09:22:20.631824266Z,1674984140631824266,33.33.33.76,ts-basic-service-5dc8d4f9fd-46997,server,c6101a45a5873de4dafb0c47aedef0b4,06f8787908d0a3f2,"{""log"":""17:22:20.631 INFO  f.m.s.BasicServiceImpl#320 TraceID: c6101a45a5873de4dafb0c47aedef0b4 SpanID: 06f8787908d0a3f2 [queryForTravels][all done][result map: {Z1236=TravelResult(status=true, percent=1.0, trainType=TrainType(id=e24bb484-516a-4aad-b37f-517e7139e913, name=ZhiDa, economyClass=2147483647, confortClass=2147483647, averageSpeed=120), route=Route(id=d693a2c5-ef87-4a3c-bef8-600b43f62c68, stations=[taiyuan, shijiazhuang, nanjing, shanghai], distances=[0, 300, 950, 1300], startStation=taiyuan, endStation=shanghai), prices={confortClass=350.0, economyClass=112.0})}]\n"",""stream"":""stdout"",""time"":""2025-06-06T09:22:20.631824266Z""}"
2025-06-06T09:22:20.631509462Z,1674984140631509462,33.33.33.76,ts-basic-service-5dc8d4f9fd-46997,server,c6101a45a5873de4dafb0c47aedef0b4,06f8787908d0a3f2,"{""log"":""17:22:20.630 INFO  f.m.s.BasicServiceImpl#481 TraceID: c6101a45a5873de4dafb0c47aedef0b4 SpanID: 06f8787908d0a3f2 [queryPriceConfigByRouteIdsAndTrainTypes][Get Price Config by routeId and trainType][Success][priceConfigs: {d693a2c5-ef87-4a3c-bef8-600b43f62c68:ZhiDa={id=8b059dc5-01a2-4f8f-8f94-6c886b38bb34, trainType=ZhiDa, routeId=d693a2c5-ef87-4a3c-bef8-600b43f62c68, basicPriceRate=0.32, firstClassPriceRate=1.0}}]\n"",""stream"":""stdout"",""time"":""2025-06-06T09:22:20.631509462Z""}"
2025-06-06T09:22:20.601503227Z,1674984140601503227,33.33.33.76,ts-basic-service-5dc8d4f9fd-46997,server,c6101a45a5873de4dafb0c47aedef0b4,06f8787908d0a3f2,"{""log"":""17:22:20.601 INFO  f.m.s.BasicServiceImpl#459 TraceID: c6101a45a5873de4dafb0c47aedef0b4 SpanID: 06f8787908d0a3f2 [queryPriceConfigByRouteIdsAndTrainTypes][Query For Price Config][RouteId and TrainType: [d693a2c5-ef87-4a3c-bef8-600b43f62c68:ZhiDa]]\n"",""stream"":""stdout"",""time"":""2025-06-06T09:22:20.601503227Z""}"
2025-06-06T09:22:20.601032806Z,1674984140601032806,33.33.33.76,ts-basic-service-5dc8d4f9fd-46997,server,c6101a45a5873de4dafb0c47aedef0b4,06f8787908d0a3f2,"{""log"":""17:22:20.600 ERROR  f.m.s.BasicServiceImpl#415 TraceID: c6101a45a5873de4dafb0c47aedef0b4 SpanID: 06f8787908d0a3f2 [getRoutesByRouteIds][Get Route By Ids Failed]\n"",""stream"":""stdout"",""time"":""2025-06-06T09:22:20.601032806Z""}"
2025-06-06T09:22:20.578367617Z,1674984140578367617,33.33.33.76,ts-basic-service-5dc8d4f9fd-46997,server,c6101a45a5873de4dafb0c47aedef0b4,06f8787908d0a3f2,"{""log"":""17:22:20.577 INFO  f.m.s.BasicServiceImpl#405 TraceID: c6101a45a5873de4dafb0c47aedef0b4 SpanID: 06f8787908d0a3f2 [getRoutesByRouteIds][Get Route By Ids][Route IDs: [d693a2c5-ef87-4a3c-bef8-600b43f62c68, 1367db1f-461e-4ab7-87ad-2bcc05fd9cb7, 9fc9c261-3263-4bfa-82f8-bb44e06b2f52, 20eb7122-3a11-423f-b10a-be0dc5bce7db, 0b23bd3e-876a-4af3-b920-c50a90c90b04]]\n"",""stream"":""stdout"",""time"":""2025-06-06T09:22:20.578367617Z""}"
2025-06-06T09:22:20.34537053Z,1674984140345370530,33.33.33.76,ts-basic-service-5dc8d4f9fd-46997,server,c6101a45a5873de4dafb0c47aedef0b4,06f8787908d0a3f2,"{""log"":""17:22:20.345 INFO  f.m.s.BasicServiceImpl#374 TraceID: c6101a45a5873de4dafb0c47aedef0b4 SpanID: 06f8787908d0a3f2 [queryTrainTypeByNames][Query Train Type][Train Type names: [TeKuai, ZhiDa, KuaiSu]]\n"",""stream"":""stdout"",""time"":""2025-06-06T09:22:20.34537053Z""}"
2025-06-06T09:22:20.339231185Z,1674984140339231185,33.33.33.76,ts-basic-service-5dc8d4f9fd-46997,server,c6101a45a5873de4dafb0c47aedef0b4,06f8787908d0a3f2,"{""log"":""17:22:20.338 INFO  f.m.s.BasicServiceImpl#343 TraceID: c6101a45a5873de4dafb0c47aedef0b4 SpanID: 06f8787908d0a3f2 [checkStationsExists][Check Stations Exists][stationNames: [nanjing, shanghai]]\n"",""stream"":""stdout"",""time"":""2025-06-06T09:22:20.339231185Z""}"
2025-06-06T09:22:20.339169571Z,1674984140339169571,33.33.33.76,ts-basic-service-5dc8d4f9fd-46997,server,c6101a45a5873de4dafb0c47aedef0b4,06f8787908d0a3f2,"{""log"":""17:22:20.338 INFO  f.m.c.BasicController#45 TraceID: c6101a45a5873de4dafb0c47aedef0b4 SpanID: 06f8787908d0a3f2 [queryForTravels][Query for travels][Travels: [Travel(trip=Trip(id=8a533bf9-bd12-4608-a8eb-606890982448, tripId=Z1234, trainTypeName=ZhiDa, routeId=0b23bd3e-876a-4af3-b920-c50a90c90b04, startStationName=shanghai, stationsName=nanjing, terminalStationName=beijing, startTime=2013-05-04 09:51:52, endTime=2013-05-04 15:51:52), startPlace=nanjing, endPlace=shanghai, departureTime=2023-01-29 15:38:06), Travel(trip=Trip(id=5c63588e-ad31-4ded-98ac-f4a1a78a36b2, tripId=Z1235, trainTypeName=ZhiDa, routeId=9fc9c261-3263-4bfa-82f8-bb44e06b2f52, startStationName=shanghai, stationsName=nanjing, terminalStationName=beijing, startTime=2013-05-04 11:31:52, endTime=2013-05-04 17:51:52), startPlace=nanjing, endPlace=shanghai, departureTime=2023-01-29 15:38:06), Travel(trip=Trip(id=e1367946-9ecd-4ee6-acbf-8b705e8df59d, tripId=Z1236, trainTypeName=ZhiDa, routeId=d693a2c5-ef87-4a3c-bef8-600b43f62c68, startStationName=shanghai, stationsName=nanjing, terminalStationName=beijing, startTime=2013-05-04 7:05:52, endTime=2013-05-04 12:51:52), startPlace=nanjing, endPlace=shanghai, departureTime=2023-01-29 15:38:06), Travel(trip=Trip(id=502d2768-8480-47fc-91fd-f647267dfac6, tripId=T1235, trainTypeName=TeKuai, routeId=20eb7122-3a11-423f-b10a-be0dc5bce7db, startStationName=shanghai, stationsName=nanjing, terminalStationName=beijing, startTime=2013-05-04 08:31:52, endTime=2013-05-04 17:21:52), startPlace=nanjing, endPlace=shanghai, departureTime=2023-01-29 15:38:06), Travel(trip=Trip(id=a3c9545b-1889-4ea1-9015-b9af1896bc01, tripId=K1345, trainTypeName=KuaiSu, routeId=1367db1f-461e-4ab7-87ad-2bcc05fd9cb7, startStationName=shanghai, stationsName=nanjing, terminalStationName=beijing, startTime=2013-05-04 07:51:52, endTime=2013-05-04 19:59:52), startPlace=nanjing, endPlace=shanghai, departureTime=2023-01-29 15:38:06)]]\n"",""stream"":""stdout"",""time"":""2025-06-06T09:22:20.339169571Z""}"
2025-06-06T09:22:36.662132146Z,1674984156662132146,33.33.33.167,ts-travel2-service-5c66d57d58-6mp2b,server,8a7860d232b99124b5fa1f6edbec8787,8ee0c485e458c719,"{""log"":""17:22:36.661 INFO  t.s.TravelServiceImpl#372 TraceID: 8a7860d232b99124b5fa1f6edbec8787 SpanID: 8ee0c485e458c719 [getTickets][Calculate distance][calculate time：175  time: Sat May 04 12:46:52 CST 2013]\n"",""stream"":""stdout"",""time"":""2025-06-06T09:22:36.662132146Z""}"
2025-06-06T09:22:36.66198038Z,1674984156661980380,33.33.33.167,ts-travel2-service-5c66d57d58-6mp2b,server,8a7860d232b99124b5fa1f6edbec8787,8ee0c485e458c719,"{""log"":""17:22:36.661 INFO  t.s.TravelServiceImpl#366 TraceID: 8a7860d232b99124b5fa1f6edbec8787 SpanID: 8ee0c485e458c719 [getTickets][Calculate distance][calculate time：0  time: Sat May 04 09:51:52 CST 2013]\n"",""stream"":""stdout"",""time"":""2025-06-06T09:22:36.66198038Z""}"
2025-06-06T09:22:36.661755657Z,1674984156661755657,33.33.33.167,ts-travel2-service-5c66d57d58-6mp2b,server,8a7860d232b99124b5fa1f6edbec8787,8ee0c485e458c719,"{""log"":""17:22:36.661 INFO  t.s.TravelServiceImpl#469 TraceID: 8a7860d232b99124b5fa1f6edbec8787 SpanID: 8ee0c485e458c719 [getRestTicketNumber][Get Rest tickets num][num is: Response(status=1, msg=Get Left Ticket of Internal Success, data=1073741823)]\n"",""stream"":""stdout"",""time"":""2025-06-06T09:22:36.661755657Z""}"
2025-06-06T09:22:36.646326535Z,1674984156646326535,33.33.33.167,ts-travel2-service-5c66d57d58-6mp2b,server,8a7860d232b99124b5fa1f6edbec8787,8ee0c485e458c719,"{""log"":""17:22:36.646 INFO  t.s.TravelServiceImpl#459 TraceID: 8a7860d232b99124b5fa1f6edbec8787 SpanID: 8ee0c485e458c719 [getRestTicketNumber][Seat request][request: Seat(travelDate=2023-01-29 15:38:06, trainNumber=Z1234, startStation=shanghai, destStation=nanjing, seatType=3, totalNum=2147483647, stations=[shanghai, nanjing, shijiazhuang, taiyuan])]\n"",""stream"":""stdout"",""time"":""2025-06-06T09:22:36.646326535Z""}"
2025-06-06T09:22:36.646276786Z,1674984156646276786,33.33.33.167,ts-travel2-service-5c66d57d58-6mp2b,server,8a7860d232b99124b5fa1f6edbec8787,8ee0c485e458c719,"{""log"":""17:22:36.645 INFO  t.s.TravelServiceImpl#469 TraceID: 8a7860d232b99124b5fa1f6edbec8787 SpanID: 8ee0c485e458c719 [getRestTicketNumber][Get Rest tickets num][num is: Response(status=1, msg=Get Left Ticket of Internal Success, data=1073741823)]\n"",""stream"":""stdout"",""time"":""2025-06-06T09:22:36.646276786Z""}"
2025-06-06T09:22:36.618950319Z,1674984156618950319,33.33.33.167,ts-travel2-service-5c66d57d58-6mp2b,server,8a7860d232b99124b5fa1f6edbec8787,8ee0c485e458c719,"{""log"":""17:22:36.618 INFO  t.s.TravelServiceImpl#459 TraceID: 8a7860d232b99124b5fa1f6edbec8787 SpanID: 8ee0c485e458c719 [getRestTicketNumber][Seat request][request: Seat(travelDate=2023-01-29 15:38:06, trainNumber=Z1234, startStation=shanghai, destStation=nanjing, seatType=2, totalNum=2147483647, stations=[shanghai, nanjing, shijiazhuang, taiyuan])]\n"",""stream"":""stdout"",""time"":""2025-06-06T09:22:36.618950319Z""}"
2025-06-06T09:22:36.478259466Z,1674984156478259466,33.33.33.167,ts-travel2-service-5c66d57d58-6mp2b,server,8a7860d232b99124b5fa1f6edbec8787,8ee0c485e458c719,"{""log"":""17:22:36.477 INFO  t.s.TravelServiceImpl#260 TraceID: 8a7860d232b99124b5fa1f6edbec8787 SpanID: 8ee0c485e458c719 [getTicketsByBatch][before get basic][trips: [Trip(id=8a533bf9-bd12-4608-a8eb-606890982448, tripId=Z1234, trainTypeName=ZhiDa, routeId=0b23bd3e-876a-4af3-b920-c50a90c90b04, startStationName=shanghai, stationsName=nanjing, terminalStationName=beijing, startTime=2013-05-04 09:51:52, endTime=2013-05-04 15:51:52), Trip(id=5c63588e-ad31-4ded-98ac-f4a1a78a36b2, tripId=Z1235, trainTypeName=ZhiDa, routeId=9fc9c261-3263-4bfa-82f8-bb44e06b2f52, startStationName=shanghai, stationsName=nanjing, terminalStationName=beijing, startTime=2013-05-04 11:31:52, endTime=2013-05-04 17:51:52), Trip(id=e1367946-9ecd-4ee6-acbf-8b705e8df59d, tripId=Z1236, trainTypeName=ZhiDa, routeId=d693a2c5-ef87-4a3c-bef8-600b43f62c68, startStationName=shanghai, stationsName=nanjing, terminalStationName=beijing, startTime=2013-05-04 7:05:52, endTime=2013-05-04 12:51:52), Trip(id=502d2768-8480-47fc-91fd-f647267dfac6, tripId=T1235, trainTypeName=TeKuai, routeId=20eb7122-3a11-423f-b10a-be0dc5bce7db, startStationName=shanghai, stationsName=nanjing, terminalStationName=beijing, startTime=2013-05-04 08:31:52, endTime=2013-05-04 17:21:52), Trip(id=a3c9545b-1889-4ea1-9015-b9af1896bc01, tripId=K1345, trainTypeName=KuaiSu, routeId=1367db1f-461e-4ab7-87ad-2bcc05fd9cb7, startStationName=shanghai, stationsName=nanjing, terminalStationName=beijing, startTime=2013-05-04 07:51:52, endTime=2013-05-04 19:59:52)]]\n"",""stream"":""stdout"",""time"":""2025-06-06T09:22:36.478259466Z""}"
2025-06-06T09:22:36.471615636Z,1674984156471615636,33.33.33.167,ts-travel2-service-5c66d57d58-6mp2b,server,8a7860d232b99124b5fa1f6edbec8787,8ee0c485e458c719,"{""log"":""17:22:36.470 INFO  t.c.Travel2Controller#115 TraceID: 8a7860d232b99124b5fa1f6edbec8787 SpanID: 8ee0c485e458c719 [query][Query TripResponse]\n"",""stream"":""stdout"",""time"":""2025-06-06T09:22:36.471615636Z""}"
2025-06-06T09:22:36.533347053Z,1674984156533347053,33.33.33.79,ts-train-service-86f5f97bc9-dkqmf,server,8a7860d232b99124b5fa1f6edbec8787,1e7f1c2ff53e4ff2,"{""log"":""17:22:36.532 INFO  t.c.TrainController#72 TraceID: 8a7860d232b99124b5fa1f6edbec8787 SpanID: 1e7f1c2ff53e4ff2 [retrieveByNames][Retrieve train][TrainTypeNames: [TeKuai, ZhiDa, KuaiSu]]\n"",""stream"":""stdout"",""time"":""2025-06-06T09:22:36.533347053Z""}"
2025-06-06T09:22:36.501040834Z,1674984156501040834,33.33.33.76,ts-station-service-7f4f5f6f77-5qb6j,server,8a7860d232b99124b5fa1f6edbec8787,4c3b74f9bfd4e6a6,"{""log"":""17:22:36.500 INFO  f.m.c.StationController#71 TraceID: 8a7860d232b99124b5fa1f6edbec8787 SpanID: 4c3b74f9bfd4e6a6 [queryForIdBatch][Query stations for id batch][StationNameNumbers: 2]\n"",""stream"":""stdout"",""time"":""2025-06-06T09:22:36.501040834Z""}"
2025-06-06T09:22:36.659920173Z,1674984156659920173,33.33.33.82,ts-seat-service-5c95b49cff-tdsdz,server,8a7860d232b99124b5fa1f6edbec8787,5af908be29ed5f35,"{""log"":""17:22:36.659 INFO  s.s.SeatServiceImpl#217 TraceID: 8a7860d232b99124b5fa1f6edbec8787 SpanID: 5af908be29ed5f35 [getDirectProportion][Configs is : Config(name=DirectTicketAllocationProportion, value=0.5, description=Allocation Proportion Of The Direct Ticket - From Start To End)]\n"",""stream"":""stdout"",""time"":""2025-06-06T09:22:36.659920173Z""}"
2025-06-06T09:22:36.655279496Z,1674984156655279496,33.33.33.82,ts-seat-service-5c95b49cff-tdsdz,server,8a7860d232b99124b5fa1f6edbec8787,5af908be29ed5f35,"{""log"":""17:22:36.654 INFO  s.s.SeatServiceImpl#166 TraceID: 8a7860d232b99124b5fa1f6edbec8787 SpanID: 5af908be29ed5f35 [getLeftTicketOfInterval][Get Order tickets result][result is \u003c200,Response(status=0, msg=Seat is Null., data=null),[vary:\""Origin,Access-Control-Request-Method,Access-Control-Request-Headers\"", x-content-type-options:\""nosniff\"", x-xss-protection:\""1; mode=block\"", cache-control:\""no-cache, no-store, max-age=0, must-revalidate\"", pragma:\""no-cache\"", expires:\""0\"", x-frame-options:\""DENY\"", content-type:\""application/json\"", date:\""Sun, 29 Jan 2023 09:22:36 GMT\"", x-envoy-upstream-service-time:\""2\"", server:\""envoy\"", transfer-encoding:\""chunked\""]\u003e]\n"",""stream"":""stdout"",""time"":""2025-06-06T09:22:36.655279496Z""}"
2025-06-06T09:22:36.650312582Z,1674984156650312582,33.33.33.82,ts-seat-service-5c95b49cff-tdsdz,server,8a7860d232b99124b5fa1f6edbec8787,5af908be29ed5f35,"{""log"":""17:22:36.649 INFO  s.s.SeatServiceImpl#154 TraceID: 8a7860d232b99124b5fa1f6edbec8787 SpanID: 5af908be29ed5f35 [getLeftTicketOfInterval][TrainNumber start with other capital][trainNumber:Z1234]\n"",""stream"":""stdout"",""time"":""2025-06-06T09:22:36.650312582Z""}"
2025-06-06T09:22:36.649896053Z,1674984156649896053,33.33.33.82,ts-seat-service-5c95b49cff-tdsdz,server,8a7860d232b99124b5fa1f6edbec8787,5af908be29ed5f35,"{""log"":""17:22:36.649 INFO  s.s.SeatServiceImpl#137 TraceID: 8a7860d232b99124b5fa1f6edbec8787 SpanID: 5af908be29ed5f35 [getLeftTicketOfInterval][Seat request][request:Seat(travelDate=2023-01-29 15:38:06, trainNumber=Z1234, startStation=shanghai, destStation=nanjing, seatType=3, totalNum=2147483647, stations=[shanghai, nanjing, shijiazhuang, taiyuan])]\n"",""stream"":""stdout"",""time"":""2025-06-06T09:22:36.649896053Z""}"
2025-06-06T09:22:36.649583908Z,1674984156649583908,33.33.33.82,ts-seat-service-5c95b49cff-tdsdz,server,8a7860d232b99124b5fa1f6edbec8787,5af908be29ed5f35,"{""log"":""17:22:36.648 INFO  s.c.SeatController#57 TraceID: 8a7860d232b99124b5fa1f6edbec8787 SpanID: 5af908be29ed5f35 [getLeftTicketOfInterval][Get left ticket of interval][TravelDate: 2023-01-29 15:38:06,TrainNumber: Z1234,SeatType: 3]\n"",""stream"":""stdout"",""time"":""2025-06-06T09:22:36.649583908Z""}"
2025-06-06T09:22:36.644184929Z,1674984156644184929,33.33.33.82,ts-seat-service-5c95b49cff-tdsdz,server,8a7860d232b99124b5fa1f6edbec8787,b791ee79ad08b3b1,"{""log"":""17:22:36.643 INFO  s.s.SeatServiceImpl#217 TraceID: 8a7860d232b99124b5fa1f6edbec8787 SpanID: b791ee79ad08b3b1 [getDirectProportion][Configs is : Config(name=DirectTicketAllocationProportion, value=0.5, description=Allocation Proportion Of The Direct Ticket - From Start To End)]\n"",""stream"":""stdout"",""time"":""2025-06-06T09:22:36.644184929Z""}"
2025-06-06T09:22:36.636640311Z,1674984156636640311,33.33.33.82,ts-seat-service-5c95b49cff-tdsdz,server,8a7860d232b99124b5fa1f6edbec8787,b791ee79ad08b3b1,"{""log"":""17:22:36.635 INFO  s.s.SeatServiceImpl#166 TraceID: 8a7860d232b99124b5fa1f6edbec8787 SpanID: b791ee79ad08b3b1 [getLeftTicketOfInterval][Get Order tickets result][result is \u003c200,Response(status=0, msg=Seat is Null., data=null),[vary:\""Origin,Access-Control-Request-Method,Access-Control-Request-Headers\"", x-content-type-options:\""nosniff\"", x-xss-protection:\""1; mode=block\"", cache-control:\""no-cache, no-store, max-age=0, must-revalidate\"", pragma:\""no-cache\"", expires:\""0\"", x-frame-options:\""DENY\"", content-type:\""application/json\"", date:\""Sun, 29 Jan 2023 09:22:36 GMT\"", x-envoy-upstream-service-time:\""5\"", server:\""envoy\"", transfer-encoding:\""chunked\""]\u003e]\n"",""stream"":""stdout"",""time"":""2025-06-06T09:22:36.636640311Z""}"
2025-06-06T09:22:36.626523558Z,1674984156626523558,33.33.33.82,ts-seat-service-5c95b49cff-tdsdz,server,8a7860d232b99124b5fa1f6edbec8787,b791ee79ad08b3b1,"{""log"":""17:22:36.626 INFO  s.s.SeatServiceImpl#154 TraceID: 8a7860d232b99124b5fa1f6edbec8787 SpanID: b791ee79ad08b3b1 [getLeftTicketOfInterval][TrainNumber start with other capital][trainNumber:Z1234]\n"",""stream"":""stdout"",""time"":""2025-06-06T09:22:36.626523558Z""}"
2025-06-06T09:22:36.626199184Z,1674984156626199184,33.33.33.82,ts-seat-service-5c95b49cff-tdsdz,server,8a7860d232b99124b5fa1f6edbec8787,b791ee79ad08b3b1,"{""log"":""17:22:36.625 INFO  s.s.SeatServiceImpl#137 TraceID: 8a7860d232b99124b5fa1f6edbec8787 SpanID: b791ee79ad08b3b1 [getLeftTicketOfInterval][Seat request][request:Seat(travelDate=2023-01-29 15:38:06, trainNumber=Z1234, startStation=shanghai, destStation=nanjing, seatType=2, totalNum=2147483647, stations=[shanghai, nanjing, shijiazhuang, taiyuan])]\n"",""stream"":""stdout"",""time"":""2025-06-06T09:22:36.626199184Z""}"
2025-06-06T09:22:36.625659276Z,1674984156625659276,33.33.33.82,ts-seat-service-5c95b49cff-tdsdz,server,8a7860d232b99124b5fa1f6edbec8787,b791ee79ad08b3b1,"{""log"":""17:22:36.624 INFO  s.c.SeatController#57 TraceID: 8a7860d232b99124b5fa1f6edbec8787 SpanID: b791ee79ad08b3b1 [getLeftTicketOfInterval][Get left ticket of interval][TravelDate: 2023-01-29 15:38:06,TrainNumber: Z1234,SeatType: 2]\n"",""stream"":""stdout"",""time"":""2025-06-06T09:22:36.625659276Z""}"
2025-06-06T09:22:36.577211409Z,1674984156577211409,33.33.33.80,ts-route-service-b6c59fb57-zv8dt,server,8a7860d232b99124b5fa1f6edbec8787,ca682f0dbacca955,"{""log"":""17:22:36.575 INFO  r.c.RouteController#53 TraceID: 8a7860d232b99124b5fa1f6edbec8787 SpanID: ca682f0dbacca955 [getRouteById][Query route by id][RouteId: [d693a2c5-ef87-4a3c-bef8-600b43f62c68, 1367db1f-461e-4ab7-87ad-2bcc05fd9cb7, 9fc9c261-3263-4bfa-82f8-bb44e06b2f52, 20eb7122-3a11-423f-b10a-be0dc5bce7db, 0b23bd3e-876a-4af3-b920-c50a90c90b04]]\n"",""stream"":""stdout"",""time"":""2025-06-06T09:22:36.577211409Z""}"
2025-06-06T09:22:36.602435336Z,1674984156602435336,33.33.33.79,ts-price-service-76846864d9-g465z,server,8a7860d232b99124b5fa1f6edbec8787,3cfd3dbee2629991,"{""log"":""17:22:36.601 INFO  p.c.PriceController#46 TraceID: 8a7860d232b99124b5fa1f6edbec8787 SpanID: 3cfd3dbee2629991 [findByRouteIdAndTrainType][Query price][routeId and Train Type: [0b23bd3e-876a-4af3-b920-c50a90c90b04:ZhiDa]]\n"",""stream"":""stdout"",""time"":""2025-06-06T09:22:36.602435336Z""}"
2025-06-06T09:22:36.653269075Z,1674984156653269075,33.33.33.155,ts-order-other-service-6cdbf9b4cc-h7mqk,server,8a7860d232b99124b5fa1f6edbec8787,6b356b70dae3b74d,"{""log"":""17:22:36.653 WARN  o.s.OrderOtherServiceImpl#72 TraceID: 8a7860d232b99124b5fa1f6edbec8787 SpanID: 6b356b70dae3b74d [getSoldTickets][Seat][No content][seat from date: 2023-01-29 15:38:06, train number: Z1234\n"",""stream"":""stdout"",""time"":""2025-06-06T09:22:36.653269075Z""}"
2025-06-06T09:22:36.65231272Z,1674984156652312720,33.33.33.155,ts-order-other-service-6cdbf9b4cc-h7mqk,server,8a7860d232b99124b5fa1f6edbec8787,6b356b70dae3b74d,"{""log"":""17:22:36.652 INFO  o.c.OrderOtherController#42 TraceID: 8a7860d232b99124b5fa1f6edbec8787 SpanID: 6b356b70dae3b74d [getSoldTickets][Get Sold Ticket][Travel Date: 2023-01-29 15:38:06]\n"",""stream"":""stdout"",""time"":""2025-06-06T09:22:36.65231272Z""}"
2025-06-06T09:22:36.634085047Z,1674984156634085047,33.33.33.155,ts-order-other-service-6cdbf9b4cc-h7mqk,server,8a7860d232b99124b5fa1f6edbec8787,ab5a3c114f7e0d13,"{""log"":""17:22:36.633 WARN  o.s.OrderOtherServiceImpl#72 TraceID: 8a7860d232b99124b5fa1f6edbec8787 SpanID: ab5a3c114f7e0d13 [getSoldTickets][Seat][No content][seat from date: 2023-01-29 15:38:06, train number: Z1234\n"",""stream"":""stdout"",""time"":""2025-06-06T09:22:36.634085047Z""}"
2025-06-06T09:22:36.63249012Z,1674984156632490120,33.33.33.155,ts-order-other-service-6cdbf9b4cc-h7mqk,server,8a7860d232b99124b5fa1f6edbec8787,ab5a3c114f7e0d13,"{""log"":""17:22:36.631 INFO  o.c.OrderOtherController#42 TraceID: 8a7860d232b99124b5fa1f6edbec8787 SpanID: ab5a3c114f7e0d13 [getSoldTickets][Get Sold Ticket][Travel Date: 2023-01-29 15:38:06]\n"",""stream"":""stdout"",""time"":""2025-06-06T09:22:36.63249012Z""}"
2025-06-06T09:22:36.658145638Z,1674984156658145638,33.33.33.115,ts-config-service-5fcd447d84-wxwjd,server,8a7860d232b99124b5fa1f6edbec8787,1bc00a144917d489,"{""log"":""17:22:36.657 INFO  c.s.ConfigServiceImpl#65 TraceID: 8a7860d232b99124b5fa1f6edbec8787 SpanID: 1bc00a144917d489 [query][Query config success][config name: DirectTicketAllocationProportion]\n"",""stream"":""stdout"",""time"":""2025-06-06T09:22:36.658145638Z""}"
2025-06-06T09:22:36.657274052Z,1674984156657274052,33.33.33.115,ts-config-service-5fcd447d84-wxwjd,server,8a7860d232b99124b5fa1f6edbec8787,1bc00a144917d489,"{""log"":""17:22:36.656 INFO  c.c.ConfigController#67 TraceID: 8a7860d232b99124b5fa1f6edbec8787 SpanID: 1bc00a144917d489 [retrieve][Retrieve config][configName: DirectTicketAllocationProportion]\n"",""stream"":""stdout"",""time"":""2025-06-06T09:22:36.657274052Z""}"
2025-06-06T09:22:36.64190408Z,1674984156641904080,33.33.33.115,ts-config-service-5fcd447d84-wxwjd,server,8a7860d232b99124b5fa1f6edbec8787,97bdab40739fd2dd,"{""log"":""17:22:36.641 INFO  c.s.ConfigServiceImpl#65 TraceID: 8a7860d232b99124b5fa1f6edbec8787 SpanID: 97bdab40739fd2dd [query][Query config success][config name: DirectTicketAllocationProportion]\n"",""stream"":""stdout"",""time"":""2025-06-06T09:22:36.64190408Z""}"
2025-06-06T09:22:36.64063077Z,1674984156640630770,33.33.33.115,ts-config-service-5fcd447d84-wxwjd,server,8a7860d232b99124b5fa1f6edbec8787,97bdab40739fd2dd,"{""log"":""17:22:36.640 INFO  c.c.ConfigController#67 TraceID: 8a7860d232b99124b5fa1f6edbec8787 SpanID: 97bdab40739fd2dd [retrieve][Retrieve config][configName: DirectTicketAllocationProportion]\n"",""stream"":""stdout"",""time"":""2025-06-06T09:22:36.64063077Z""}"
2025-06-06T09:22:36.611952501Z,1674984156611952501,33.33.33.76,ts-basic-service-5dc8d4f9fd-46997,server,8a7860d232b99124b5fa1f6edbec8787,affac98a0bc5314c,"{""log"":""17:22:36.611 INFO  f.m.s.BasicServiceImpl#320 TraceID: 8a7860d232b99124b5fa1f6edbec8787 SpanID: affac98a0bc5314c [queryForTravels][all done][result map: {Z1234=TravelResult(status=true, percent=1.0, trainType=TrainType(id=e24bb484-516a-4aad-b37f-517e7139e913, name=ZhiDa, economyClass=2147483647, confortClass=2147483647, averageSpeed=120), route=Route(id=0b23bd3e-876a-4af3-b920-c50a90c90b04, stations=[shanghai, nanjing, shijiazhuang, taiyuan], distances=[0, 350, 1000, 1300], startStation=shanghai, endStation=taiyuan), prices={confortClass=350.0, economyClass=122.49999999999999})}]\n"",""stream"":""stdout"",""time"":""2025-06-06T09:22:36.611952501Z""}"
2025-06-06T09:22:36.611701547Z,1674984156611701547,33.33.33.76,ts-basic-service-5dc8d4f9fd-46997,server,8a7860d232b99124b5fa1f6edbec8787,affac98a0bc5314c,"{""log"":""17:22:36.611 INFO  f.m.s.BasicServiceImpl#481 TraceID: 8a7860d232b99124b5fa1f6edbec8787 SpanID: affac98a0bc5314c [queryPriceConfigByRouteIdsAndTrainTypes][Get Price Config by routeId and trainType][Success][priceConfigs: {0b23bd3e-876a-4af3-b920-c50a90c90b04:ZhiDa={id=b90a6ad7-ffad-4624-9655-48e9e185fa6c, trainType=ZhiDa, routeId=0b23bd3e-876a-4af3-b920-c50a90c90b04, basicPriceRate=0.35, firstClassPriceRate=1.0}}]\n"",""stream"":""stdout"",""time"":""2025-06-06T09:22:36.611701547Z""}"
2025-06-06T09:22:36.596145063Z,1674984156596145063,33.33.33.76,ts-basic-service-5dc8d4f9fd-46997,server,8a7860d232b99124b5fa1f6edbec8787,affac98a0bc5314c,"{""log"":""17:22:36.595 INFO  f.m.s.BasicServiceImpl#459 TraceID: 8a7860d232b99124b5fa1f6edbec8787 SpanID: affac98a0bc5314c [queryPriceConfigByRouteIdsAndTrainTypes][Query For Price Config][RouteId and TrainType: [0b23bd3e-876a-4af3-b920-c50a90c90b04:ZhiDa]]\n"",""stream"":""stdout"",""time"":""2025-06-06T09:22:36.596145063Z""}"
2025-06-06T09:22:36.595505093Z,1674984156595505093,33.33.33.76,ts-basic-service-5dc8d4f9fd-46997,server,8a7860d232b99124b5fa1f6edbec8787,affac98a0bc5314c,"{""log"":""17:22:36.594 ERROR  f.m.s.BasicServiceImpl#415 TraceID: 8a7860d232b99124b5fa1f6edbec8787 SpanID: affac98a0bc5314c [getRoutesByRouteIds][Get Route By Ids Failed]\n"",""stream"":""stdout"",""time"":""2025-06-06T09:22:36.595505093Z""}"
2025-06-06T09:22:36.540210286Z,1674984156540210286,33.33.33.76,ts-basic-service-5dc8d4f9fd-46997,server,8a7860d232b99124b5fa1f6edbec8787,affac98a0bc5314c,"{""log"":""17:22:36.539 INFO  f.m.s.BasicServiceImpl#405 TraceID: 8a7860d232b99124b5fa1f6edbec8787 SpanID: affac98a0bc5314c [getRoutesByRouteIds][Get Route By Ids][Route IDs: [d693a2c5-ef87-4a3c-bef8-600b43f62c68, 1367db1f-461e-4ab7-87ad-2bcc05fd9cb7, 9fc9c261-3263-4bfa-82f8-bb44e06b2f52, 20eb7122-3a11-423f-b10a-be0dc5bce7db, 0b23bd3e-876a-4af3-b920-c50a90c90b04]]\n"",""stream"":""stdout"",""time"":""2025-06-06T09:22:36.540210286Z""}"
2025-06-06T09:22:36.512219429Z,1674984156512219429,33.33.33.76,ts-basic-service-5dc8d4f9fd-46997,server,8a7860d232b99124b5fa1f6edbec8787,affac98a0bc5314c,"{""log"":""17:22:36.511 INFO  f.m.s.BasicServiceImpl#374 TraceID: 8a7860d232b99124b5fa1f6edbec8787 SpanID: affac98a0bc5314c [queryTrainTypeByNames][Query Train Type][Train Type names: [TeKuai, ZhiDa, KuaiSu]]\n"",""stream"":""stdout"",""time"":""2025-06-06T09:22:36.512219429Z""}"
2025-06-06T09:22:36.495911218Z,1674984156495911218,33.33.33.76,ts-basic-service-5dc8d4f9fd-46997,server,8a7860d232b99124b5fa1f6edbec8787,affac98a0bc5314c,"{""log"":""17:22:36.495 INFO  f.m.s.BasicServiceImpl#343 TraceID: 8a7860d232b99124b5fa1f6edbec8787 SpanID: affac98a0bc5314c [checkStationsExists][Check Stations Exists][stationNames: [nanjing, shanghai]]\n"",""stream"":""stdout"",""time"":""2025-06-06T09:22:36.495911218Z""}"
2025-06-06T09:22:36.495567964Z,1674984156495567964,33.33.33.76,ts-basic-service-5dc8d4f9fd-46997,server,8a7860d232b99124b5fa1f6edbec8787,affac98a0bc5314c,"{""log"":""17:22:36.494 INFO  f.m.c.BasicController#45 TraceID: 8a7860d232b99124b5fa1f6edbec8787 SpanID: affac98a0bc5314c [queryForTravels][Query for travels][Travels: [Travel(trip=Trip(id=8a533bf9-bd12-4608-a8eb-606890982448, tripId=Z1234, trainTypeName=ZhiDa, routeId=0b23bd3e-876a-4af3-b920-c50a90c90b04, startStationName=shanghai, stationsName=nanjing, terminalStationName=beijing, startTime=2013-05-04 09:51:52, endTime=2013-05-04 15:51:52), startPlace=shanghai, endPlace=nanjing, departureTime=2023-01-29 15:38:06), Travel(trip=Trip(id=5c63588e-ad31-4ded-98ac-f4a1a78a36b2, tripId=Z1235, trainTypeName=ZhiDa, routeId=9fc9c261-3263-4bfa-82f8-bb44e06b2f52, startStationName=shanghai, stationsName=nanjing, terminalStationName=beijing, startTime=2013-05-04 11:31:52, endTime=2013-05-04 17:51:52), startPlace=shanghai, endPlace=nanjing, departureTime=2023-01-29 15:38:06), Travel(trip=Trip(id=e1367946-9ecd-4ee6-acbf-8b705e8df59d, tripId=Z1236, trainTypeName=ZhiDa, routeId=d693a2c5-ef87-4a3c-bef8-600b43f62c68, startStationName=shanghai, stationsName=nanjing, terminalStationName=beijing, startTime=2013-05-04 7:05:52, endTime=2013-05-04 12:51:52), startPlace=shanghai, endPlace=nanjing, departureTime=2023-01-29 15:38:06), Travel(trip=Trip(id=502d2768-8480-47fc-91fd-f647267dfac6, tripId=T1235, trainTypeName=TeKuai, routeId=20eb7122-3a11-423f-b10a-be0dc5bce7db, startStationName=shanghai, stationsName=nanjing, terminalStationName=beijing, startTime=2013-05-04 08:31:52, endTime=2013-05-04 17:21:52), startPlace=shanghai, endPlace=nanjing, departureTime=2023-01-29 15:38:06), Travel(trip=Trip(id=a3c9545b-1889-4ea1-9015-b9af1896bc01, tripId=K1345, trainTypeName=KuaiSu, routeId=1367db1f-461e-4ab7-87ad-2bcc05fd9cb7, startStationName=shanghai, stationsName=nanjing, terminalStationName=beijing, startTime=2013-05-04 07:51:52, endTime=2013-05-04 19:59:52), startPlace=shanghai, endPlace=nanjing, departureTime=2023-01-29 15:38:06)]]\n"",""stream"":""stdout"",""time"":""2025-06-06T09:22:36.495567964Z""}"
2025-06-06T09:22:27.367049539Z,1674984147367049539,33.33.33.167,ts-travel2-service-5c66d57d58-6mp2b,server,c3d2b87e80edaf5dae8d5a7a20bcaa84,77967e89891ff19e,"{""log"":""17:22:27.366 INFO  t.s.TravelServiceImpl#372 TraceID: c3d2b87e80edaf5dae8d5a7a20bcaa84 SpanID: 77967e89891ff19e [getTickets][Calculate distance][calculate time：650  time: Sat May 04 17:55:52 CST 2013]\n"",""stream"":""stdout"",""time"":""2025-06-06T09:22:27.367049539Z""}"
2025-06-06T09:22:27.366895488Z,1674984147366895488,33.33.33.167,ts-travel2-service-5c66d57d58-6mp2b,server,c3d2b87e80edaf5dae8d5a7a20bcaa84,77967e89891ff19e,"{""log"":""17:22:27.366 INFO  t.s.TravelServiceImpl#366 TraceID: c3d2b87e80edaf5dae8d5a7a20bcaa84 SpanID: 77967e89891ff19e [getTickets][Calculate distance][calculate time：475  time: Sat May 04 15:00:52 CST 2013]\n"",""stream"":""stdout"",""time"":""2025-06-06T09:22:27.366895488Z""}"
2025-06-06T09:22:27.366723393Z,1674984147366723393,33.33.33.167,ts-travel2-service-5c66d57d58-6mp2b,server,c3d2b87e80edaf5dae8d5a7a20bcaa84,77967e89891ff19e,"{""log"":""17:22:27.366 INFO  t.s.TravelServiceImpl#469 TraceID: c3d2b87e80edaf5dae8d5a7a20bcaa84 SpanID: 77967e89891ff19e [getRestTicketNumber][Get Rest tickets num][num is: Response(status=1, msg=Get Left Ticket of Internal Success, data=1073741823)]\n"",""stream"":""stdout"",""time"":""2025-06-06T09:22:27.366723393Z""}"
2025-06-06T09:22:27.125061575Z,1674984147125061575,33.33.33.167,ts-travel2-service-5c66d57d58-6mp2b,server,c3d2b87e80edaf5dae8d5a7a20bcaa84,77967e89891ff19e,"{""log"":""17:22:27.124 INFO  t.s.TravelServiceImpl#459 TraceID: c3d2b87e80edaf5dae8d5a7a20bcaa84 SpanID: 77967e89891ff19e [getRestTicketNumber][Seat request][request: Seat(travelDate=2023-01-29 15:38:06, trainNumber=Z1236, startStation=nanjing, destStation=shanghai, seatType=3, totalNum=2147483647, stations=[taiyuan, shijiazhuang, nanjing, shanghai])]\n"",""stream"":""stdout"",""time"":""2025-06-06T09:22:27.125061575Z""}"
2025-06-06T09:22:27.124918481Z,1674984147124918481,33.33.33.167,ts-travel2-service-5c66d57d58-6mp2b,server,c3d2b87e80edaf5dae8d5a7a20bcaa84,77967e89891ff19e,"{""log"":""17:22:27.124 INFO  t.s.TravelServiceImpl#469 TraceID: c3d2b87e80edaf5dae8d5a7a20bcaa84 SpanID: 77967e89891ff19e [getRestTicketNumber][Get Rest tickets num][num is: Response(status=1, msg=Get Left Ticket of Internal Success, data=1073741823)]\n"",""stream"":""stdout"",""time"":""2025-06-06T09:22:27.124918481Z""}"
2025-06-06T09:22:27.059315762Z,1674984147059315762,33.33.33.167,ts-travel2-service-5c66d57d58-6mp2b,server,c3d2b87e80edaf5dae8d5a7a20bcaa84,77967e89891ff19e,"{""log"":""17:22:27.058 INFO  t.s.TravelServiceImpl#459 TraceID: c3d2b87e80edaf5dae8d5a7a20bcaa84 SpanID: 77967e89891ff19e [getRestTicketNumber][Seat request][request: Seat(travelDate=2023-01-29 15:38:06, trainNumber=Z1236, startStation=nanjing, destStation=shanghai, seatType=2, totalNum=2147483647, stations=[taiyuan, shijiazhuang, nanjing, shanghai])]\n"",""stream"":""stdout"",""time"":""2025-06-06T09:22:27.059315762Z""}"
2025-06-06T09:22:26.942128165Z,1674984146942128165,33.33.33.167,ts-travel2-service-5c66d57d58-6mp2b,server,c3d2b87e80edaf5dae8d5a7a20bcaa84,77967e89891ff19e,"{""log"":""17:22:26.941 INFO  t.s.TravelServiceImpl#260 TraceID: c3d2b87e80edaf5dae8d5a7a20bcaa84 SpanID: 77967e89891ff19e [getTicketsByBatch][before get basic][trips: [Trip(id=8a533bf9-bd12-4608-a8eb-606890982448, tripId=Z1234, trainTypeName=ZhiDa, routeId=0b23bd3e-876a-4af3-b920-c50a90c90b04, startStationName=shanghai, stationsName=nanjing, terminalStationName=beijing, startTime=2013-05-04 09:51:52, endTime=2013-05-04 15:51:52), Trip(id=5c63588e-ad31-4ded-98ac-f4a1a78a36b2, tripId=Z1235, trainTypeName=ZhiDa, routeId=9fc9c261-3263-4bfa-82f8-bb44e06b2f52, startStationName=shanghai, stationsName=nanjing, terminalStationName=beijing, startTime=2013-05-04 11:31:52, endTime=2013-05-04 17:51:52), Trip(id=e1367946-9ecd-4ee6-acbf-8b705e8df59d, tripId=Z1236, trainTypeName=ZhiDa, routeId=d693a2c5-ef87-4a3c-bef8-600b43f62c68, startStationName=shanghai, stationsName=nanjing, terminalStationName=beijing, startTime=2013-05-04 7:05:52, endTime=2013-05-04 12:51:52), Trip(id=502d2768-8480-47fc-91fd-f647267dfac6, tripId=T1235, trainTypeName=TeKuai, routeId=20eb7122-3a11-423f-b10a-be0dc5bce7db, startStationName=shanghai, stationsName=nanjing, terminalStationName=beijing, startTime=2013-05-04 08:31:52, endTime=2013-05-04 17:21:52), Trip(id=a3c9545b-1889-4ea1-9015-b9af1896bc01, tripId=K1345, trainTypeName=KuaiSu, routeId=1367db1f-461e-4ab7-87ad-2bcc05fd9cb7, startStationName=shanghai, stationsName=nanjing, terminalStationName=beijing, startTime=2013-05-04 07:51:52, endTime=2013-05-04 19:59:52)]]\n"",""stream"":""stdout"",""time"":""2025-06-06T09:22:26.942128165Z""}"
2025-06-06T09:22:26.938321347Z,1674984146938321347,33.33.33.167,ts-travel2-service-5c66d57d58-6mp2b,server,c3d2b87e80edaf5dae8d5a7a20bcaa84,77967e89891ff19e,"{""log"":""17:22:26.937 INFO  t.c.Travel2Controller#115 TraceID: c3d2b87e80edaf5dae8d5a7a20bcaa84 SpanID: 77967e89891ff19e [query][Query TripResponse]\n"",""stream"":""stdout"",""time"":""2025-06-06T09:22:26.938321347Z""}"
2025-06-06T09:22:26.992988254Z,1674984146992988254,33.33.33.79,ts-train-service-86f5f97bc9-dkqmf,server,c3d2b87e80edaf5dae8d5a7a20bcaa84,de410fa059cf7542,"{""log"":""17:22:26.992 INFO  t.c.TrainController#72 TraceID: c3d2b87e80edaf5dae8d5a7a20bcaa84 SpanID: de410fa059cf7542 [retrieveByNames][Retrieve train][TrainTypeNames: [TeKuai, ZhiDa, KuaiSu]]\n"",""stream"":""stdout"",""time"":""2025-06-06T09:22:26.992988254Z""}"
2025-06-06T09:22:26.956788791Z,1674984146956788791,33.33.33.76,ts-station-service-7f4f5f6f77-5qb6j,server,c3d2b87e80edaf5dae8d5a7a20bcaa84,63307b7af28fedfd,"{""log"":""17:22:26.956 INFO  f.m.c.StationController#71 TraceID: c3d2b87e80edaf5dae8d5a7a20bcaa84 SpanID: 63307b7af28fedfd [queryForIdBatch][Query stations for id batch][StationNameNumbers: 2]\n"",""stream"":""stdout"",""time"":""2025-06-06T09:22:26.956788791Z""}"
2025-06-06T09:22:27.364218165Z,1674984147364218165,33.33.33.82,ts-seat-service-5c95b49cff-tdsdz,server,c3d2b87e80edaf5dae8d5a7a20bcaa84,7f6c11df3e9d3187,"{""log"":""17:22:27.363 INFO  s.s.SeatServiceImpl#217 TraceID: c3d2b87e80edaf5dae8d5a7a20bcaa84 SpanID: 7f6c11df3e9d3187 [getDirectProportion][Configs is : Config(name=DirectTicketAllocationProportion, value=0.5, description=Allocation Proportion Of The Direct Ticket - From Start To End)]\n"",""stream"":""stdout"",""time"":""2025-06-06T09:22:27.364218165Z""}"
2025-06-06T09:22:27.358765113Z,1674984147358765113,33.33.33.82,ts-seat-service-5c95b49cff-tdsdz,server,c3d2b87e80edaf5dae8d5a7a20bcaa84,7f6c11df3e9d3187,"{""log"":""17:22:27.357 INFO  s.s.SeatServiceImpl#166 TraceID: c3d2b87e80edaf5dae8d5a7a20bcaa84 SpanID: 7f6c11df3e9d3187 [getLeftTicketOfInterval][Get Order tickets result][result is \u003c200,Response(status=0, msg=Seat is Null., data=null),[vary:\""Origin,Access-Control-Request-Method,Access-Control-Request-Headers\"", x-content-type-options:\""nosniff\"", x-xss-protection:\""1; mode=block\"", cache-control:\""no-cache, no-store, max-age=0, must-revalidate\"", pragma:\""no-cache\"", expires:\""0\"", x-frame-options:\""DENY\"", content-type:\""application/json\"", date:\""Sun, 29 Jan 2023 09:22:27 GMT\"", x-envoy-upstream-service-time:\""4\"", server:\""envoy\"", transfer-encoding:\""chunked\""]\u003e]\n"",""stream"":""stdout"",""time"":""2025-06-06T09:22:27.358765113Z""}"
2025-06-06T09:22:27.35168713Z,1674984147351687130,33.33.33.82,ts-seat-service-5c95b49cff-tdsdz,server,c3d2b87e80edaf5dae8d5a7a20bcaa84,7f6c11df3e9d3187,"{""log"":""17:22:27.351 INFO  s.s.SeatServiceImpl#154 TraceID: c3d2b87e80edaf5dae8d5a7a20bcaa84 SpanID: 7f6c11df3e9d3187 [getLeftTicketOfInterval][TrainNumber start with other capital][trainNumber:Z1236]\n"",""stream"":""stdout"",""time"":""2025-06-06T09:22:27.35168713Z""}"
2025-06-06T09:22:27.351343728Z,1674984147351343728,33.33.33.82,ts-seat-service-5c95b49cff-tdsdz,server,c3d2b87e80edaf5dae8d5a7a20bcaa84,7f6c11df3e9d3187,"{""log"":""17:22:27.350 INFO  s.s.SeatServiceImpl#137 TraceID: c3d2b87e80edaf5dae8d5a7a20bcaa84 SpanID: 7f6c11df3e9d3187 [getLeftTicketOfInterval][Seat request][request:Seat(travelDate=2023-01-29 15:38:06, trainNumber=Z1236, startStation=nanjing, destStation=shanghai, seatType=3, totalNum=2147483647, stations=[taiyuan, shijiazhuang, nanjing, shanghai])]\n"",""stream"":""stdout"",""time"":""2025-06-06T09:22:27.351343728Z""}"
2025-06-06T09:22:27.350998578Z,1674984147350998578,33.33.33.82,ts-seat-service-5c95b49cff-tdsdz,server,c3d2b87e80edaf5dae8d5a7a20bcaa84,7f6c11df3e9d3187,"{""log"":""17:22:27.350 INFO  s.c.SeatController#57 TraceID: c3d2b87e80edaf5dae8d5a7a20bcaa84 SpanID: 7f6c11df3e9d3187 [getLeftTicketOfInterval][Get left ticket of interval][TravelDate: 2023-01-29 15:38:06,TrainNumber: Z1236,SeatType: 3]\n"",""stream"":""stdout"",""time"":""2025-06-06T09:22:27.350998578Z""}"
2025-06-06T09:22:27.123329603Z,1674984147123329603,33.33.33.82,ts-seat-service-5c95b49cff-tdsdz,server,c3d2b87e80edaf5dae8d5a7a20bcaa84,e1f833279b5fbb75,"{""log"":""17:22:27.122 INFO  s.s.SeatServiceImpl#217 TraceID: c3d2b87e80edaf5dae8d5a7a20bcaa84 SpanID: e1f833279b5fbb75 [getDirectProportion][Configs is : Config(name=DirectTicketAllocationProportion, value=0.5, description=Allocation Proportion Of The Direct Ticket - From Start To End)]\n"",""stream"":""stdout"",""time"":""2025-06-06T09:22:27.123329603Z""}"
2025-06-06T09:22:27.096462233Z,1674984147096462233,33.33.33.82,ts-seat-service-5c95b49cff-tdsdz,server,c3d2b87e80edaf5dae8d5a7a20bcaa84,e1f833279b5fbb75,"{""log"":""17:22:27.095 INFO  s.s.SeatServiceImpl#166 TraceID: c3d2b87e80edaf5dae8d5a7a20bcaa84 SpanID: e1f833279b5fbb75 [getLeftTicketOfInterval][Get Order tickets result][result is \u003c200,Response(status=0, msg=Seat is Null., data=null),[vary:\""Origin,Access-Control-Request-Method,Access-Control-Request-Headers\"", x-content-type-options:\""nosniff\"", x-xss-protection:\""1; mode=block\"", cache-control:\""no-cache, no-store, max-age=0, must-revalidate\"", pragma:\""no-cache\"", expires:\""0\"", x-frame-options:\""DENY\"", content-type:\""application/json\"", date:\""Sun, 29 Jan 2023 09:22:27 GMT\"", x-envoy-upstream-service-time:\""5\"", server:\""envoy\"", transfer-encoding:\""chunked\""]\u003e]\n"",""stream"":""stdout"",""time"":""2025-06-06T09:22:27.096462233Z""}"
2025-06-06T09:22:27.087840787Z,1674984147087840787,33.33.33.82,ts-seat-service-5c95b49cff-tdsdz,server,c3d2b87e80edaf5dae8d5a7a20bcaa84,e1f833279b5fbb75,"{""log"":""17:22:27.087 INFO  s.s.SeatServiceImpl#154 TraceID: c3d2b87e80edaf5dae8d5a7a20bcaa84 SpanID: e1f833279b5fbb75 [getLeftTicketOfInterval][TrainNumber start with other capital][trainNumber:Z1236]\n"",""stream"":""stdout"",""time"":""2025-06-06T09:22:27.087840787Z""}"
2025-06-06T09:22:27.087520138Z,1674984147087520138,33.33.33.82,ts-seat-service-5c95b49cff-tdsdz,server,c3d2b87e80edaf5dae8d5a7a20bcaa84,e1f833279b5fbb75,"{""log"":""17:22:27.086 INFO  s.s.SeatServiceImpl#137 TraceID: c3d2b87e80edaf5dae8d5a7a20bcaa84 SpanID: e1f833279b5fbb75 [getLeftTicketOfInterval][Seat request][request:Seat(travelDate=2023-01-29 15:38:06, trainNumber=Z1236, startStation=nanjing, destStation=shanghai, seatType=2, totalNum=2147483647, stations=[taiyuan, shijiazhuang, nanjing, shanghai])]\n"",""stream"":""stdout"",""time"":""2025-06-06T09:22:27.087520138Z""}"
2025-06-06T09:22:27.087090563Z,1674984147087090563,33.33.33.82,ts-seat-service-5c95b49cff-tdsdz,server,c3d2b87e80edaf5dae8d5a7a20bcaa84,e1f833279b5fbb75,"{""log"":""17:22:27.086 INFO  s.c.SeatController#57 TraceID: c3d2b87e80edaf5dae8d5a7a20bcaa84 SpanID: e1f833279b5fbb75 [getLeftTicketOfInterval][Get left ticket of interval][TravelDate: 2023-01-29 15:38:06,TrainNumber: Z1236,SeatType: 2]\n"",""stream"":""stdout"",""time"":""2025-06-06T09:22:27.087090563Z""}"
2025-06-06T09:22:27.006511758Z,1674984147006511758,33.33.33.80,ts-route-service-b6c59fb57-zv8dt,server,c3d2b87e80edaf5dae8d5a7a20bcaa84,a858870e56d4d27e,"{""log"":""17:22:27.005 INFO  r.c.RouteController#53 TraceID: c3d2b87e80edaf5dae8d5a7a20bcaa84 SpanID: a858870e56d4d27e [getRouteById][Query route by id][RouteId: [d693a2c5-ef87-4a3c-bef8-600b43f62c68, 1367db1f-461e-4ab7-87ad-2bcc05fd9cb7, 9fc9c261-3263-4bfa-82f8-bb44e06b2f52, 20eb7122-3a11-423f-b10a-be0dc5bce7db, 0b23bd3e-876a-4af3-b920-c50a90c90b04]]\n"",""stream"":""stdout"",""time"":""2025-06-06T09:22:27.006511758Z""}"
2025-06-06T09:22:27.048366679Z,1674984147048366679,33.33.33.79,ts-price-service-76846864d9-g465z,server,c3d2b87e80edaf5dae8d5a7a20bcaa84,5e37488ec30b0499,"{""log"":""17:22:27.047 INFO  p.c.PriceController#46 TraceID: c3d2b87e80edaf5dae8d5a7a20bcaa84 SpanID: 5e37488ec30b0499 [findByRouteIdAndTrainType][Query price][routeId and Train Type: [d693a2c5-ef87-4a3c-bef8-600b43f62c68:ZhiDa]]\n"",""stream"":""stdout"",""time"":""2025-06-06T09:22:27.048366679Z""}"
2025-06-06T09:22:27.3558775Z,1674984147355877500,33.33.33.155,ts-order-other-service-6cdbf9b4cc-h7mqk,server,c3d2b87e80edaf5dae8d5a7a20bcaa84,17b3003b0bf12bbe,"{""log"":""17:22:27.355 WARN  o.s.OrderOtherServiceImpl#72 TraceID: c3d2b87e80edaf5dae8d5a7a20bcaa84 SpanID: 17b3003b0bf12bbe [getSoldTickets][Seat][No content][seat from date: 2023-01-29 15:38:06, train number: Z1236\n"",""stream"":""stdout"",""time"":""2025-06-06T09:22:27.3558775Z""}"
2025-06-06T09:22:27.354575771Z,1674984147354575771,33.33.33.155,ts-order-other-service-6cdbf9b4cc-h7mqk,server,c3d2b87e80edaf5dae8d5a7a20bcaa84,17b3003b0bf12bbe,"{""log"":""17:22:27.354 INFO  o.c.OrderOtherController#42 TraceID: c3d2b87e80edaf5dae8d5a7a20bcaa84 SpanID: 17b3003b0bf12bbe [getSoldTickets][Get Sold Ticket][Travel Date: 2023-01-29 15:38:06]\n"",""stream"":""stdout"",""time"":""2025-06-06T09:22:27.354575771Z""}"
2025-06-06T09:22:27.091359663Z,1674984147091359663,33.33.33.155,ts-order-other-service-6cdbf9b4cc-h7mqk,server,c3d2b87e80edaf5dae8d5a7a20bcaa84,84fc67c22f9f7fdd,"{""log"":""17:22:27.091 WARN  o.s.OrderOtherServiceImpl#72 TraceID: c3d2b87e80edaf5dae8d5a7a20bcaa84 SpanID: 84fc67c22f9f7fdd [getSoldTickets][Seat][No content][seat from date: 2023-01-29 15:38:06, train number: Z1236\n"",""stream"":""stdout"",""time"":""2025-06-06T09:22:27.091359663Z""}"
2025-06-06T09:22:27.090264798Z,1674984147090264798,33.33.33.155,ts-order-other-service-6cdbf9b4cc-h7mqk,server,c3d2b87e80edaf5dae8d5a7a20bcaa84,84fc67c22f9f7fdd,"{""log"":""17:22:27.089 INFO  o.c.OrderOtherController#42 TraceID: c3d2b87e80edaf5dae8d5a7a20bcaa84 SpanID: 84fc67c22f9f7fdd [getSoldTickets][Get Sold Ticket][Travel Date: 2023-01-29 15:38:06]\n"",""stream"":""stdout"",""time"":""2025-06-06T09:22:27.090264798Z""}"
2025-06-06T09:22:27.362117772Z,1674984147362117772,33.33.33.115,ts-config-service-5fcd447d84-wxwjd,server,c3d2b87e80edaf5dae8d5a7a20bcaa84,a52ca02e04aeee8c,"{""log"":""17:22:27.361 INFO  c.s.ConfigServiceImpl#65 TraceID: c3d2b87e80edaf5dae8d5a7a20bcaa84 SpanID: a52ca02e04aeee8c [query][Query config success][config name: DirectTicketAllocationProportion]\n"",""stream"":""stdout"",""time"":""2025-06-06T09:22:27.362117772Z""}"
2025-06-06T09:22:27.361172435Z,1674984147361172435,33.33.33.115,ts-config-service-5fcd447d84-wxwjd,server,c3d2b87e80edaf5dae8d5a7a20bcaa84,a52ca02e04aeee8c,"{""log"":""17:22:27.360 INFO  c.c.ConfigController#67 TraceID: c3d2b87e80edaf5dae8d5a7a20bcaa84 SpanID: a52ca02e04aeee8c [retrieve][Retrieve config][configName: DirectTicketAllocationProportion]\n"",""stream"":""stdout"",""time"":""2025-06-06T09:22:27.361172435Z""}"
2025-06-06T09:22:27.098898313Z,1674984147098898313,33.33.33.115,ts-config-service-5fcd447d84-wxwjd,server,c3d2b87e80edaf5dae8d5a7a20bcaa84,d3a60c168ee154d2,"{""log"":""17:22:27.098 INFO  c.s.ConfigServiceImpl#65 TraceID: c3d2b87e80edaf5dae8d5a7a20bcaa84 SpanID: d3a60c168ee154d2 [query][Query config success][config name: DirectTicketAllocationProportion]\n"",""stream"":""stdout"",""time"":""2025-06-06T09:22:27.098898313Z""}"
2025-06-06T09:22:27.09807937Z,1674984147098079370,33.33.33.115,ts-config-service-5fcd447d84-wxwjd,server,c3d2b87e80edaf5dae8d5a7a20bcaa84,d3a60c168ee154d2,"{""log"":""17:22:27.097 INFO  c.c.ConfigController#67 TraceID: c3d2b87e80edaf5dae8d5a7a20bcaa84 SpanID: d3a60c168ee154d2 [retrieve][Retrieve config][configName: DirectTicketAllocationProportion]\n"",""stream"":""stdout"",""time"":""2025-06-06T09:22:27.09807937Z""}"
2025-06-06T09:22:27.057208486Z,1674984147057208486,33.33.33.76,ts-basic-service-5dc8d4f9fd-46997,server,c3d2b87e80edaf5dae8d5a7a20bcaa84,27ecc1561191118e,"{""log"":""17:22:27.056 INFO  f.m.s.BasicServiceImpl#320 TraceID: c3d2b87e80edaf5dae8d5a7a20bcaa84 SpanID: 27ecc1561191118e [queryForTravels][all done][result map: {Z1236=TravelResult(status=true, percent=1.0, trainType=TrainType(id=e24bb484-516a-4aad-b37f-517e7139e913, name=ZhiDa, economyClass=2147483647, confortClass=2147483647, averageSpeed=120), route=Route(id=d693a2c5-ef87-4a3c-bef8-600b43f62c68, stations=[taiyuan, shijiazhuang, nanjing, shanghai], distances=[0, 300, 950, 1300], startStation=taiyuan, endStation=shanghai), prices={confortClass=350.0, economyClass=112.0})}]\n"",""stream"":""stdout"",""time"":""2025-06-06T09:22:27.057208486Z""}"
2025-06-06T09:22:27.057057242Z,1674984147057057242,33.33.33.76,ts-basic-service-5dc8d4f9fd-46997,server,c3d2b87e80edaf5dae8d5a7a20bcaa84,27ecc1561191118e,"{""log"":""17:22:27.056 INFO  f.m.s.BasicServiceImpl#481 TraceID: c3d2b87e80edaf5dae8d5a7a20bcaa84 SpanID: 27ecc1561191118e [queryPriceConfigByRouteIdsAndTrainTypes][Get Price Config by routeId and trainType][Success][priceConfigs: {d693a2c5-ef87-4a3c-bef8-600b43f62c68:ZhiDa={id=8b059dc5-01a2-4f8f-8f94-6c886b38bb34, trainType=ZhiDa, routeId=d693a2c5-ef87-4a3c-bef8-600b43f62c68, basicPriceRate=0.32, firstClassPriceRate=1.0}}]\n"",""stream"":""stdout"",""time"":""2025-06-06T09:22:27.057057242Z""}"
2025-06-06T09:22:27.024594394Z,1674984147024594394,33.33.33.76,ts-basic-service-5dc8d4f9fd-46997,server,c3d2b87e80edaf5dae8d5a7a20bcaa84,27ecc1561191118e,"{""log"":""17:22:27.024 INFO  f.m.s.BasicServiceImpl#459 TraceID: c3d2b87e80edaf5dae8d5a7a20bcaa84 SpanID: 27ecc1561191118e [queryPriceConfigByRouteIdsAndTrainTypes][Query For Price Config][RouteId and TrainType: [d693a2c5-ef87-4a3c-bef8-600b43f62c68:ZhiDa]]\n"",""stream"":""stdout"",""time"":""2025-06-06T09:22:27.024594394Z""}"
2025-06-06T09:22:27.024124035Z,1674984147024124035,33.33.33.76,ts-basic-service-5dc8d4f9fd-46997,server,c3d2b87e80edaf5dae8d5a7a20bcaa84,27ecc1561191118e,"{""log"":""17:22:27.023 ERROR  f.m.s.BasicServiceImpl#415 TraceID: c3d2b87e80edaf5dae8d5a7a20bcaa84 SpanID: 27ecc1561191118e [getRoutesByRouteIds][Get Route By Ids Failed]\n"",""stream"":""stdout"",""time"":""2025-06-06T09:22:27.024124035Z""}"
2025-06-06T09:22:27.002110885Z,1674984147002110885,33.33.33.76,ts-basic-service-5dc8d4f9fd-46997,server,c3d2b87e80edaf5dae8d5a7a20bcaa84,27ecc1561191118e,"{""log"":""17:22:27.001 INFO  f.m.s.BasicServiceImpl#405 TraceID: c3d2b87e80edaf5dae8d5a7a20bcaa84 SpanID: 27ecc1561191118e [getRoutesByRouteIds][Get Route By Ids][Route IDs: [d693a2c5-ef87-4a3c-bef8-600b43f62c68, 1367db1f-461e-4ab7-87ad-2bcc05fd9cb7, 9fc9c261-3263-4bfa-82f8-bb44e06b2f52, 20eb7122-3a11-423f-b10a-be0dc5bce7db, 0b23bd3e-876a-4af3-b920-c50a90c90b04]]\n"",""stream"":""stdout"",""time"":""2025-06-06T09:22:27.002110885Z""}"
2025-06-06T09:22:26.961432577Z,1674984146961432577,33.33.33.76,ts-basic-service-5dc8d4f9fd-46997,server,c3d2b87e80edaf5dae8d5a7a20bcaa84,27ecc1561191118e,"{""log"":""17:22:26.961 INFO  f.m.s.BasicServiceImpl#374 TraceID: c3d2b87e80edaf5dae8d5a7a20bcaa84 SpanID: 27ecc1561191118e [queryTrainTypeByNames][Query Train Type][Train Type names: [TeKuai, ZhiDa, KuaiSu]]\n"",""stream"":""stdout"",""time"":""2025-06-06T09:22:26.961432577Z""}"
2025-06-06T09:22:26.954546424Z,1674984146954546424,33.33.33.76,ts-basic-service-5dc8d4f9fd-46997,server,c3d2b87e80edaf5dae8d5a7a20bcaa84,27ecc1561191118e,"{""log"":""17:22:26.954 INFO  f.m.s.BasicServiceImpl#343 TraceID: c3d2b87e80edaf5dae8d5a7a20bcaa84 SpanID: 27ecc1561191118e [checkStationsExists][Check Stations Exists][stationNames: [nanjing, shanghai]]\n"",""stream"":""stdout"",""time"":""2025-06-06T09:22:26.954546424Z""}"
2025-06-06T09:22:26.954389874Z,1674984146954389874,33.33.33.76,ts-basic-service-5dc8d4f9fd-46997,server,c3d2b87e80edaf5dae8d5a7a20bcaa84,27ecc1561191118e,"{""log"":""17:22:26.954 INFO  f.m.c.BasicController#45 TraceID: c3d2b87e80edaf5dae8d5a7a20bcaa84 SpanID: 27ecc1561191118e [queryForTravels][Query for travels][Travels: [Travel(trip=Trip(id=8a533bf9-bd12-4608-a8eb-606890982448, tripId=Z1234, trainTypeName=ZhiDa, routeId=0b23bd3e-876a-4af3-b920-c50a90c90b04, startStationName=shanghai, stationsName=nanjing, terminalStationName=beijing, startTime=2013-05-04 09:51:52, endTime=2013-05-04 15:51:52), startPlace=nanjing, endPlace=shanghai, departureTime=2023-01-29 15:38:06), Travel(trip=Trip(id=5c63588e-ad31-4ded-98ac-f4a1a78a36b2, tripId=Z1235, trainTypeName=ZhiDa, routeId=9fc9c261-3263-4bfa-82f8-bb44e06b2f52, startStationName=shanghai, stationsName=nanjing, terminalStationName=beijing, startTime=2013-05-04 11:31:52, endTime=2013-05-04 17:51:52), startPlace=nanjing, endPlace=shanghai, departureTime=2023-01-29 15:38:06), Travel(trip=Trip(id=e1367946-9ecd-4ee6-acbf-8b705e8df59d, tripId=Z1236, trainTypeName=ZhiDa, routeId=d693a2c5-ef87-4a3c-bef8-600b43f62c68, startStationName=shanghai, stationsName=nanjing, terminalStationName=beijing, startTime=2013-05-04 7:05:52, endTime=2013-05-04 12:51:52), startPlace=nanjing, endPlace=shanghai, departureTime=2023-01-29 15:38:06), Travel(trip=Trip(id=502d2768-8480-47fc-91fd-f647267dfac6, tripId=T1235, trainTypeName=TeKuai, routeId=20eb7122-3a11-423f-b10a-be0dc5bce7db, startStationName=shanghai, stationsName=nanjing, terminalStationName=beijing, startTime=2013-05-04 08:31:52, endTime=2013-05-04 17:21:52), startPlace=nanjing, endPlace=shanghai, departureTime=2023-01-29 15:38:06), Travel(trip=Trip(id=a3c9545b-1889-4ea1-9015-b9af1896bc01, tripId=K1345, trainTypeName=KuaiSu, routeId=1367db1f-461e-4ab7-87ad-2bcc05fd9cb7, startStationName=shanghai, stationsName=nanjing, terminalStationName=beijing, startTime=2013-05-04 07:51:52, endTime=2013-05-04 19:59:52), startPlace=nanjing, endPlace=shanghai, departureTime=2023-01-29 15:38:06)]]\n"",""stream"":""stdout"",""time"":""2025-06-06T09:22:26.954389874Z""}"
2025-06-06T09:22:46.375455314Z,1674984166375455314,33.33.33.167,ts-travel2-service-5c66d57d58-6mp2b,server,e540bb17ced3fbb1e519c1d284faf9d5,8ab358f9d005b3ee,"{""log"":""17:22:46.375 INFO  t.s.TravelServiceImpl#372 TraceID: e540bb17ced3fbb1e519c1d284faf9d5 SpanID: 8ab358f9d005b3ee [getTickets][Calculate distance][calculate time：650  time: Sat May 04 17:55:52 CST 2013]\n"",""stream"":""stdout"",""time"":""2025-06-06T09:22:46.375455314Z""}"
2025-06-06T09:22:46.375325391Z,1674984166375325391,33.33.33.167,ts-travel2-service-5c66d57d58-6mp2b,server,e540bb17ced3fbb1e519c1d284faf9d5,8ab358f9d005b3ee,"{""log"":""17:22:46.375 INFO  t.s.TravelServiceImpl#366 TraceID: e540bb17ced3fbb1e519c1d284faf9d5 SpanID: 8ab358f9d005b3ee [getTickets][Calculate distance][calculate time：475  time: Sat May 04 15:00:52 CST 2013]\n"",""stream"":""stdout"",""time"":""2025-06-06T09:22:46.375325391Z""}"
2025-06-06T09:22:46.375120904Z,1674984166375120904,33.33.33.167,ts-travel2-service-5c66d57d58-6mp2b,server,e540bb17ced3fbb1e519c1d284faf9d5,8ab358f9d005b3ee,"{""log"":""17:22:46.374 INFO  t.s.TravelServiceImpl#469 TraceID: e540bb17ced3fbb1e519c1d284faf9d5 SpanID: 8ab358f9d005b3ee [getRestTicketNumber][Get Rest tickets num][num is: Response(status=1, msg=Get Left Ticket of Internal Success, data=1073741823)]\n"",""stream"":""stdout"",""time"":""2025-06-06T09:22:46.375120904Z""}"
2025-06-06T09:22:46.360826938Z,1674984166360826938,33.33.33.167,ts-travel2-service-5c66d57d58-6mp2b,server,e540bb17ced3fbb1e519c1d284faf9d5,8ab358f9d005b3ee,"{""log"":""17:22:46.360 INFO  t.s.TravelServiceImpl#459 TraceID: e540bb17ced3fbb1e519c1d284faf9d5 SpanID: 8ab358f9d005b3ee [getRestTicketNumber][Seat request][request: Seat(travelDate=2023-01-29 15:38:06, trainNumber=Z1236, startStation=nanjing, destStation=shanghai, seatType=3, totalNum=2147483647, stations=[taiyuan, shijiazhuang, nanjing, shanghai])]\n"",""stream"":""stdout"",""time"":""2025-06-06T09:22:46.360826938Z""}"
2025-06-06T09:22:46.360742823Z,1674984166360742823,33.33.33.167,ts-travel2-service-5c66d57d58-6mp2b,server,e540bb17ced3fbb1e519c1d284faf9d5,8ab358f9d005b3ee,"{""log"":""17:22:46.360 INFO  t.s.TravelServiceImpl#469 TraceID: e540bb17ced3fbb1e519c1d284faf9d5 SpanID: 8ab358f9d005b3ee [getRestTicketNumber][Get Rest tickets num][num is: Response(status=1, msg=Get Left Ticket of Internal Success, data=1073741823)]\n"",""stream"":""stdout"",""time"":""2025-06-06T09:22:46.360742823Z""}"
2025-06-06T09:22:46.339219168Z,1674984166339219168,33.33.33.167,ts-travel2-service-5c66d57d58-6mp2b,server,e540bb17ced3fbb1e519c1d284faf9d5,8ab358f9d005b3ee,"{""log"":""17:22:46.338 INFO  t.s.TravelServiceImpl#459 TraceID: e540bb17ced3fbb1e519c1d284faf9d5 SpanID: 8ab358f9d005b3ee [getRestTicketNumber][Seat request][request: Seat(travelDate=2023-01-29 15:38:06, trainNumber=Z1236, startStation=nanjing, destStation=shanghai, seatType=2, totalNum=2147483647, stations=[taiyuan, shijiazhuang, nanjing, shanghai])]\n"",""stream"":""stdout"",""time"":""2025-06-06T09:22:46.339219168Z""}"
2025-06-06T09:22:46.061783688Z,1674984166061783688,33.33.33.167,ts-travel2-service-5c66d57d58-6mp2b,server,e540bb17ced3fbb1e519c1d284faf9d5,8ab358f9d005b3ee,"{""log"":""17:22:46.061 INFO  t.s.TravelServiceImpl#260 TraceID: e540bb17ced3fbb1e519c1d284faf9d5 SpanID: 8ab358f9d005b3ee [getTicketsByBatch][before get basic][trips: [Trip(id=8a533bf9-bd12-4608-a8eb-606890982448, tripId=Z1234, trainTypeName=ZhiDa, routeId=0b23bd3e-876a-4af3-b920-c50a90c90b04, startStationName=shanghai, stationsName=nanjing, terminalStationName=beijing, startTime=2013-05-04 09:51:52, endTime=2013-05-04 15:51:52), Trip(id=5c63588e-ad31-4ded-98ac-f4a1a78a36b2, tripId=Z1235, trainTypeName=ZhiDa, routeId=9fc9c261-3263-4bfa-82f8-bb44e06b2f52, startStationName=shanghai, stationsName=nanjing, terminalStationName=beijing, startTime=2013-05-04 11:31:52, endTime=2013-05-04 17:51:52), Trip(id=e1367946-9ecd-4ee6-acbf-8b705e8df59d, tripId=Z1236, trainTypeName=ZhiDa, routeId=d693a2c5-ef87-4a3c-bef8-600b43f62c68, startStationName=shanghai, stationsName=nanjing, terminalStationName=beijing, startTime=2013-05-04 7:05:52, endTime=2013-05-04 12:51:52), Trip(id=502d2768-8480-47fc-91fd-f647267dfac6, tripId=T1235, trainTypeName=TeKuai, routeId=20eb7122-3a11-423f-b10a-be0dc5bce7db, startStationName=shanghai, stationsName=nanjing, terminalStationName=beijing, startTime=2013-05-04 08:31:52, endTime=2013-05-04 17:21:52), Trip(id=a3c9545b-1889-4ea1-9015-b9af1896bc01, tripId=K1345, trainTypeName=KuaiSu, routeId=1367db1f-461e-4ab7-87ad-2bcc05fd9cb7, startStationName=shanghai, stationsName=nanjing, terminalStationName=beijing, startTime=2013-05-04 07:51:52, endTime=2013-05-04 19:59:52)]]\n"",""stream"":""stdout"",""time"":""2025-06-06T09:22:46.061783688Z""}"
2025-06-06T09:22:46.057814298Z,1674984166057814298,33.33.33.167,ts-travel2-service-5c66d57d58-6mp2b,server,e540bb17ced3fbb1e519c1d284faf9d5,8ab358f9d005b3ee,"{""log"":""17:22:46.057 INFO  t.c.Travel2Controller#115 TraceID: e540bb17ced3fbb1e519c1d284faf9d5 SpanID: 8ab358f9d005b3ee [query][Query TripResponse]\n"",""stream"":""stdout"",""time"":""2025-06-06T09:22:46.057814298Z""}"
2025-06-06T09:22:46.075893555Z,1674984166075893555,33.33.33.79,ts-train-service-86f5f97bc9-dkqmf,server,e540bb17ced3fbb1e519c1d284faf9d5,148f489cd0b7105f,"{""log"":""17:22:46.075 INFO  t.c.TrainController#72 TraceID: e540bb17ced3fbb1e519c1d284faf9d5 SpanID: 148f489cd0b7105f [retrieveByNames][Retrieve train][TrainTypeNames: [TeKuai, ZhiDa, KuaiSu]]\n"",""stream"":""stdout"",""time"":""2025-06-06T09:22:46.075893555Z""}"
2025-06-06T09:22:46.069006659Z,1674984166069006659,33.33.33.76,ts-station-service-7f4f5f6f77-5qb6j,server,e540bb17ced3fbb1e519c1d284faf9d5,15e81c1865568bfb,"{""log"":""17:22:46.068 INFO  f.m.c.StationController#71 TraceID: e540bb17ced3fbb1e519c1d284faf9d5 SpanID: 15e81c1865568bfb [queryForIdBatch][Query stations for id batch][StationNameNumbers: 2]\n"",""stream"":""stdout"",""time"":""2025-06-06T09:22:46.069006659Z""}"
2025-06-06T09:22:46.37366607Z,1674984166373666070,33.33.33.82,ts-seat-service-5c95b49cff-tdsdz,server,e540bb17ced3fbb1e519c1d284faf9d5,92730e8261582c07,"{""log"":""17:22:46.372 INFO  s.s.SeatServiceImpl#217 TraceID: e540bb17ced3fbb1e519c1d284faf9d5 SpanID: 92730e8261582c07 [getDirectProportion][Configs is : Config(name=DirectTicketAllocationProportion, value=0.5, description=Allocation Proportion Of The Direct Ticket - From Start To End)]\n"",""stream"":""stdout"",""time"":""2025-06-06T09:22:46.37366607Z""}"
2025-06-06T09:22:46.36916368Z,1674984166369163680,33.33.33.82,ts-seat-service-5c95b49cff-tdsdz,server,e540bb17ced3fbb1e519c1d284faf9d5,92730e8261582c07,"{""log"":""17:22:46.368 INFO  s.s.SeatServiceImpl#166 TraceID: e540bb17ced3fbb1e519c1d284faf9d5 SpanID: 92730e8261582c07 [getLeftTicketOfInterval][Get Order tickets result][result is \u003c200,Response(status=0, msg=Seat is Null., data=null),[vary:\""Origin,Access-Control-Request-Method,Access-Control-Request-Headers\"", x-content-type-options:\""nosniff\"", x-xss-protection:\""1; mode=block\"", cache-control:\""no-cache, no-store, max-age=0, must-revalidate\"", pragma:\""no-cache\"", expires:\""0\"", x-frame-options:\""DENY\"", content-type:\""application/json\"", date:\""Sun, 29 Jan 2023 09:22:46 GMT\"", x-envoy-upstream-service-time:\""2\"", server:\""envoy\"", transfer-encoding:\""chunked\""]\u003e]\n"",""stream"":""stdout"",""time"":""2025-06-06T09:22:46.36916368Z""}"
2025-06-06T09:22:46.364462702Z,1674984166364462702,33.33.33.82,ts-seat-service-5c95b49cff-tdsdz,server,e540bb17ced3fbb1e519c1d284faf9d5,92730e8261582c07,"{""log"":""17:22:46.363 INFO  s.s.SeatServiceImpl#154 TraceID: e540bb17ced3fbb1e519c1d284faf9d5 SpanID: 92730e8261582c07 [getLeftTicketOfInterval][TrainNumber start with other capital][trainNumber:Z1236]\n"",""stream"":""stdout"",""time"":""2025-06-06T09:22:46.364462702Z""}"
2025-06-06T09:22:46.364114972Z,1674984166364114972,33.33.33.82,ts-seat-service-5c95b49cff-tdsdz,server,e540bb17ced3fbb1e519c1d284faf9d5,92730e8261582c07,"{""log"":""17:22:46.363 INFO  s.s.SeatServiceImpl#137 TraceID: e540bb17ced3fbb1e519c1d284faf9d5 SpanID: 92730e8261582c07 [getLeftTicketOfInterval][Seat request][request:Seat(travelDate=2023-01-29 15:38:06, trainNumber=Z1236, startStation=nanjing, destStation=shanghai, seatType=3, totalNum=2147483647, stations=[taiyuan, shijiazhuang, nanjing, shanghai])]\n"",""stream"":""stdout"",""time"":""2025-06-06T09:22:46.364114972Z""}"
2025-06-06T09:22:46.363722158Z,1674984166363722158,33.33.33.82,ts-seat-service-5c95b49cff-tdsdz,server,e540bb17ced3fbb1e519c1d284faf9d5,92730e8261582c07,"{""log"":""17:22:46.362 INFO  s.c.SeatController#57 TraceID: e540bb17ced3fbb1e519c1d284faf9d5 SpanID: 92730e8261582c07 [getLeftTicketOfInterval][Get left ticket of interval][TravelDate: 2023-01-29 15:38:06,TrainNumber: Z1236,SeatType: 3]\n"",""stream"":""stdout"",""time"":""2025-06-06T09:22:46.363722158Z""}"
2025-06-06T09:22:46.359084882Z,1674984166359084882,33.33.33.82,ts-seat-service-5c95b49cff-tdsdz,server,e540bb17ced3fbb1e519c1d284faf9d5,b95bed887e9dcb94,"{""log"":""17:22:46.358 INFO  s.s.SeatServiceImpl#217 TraceID: e540bb17ced3fbb1e519c1d284faf9d5 SpanID: b95bed887e9dcb94 [getDirectProportion][Configs is : Config(name=DirectTicketAllocationProportion, value=0.5, description=Allocation Proportion Of The Direct Ticket - From Start To End)]\n"",""stream"":""stdout"",""time"":""2025-06-06T09:22:46.359084882Z""}"
2025-06-06T09:22:46.352972744Z,1674984166352972744,33.33.33.82,ts-seat-service-5c95b49cff-tdsdz,server,e540bb17ced3fbb1e519c1d284faf9d5,b95bed887e9dcb94,"{""log"":""17:22:46.352 INFO  s.s.SeatServiceImpl#166 TraceID: e540bb17ced3fbb1e519c1d284faf9d5 SpanID: b95bed887e9dcb94 [getLeftTicketOfInterval][Get Order tickets result][result is \u003c200,Response(status=0, msg=Seat is Null., data=null),[vary:\""Origin,Access-Control-Request-Method,Access-Control-Request-Headers\"", x-content-type-options:\""nosniff\"", x-xss-protection:\""1; mode=block\"", cache-control:\""no-cache, no-store, max-age=0, must-revalidate\"", pragma:\""no-cache\"", expires:\""0\"", x-frame-options:\""DENY\"", content-type:\""application/json\"", date:\""Sun, 29 Jan 2023 09:22:46 GMT\"", x-envoy-upstream-service-time:\""3\"", server:\""envoy\"", transfer-encoding:\""chunked\""]\u003e]\n"",""stream"":""stdout"",""time"":""2025-06-06T09:22:46.352972744Z""}"
2025-06-06T09:22:46.345343548Z,1674984166345343548,33.33.33.82,ts-seat-service-5c95b49cff-tdsdz,server,e540bb17ced3fbb1e519c1d284faf9d5,b95bed887e9dcb94,"{""log"":""17:22:46.344 INFO  s.s.SeatServiceImpl#154 TraceID: e540bb17ced3fbb1e519c1d284faf9d5 SpanID: b95bed887e9dcb94 [getLeftTicketOfInterval][TrainNumber start with other capital][trainNumber:Z1236]\n"",""stream"":""stdout"",""time"":""2025-06-06T09:22:46.345343548Z""}"
2025-06-06T09:22:46.344993832Z,1674984166344993832,33.33.33.82,ts-seat-service-5c95b49cff-tdsdz,server,e540bb17ced3fbb1e519c1d284faf9d5,b95bed887e9dcb94,"{""log"":""17:22:46.344 INFO  s.s.SeatServiceImpl#137 TraceID: e540bb17ced3fbb1e519c1d284faf9d5 SpanID: b95bed887e9dcb94 [getLeftTicketOfInterval][Seat request][request:Seat(travelDate=2023-01-29 15:38:06, trainNumber=Z1236, startStation=nanjing, destStation=shanghai, seatType=2, totalNum=2147483647, stations=[taiyuan, shijiazhuang, nanjing, shanghai])]\n"",""stream"":""stdout"",""time"":""2025-06-06T09:22:46.344993832Z""}"
2025-06-06T09:22:46.344627044Z,1674984166344627044,33.33.33.82,ts-seat-service-5c95b49cff-tdsdz,server,e540bb17ced3fbb1e519c1d284faf9d5,b95bed887e9dcb94,"{""log"":""17:22:46.343 INFO  s.c.SeatController#57 TraceID: e540bb17ced3fbb1e519c1d284faf9d5 SpanID: b95bed887e9dcb94 [getLeftTicketOfInterval][Get left ticket of interval][TravelDate: 2023-01-29 15:38:06,TrainNumber: Z1236,SeatType: 2]\n"",""stream"":""stdout"",""time"":""2025-06-06T09:22:46.344627044Z""}"
2025-06-06T09:22:46.085204717Z,1674984166085204717,33.33.33.80,ts-route-service-b6c59fb57-zv8dt,server,e540bb17ced3fbb1e519c1d284faf9d5,0d61393e743fed55,"{""log"":""17:22:46.083 INFO  r.c.RouteController#53 TraceID: e540bb17ced3fbb1e519c1d284faf9d5 SpanID: 0d61393e743fed55 [getRouteById][Query route by id][RouteId: [d693a2c5-ef87-4a3c-bef8-600b43f62c68, 1367db1f-461e-4ab7-87ad-2bcc05fd9cb7, 9fc9c261-3263-4bfa-82f8-bb44e06b2f52, 20eb7122-3a11-423f-b10a-be0dc5bce7db, 0b23bd3e-876a-4af3-b920-c50a90c90b04]]\n"",""stream"":""stdout"",""time"":""2025-06-06T09:22:46.085204717Z""}"
2025-06-06T09:22:46.330024246Z,1674984166330024246,33.33.33.79,ts-price-service-76846864d9-g465z,server,e540bb17ced3fbb1e519c1d284faf9d5,cb6388dbd224ece7,"{""log"":""17:22:46.328 INFO  p.c.PriceController#46 TraceID: e540bb17ced3fbb1e519c1d284faf9d5 SpanID: cb6388dbd224ece7 [findByRouteIdAndTrainType][Query price][routeId and Train Type: [d693a2c5-ef87-4a3c-bef8-600b43f62c68:ZhiDa]]\n"",""stream"":""stdout"",""time"":""2025-06-06T09:22:46.330024246Z""}"
2025-06-06T09:22:46.367440178Z,1674984166367440178,33.33.33.155,ts-order-other-service-6cdbf9b4cc-h7mqk,server,e540bb17ced3fbb1e519c1d284faf9d5,c179d94fd46f1817,"{""log"":""17:22:46.367 WARN  o.s.OrderOtherServiceImpl#72 TraceID: e540bb17ced3fbb1e519c1d284faf9d5 SpanID: c179d94fd46f1817 [getSoldTickets][Seat][No content][seat from date: 2023-01-29 15:38:06, train number: Z1236\n"",""stream"":""stdout"",""time"":""2025-06-06T09:22:46.367440178Z""}"
2025-06-06T09:22:46.366548103Z,1674984166366548103,33.33.33.155,ts-order-other-service-6cdbf9b4cc-h7mqk,server,e540bb17ced3fbb1e519c1d284faf9d5,c179d94fd46f1817,"{""log"":""17:22:46.366 INFO  o.c.OrderOtherController#42 TraceID: e540bb17ced3fbb1e519c1d284faf9d5 SpanID: c179d94fd46f1817 [getSoldTickets][Get Sold Ticket][Travel Date: 2023-01-29 15:38:06]\n"",""stream"":""stdout"",""time"":""2025-06-06T09:22:46.366548103Z""}"
2025-06-06T09:22:46.350158381Z,1674984166350158381,33.33.33.155,ts-order-other-service-6cdbf9b4cc-h7mqk,server,e540bb17ced3fbb1e519c1d284faf9d5,8f0df033b19a4ce2,"{""log"":""17:22:46.349 WARN  o.s.OrderOtherServiceImpl#72 TraceID: e540bb17ced3fbb1e519c1d284faf9d5 SpanID: 8f0df033b19a4ce2 [getSoldTickets][Seat][No content][seat from date: 2023-01-29 15:38:06, train number: Z1236\n"",""stream"":""stdout"",""time"":""2025-06-06T09:22:46.350158381Z""}"
2025-06-06T09:22:46.349141437Z,1674984166349141437,33.33.33.155,ts-order-other-service-6cdbf9b4cc-h7mqk,server,e540bb17ced3fbb1e519c1d284faf9d5,8f0df033b19a4ce2,"{""log"":""17:22:46.348 INFO  o.c.OrderOtherController#42 TraceID: e540bb17ced3fbb1e519c1d284faf9d5 SpanID: 8f0df033b19a4ce2 [getSoldTickets][Get Sold Ticket][Travel Date: 2023-01-29 15:38:06]\n"",""stream"":""stdout"",""time"":""2025-06-06T09:22:46.349141437Z""}"
2025-06-06T09:22:46.371871465Z,1674984166371871465,33.33.33.115,ts-config-service-5fcd447d84-wxwjd,server,e540bb17ced3fbb1e519c1d284faf9d5,34809dda9b60bd77,"{""log"":""17:22:46.371 INFO  c.s.ConfigServiceImpl#65 TraceID: e540bb17ced3fbb1e519c1d284faf9d5 SpanID: 34809dda9b60bd77 [query][Query config success][config name: DirectTicketAllocationProportion]\n"",""stream"":""stdout"",""time"":""2025-06-06T09:22:46.371871465Z""}"
2025-06-06T09:22:46.371071785Z,1674984166371071785,33.33.33.115,ts-config-service-5fcd447d84-wxwjd,server,e540bb17ced3fbb1e519c1d284faf9d5,34809dda9b60bd77,"{""log"":""17:22:46.370 INFO  c.c.ConfigController#67 TraceID: e540bb17ced3fbb1e519c1d284faf9d5 SpanID: 34809dda9b60bd77 [retrieve][Retrieve config][configName: DirectTicketAllocationProportion]\n"",""stream"":""stdout"",""time"":""2025-06-06T09:22:46.371071785Z""}"
2025-06-06T09:22:46.356857391Z,1674984166356857391,33.33.33.115,ts-config-service-5fcd447d84-wxwjd,server,e540bb17ced3fbb1e519c1d284faf9d5,76f9437474a82b42,"{""log"":""17:22:46.356 INFO  c.s.ConfigServiceImpl#65 TraceID: e540bb17ced3fbb1e519c1d284faf9d5 SpanID: 76f9437474a82b42 [query][Query config success][config name: DirectTicketAllocationProportion]\n"",""stream"":""stdout"",""time"":""2025-06-06T09:22:46.356857391Z""}"
2025-06-06T09:22:46.355708432Z,1674984166355708432,33.33.33.115,ts-config-service-5fcd447d84-wxwjd,server,e540bb17ced3fbb1e519c1d284faf9d5,76f9437474a82b42,"{""log"":""17:22:46.355 INFO  c.c.ConfigController#67 TraceID: e540bb17ced3fbb1e519c1d284faf9d5 SpanID: 76f9437474a82b42 [retrieve][Retrieve config][configName: DirectTicketAllocationProportion]\n"",""stream"":""stdout"",""time"":""2025-06-06T09:22:46.355708432Z""}"
2025-06-06T09:22:46.336072899Z,1674984166336072899,33.33.33.76,ts-basic-service-5dc8d4f9fd-46997,server,e540bb17ced3fbb1e519c1d284faf9d5,372c6fa0eccef6f0,"{""log"":""17:22:46.335 INFO  f.m.s.BasicServiceImpl#320 TraceID: e540bb17ced3fbb1e519c1d284faf9d5 SpanID: 372c6fa0eccef6f0 [queryForTravels][all done][result map: {Z1236=TravelResult(status=true, percent=1.0, trainType=TrainType(id=e24bb484-516a-4aad-b37f-517e7139e913, name=ZhiDa, economyClass=2147483647, confortClass=2147483647, averageSpeed=120), route=Route(id=d693a2c5-ef87-4a3c-bef8-600b43f62c68, stations=[taiyuan, shijiazhuang, nanjing, shanghai], distances=[0, 300, 950, 1300], startStation=taiyuan, endStation=shanghai), prices={confortClass=350.0, economyClass=112.0})}]\n"",""stream"":""stdout"",""time"":""2025-06-06T09:22:46.336072899Z""}"
2025-06-06T09:22:46.335687719Z,1674984166335687719,33.33.33.76,ts-basic-service-5dc8d4f9fd-46997,server,e540bb17ced3fbb1e519c1d284faf9d5,372c6fa0eccef6f0,"{""log"":""17:22:46.335 INFO  f.m.s.BasicServiceImpl#481 TraceID: e540bb17ced3fbb1e519c1d284faf9d5 SpanID: 372c6fa0eccef6f0 [queryPriceConfigByRouteIdsAndTrainTypes][Get Price Config by routeId and trainType][Success][priceConfigs: {d693a2c5-ef87-4a3c-bef8-600b43f62c68:ZhiDa={id=8b059dc5-01a2-4f8f-8f94-6c886b38bb34, trainType=ZhiDa, routeId=d693a2c5-ef87-4a3c-bef8-600b43f62c68, basicPriceRate=0.32, firstClassPriceRate=1.0}}]\n"",""stream"":""stdout"",""time"":""2025-06-06T09:22:46.335687719Z""}"
2025-06-06T09:22:46.100362748Z,1674984166100362748,33.33.33.76,ts-basic-service-5dc8d4f9fd-46997,server,e540bb17ced3fbb1e519c1d284faf9d5,372c6fa0eccef6f0,"{""log"":""17:22:46.100 INFO  f.m.s.BasicServiceImpl#459 TraceID: e540bb17ced3fbb1e519c1d284faf9d5 SpanID: 372c6fa0eccef6f0 [queryPriceConfigByRouteIdsAndTrainTypes][Query For Price Config][RouteId and TrainType: [d693a2c5-ef87-4a3c-bef8-600b43f62c68:ZhiDa]]\n"",""stream"":""stdout"",""time"":""2025-06-06T09:22:46.100362748Z""}"
2025-06-06T09:22:46.099927824Z,1674984166099927824,33.33.33.76,ts-basic-service-5dc8d4f9fd-46997,server,e540bb17ced3fbb1e519c1d284faf9d5,372c6fa0eccef6f0,"{""log"":""17:22:46.099 ERROR  f.m.s.BasicServiceImpl#415 TraceID: e540bb17ced3fbb1e519c1d284faf9d5 SpanID: 372c6fa0eccef6f0 [getRoutesByRouteIds][Get Route By Ids Failed]\n"",""stream"":""stdout"",""time"":""2025-06-06T09:22:46.099927824Z""}"
2025-06-06T09:22:46.080480552Z,1674984166080480552,33.33.33.76,ts-basic-service-5dc8d4f9fd-46997,server,e540bb17ced3fbb1e519c1d284faf9d5,372c6fa0eccef6f0,"{""log"":""17:22:46.080 INFO  f.m.s.BasicServiceImpl#405 TraceID: e540bb17ced3fbb1e519c1d284faf9d5 SpanID: 372c6fa0eccef6f0 [getRoutesByRouteIds][Get Route By Ids][Route IDs: [d693a2c5-ef87-4a3c-bef8-600b43f62c68, 1367db1f-461e-4ab7-87ad-2bcc05fd9cb7, 9fc9c261-3263-4bfa-82f8-bb44e06b2f52, 20eb7122-3a11-423f-b10a-be0dc5bce7db, 0b23bd3e-876a-4af3-b920-c50a90c90b04]]\n"",""stream"":""stdout"",""time"":""2025-06-06T09:22:46.080480552Z""}"
2025-06-06T09:22:46.072045087Z,1674984166072045087,33.33.33.76,ts-basic-service-5dc8d4f9fd-46997,server,e540bb17ced3fbb1e519c1d284faf9d5,372c6fa0eccef6f0,"{""log"":""17:22:46.071 INFO  f.m.s.BasicServiceImpl#374 TraceID: e540bb17ced3fbb1e519c1d284faf9d5 SpanID: 372c6fa0eccef6f0 [queryTrainTypeByNames][Query Train Type][Train Type names: [TeKuai, ZhiDa, KuaiSu]]\n"",""stream"":""stdout"",""time"":""2025-06-06T09:22:46.072045087Z""}"
2025-06-06T09:22:46.066317812Z,1674984166066317812,33.33.33.76,ts-basic-service-5dc8d4f9fd-46997,server,e540bb17ced3fbb1e519c1d284faf9d5,372c6fa0eccef6f0,"{""log"":""17:22:46.066 INFO  f.m.s.BasicServiceImpl#343 TraceID: e540bb17ced3fbb1e519c1d284faf9d5 SpanID: 372c6fa0eccef6f0 [checkStationsExists][Check Stations Exists][stationNames: [nanjing, shanghai]]\n"",""stream"":""stdout"",""time"":""2025-06-06T09:22:46.066317812Z""}"
2025-06-06T09:22:46.066223721Z,1674984166066223721,33.33.33.76,ts-basic-service-5dc8d4f9fd-46997,server,e540bb17ced3fbb1e519c1d284faf9d5,372c6fa0eccef6f0,"{""log"":""17:22:46.065 INFO  f.m.c.BasicController#45 TraceID: e540bb17ced3fbb1e519c1d284faf9d5 SpanID: 372c6fa0eccef6f0 [queryForTravels][Query for travels][Travels: [Travel(trip=Trip(id=8a533bf9-bd12-4608-a8eb-606890982448, tripId=Z1234, trainTypeName=ZhiDa, routeId=0b23bd3e-876a-4af3-b920-c50a90c90b04, startStationName=shanghai, stationsName=nanjing, terminalStationName=beijing, startTime=2013-05-04 09:51:52, endTime=2013-05-04 15:51:52), startPlace=nanjing, endPlace=shanghai, departureTime=2023-01-29 15:38:06), Travel(trip=Trip(id=5c63588e-ad31-4ded-98ac-f4a1a78a36b2, tripId=Z1235, trainTypeName=ZhiDa, routeId=9fc9c261-3263-4bfa-82f8-bb44e06b2f52, startStationName=shanghai, stationsName=nanjing, terminalStationName=beijing, startTime=2013-05-04 11:31:52, endTime=2013-05-04 17:51:52), startPlace=nanjing, endPlace=shanghai, departureTime=2023-01-29 15:38:06), Travel(trip=Trip(id=e1367946-9ecd-4ee6-acbf-8b705e8df59d, tripId=Z1236, trainTypeName=ZhiDa, routeId=d693a2c5-ef87-4a3c-bef8-600b43f62c68, startStationName=shanghai, stationsName=nanjing, terminalStationName=beijing, startTime=2013-05-04 7:05:52, endTime=2013-05-04 12:51:52), startPlace=nanjing, endPlace=shanghai, departureTime=2023-01-29 15:38:06), Travel(trip=Trip(id=502d2768-8480-47fc-91fd-f647267dfac6, tripId=T1235, trainTypeName=TeKuai, routeId=20eb7122-3a11-423f-b10a-be0dc5bce7db, startStationName=shanghai, stationsName=nanjing, terminalStationName=beijing, startTime=2013-05-04 08:31:52, endTime=2013-05-04 17:21:52), startPlace=nanjing, endPlace=shanghai, departureTime=2023-01-29 15:38:06), Travel(trip=Trip(id=a3c9545b-1889-4ea1-9015-b9af1896bc01, tripId=K1345, trainTypeName=KuaiSu, routeId=1367db1f-461e-4ab7-87ad-2bcc05fd9cb7, startStationName=shanghai, stationsName=nanjing, terminalStationName=beijing, startTime=2013-05-04 07:51:52, endTime=2013-05-04 19:59:52), startPlace=nanjing, endPlace=shanghai, departureTime=2023-01-29 15:38:06)]]\n"",""stream"":""stdout"",""time"":""2025-06-06T09:22:46.066223721Z""}"
2025-06-06T09:22:43.496954218Z,1674984163496954218,33.33.33.167,ts-travel2-service-5c66d57d58-6mp2b,server,9b27b6615aba16d4ce443d5bbab9fcb8,4d0d42ccf131783b,"{""log"":""17:22:43.496 INFO  t.s.TravelServiceImpl#372 TraceID: 9b27b6615aba16d4ce443d5bbab9fcb8 SpanID: 4d0d42ccf131783b [getTickets][Calculate distance][calculate time：175  time: Sat May 04 12:46:52 CST 2013]\n"",""stream"":""stdout"",""time"":""2025-06-06T09:22:43.496954218Z""}"
2025-06-06T09:22:43.496827574Z,1674984163496827574,33.33.33.167,ts-travel2-service-5c66d57d58-6mp2b,server,9b27b6615aba16d4ce443d5bbab9fcb8,4d0d42ccf131783b,"{""log"":""17:22:43.496 INFO  t.s.TravelServiceImpl#366 TraceID: 9b27b6615aba16d4ce443d5bbab9fcb8 SpanID: 4d0d42ccf131783b [getTickets][Calculate distance][calculate time：0  time: Sat May 04 09:51:52 CST 2013]\n"",""stream"":""stdout"",""time"":""2025-06-06T09:22:43.496827574Z""}"
2025-06-06T09:22:43.496629609Z,1674984163496629609,33.33.33.167,ts-travel2-service-5c66d57d58-6mp2b,server,9b27b6615aba16d4ce443d5bbab9fcb8,4d0d42ccf131783b,"{""log"":""17:22:43.496 INFO  t.s.TravelServiceImpl#469 TraceID: 9b27b6615aba16d4ce443d5bbab9fcb8 SpanID: 4d0d42ccf131783b [getRestTicketNumber][Get Rest tickets num][num is: Response(status=1, msg=Get Left Ticket of Internal Success, data=1073741823)]\n"",""stream"":""stdout"",""time"":""2025-06-06T09:22:43.496629609Z""}"
2025-06-06T09:22:43.483122493Z,1674984163483122493,33.33.33.167,ts-travel2-service-5c66d57d58-6mp2b,server,9b27b6615aba16d4ce443d5bbab9fcb8,4d0d42ccf131783b,"{""log"":""17:22:43.482 INFO  t.s.TravelServiceImpl#459 TraceID: 9b27b6615aba16d4ce443d5bbab9fcb8 SpanID: 4d0d42ccf131783b [getRestTicketNumber][Seat request][request: Seat(travelDate=2023-01-29 15:38:06, trainNumber=Z1234, startStation=shanghai, destStation=nanjing, seatType=3, totalNum=2147483647, stations=[shanghai, nanjing, shijiazhuang, taiyuan])]\n"",""stream"":""stdout"",""time"":""2025-06-06T09:22:43.483122493Z""}"
2025-06-06T09:22:43.482975056Z,1674984163482975056,33.33.33.167,ts-travel2-service-5c66d57d58-6mp2b,server,9b27b6615aba16d4ce443d5bbab9fcb8,4d0d42ccf131783b,"{""log"":""17:22:43.482 INFO  t.s.TravelServiceImpl#469 TraceID: 9b27b6615aba16d4ce443d5bbab9fcb8 SpanID: 4d0d42ccf131783b [getRestTicketNumber][Get Rest tickets num][num is: Response(status=1, msg=Get Left Ticket of Internal Success, data=1073741823)]\n"",""stream"":""stdout"",""time"":""2025-06-06T09:22:43.482975056Z""}"
2025-06-06T09:22:43.454502031Z,1674984163454502031,33.33.33.167,ts-travel2-service-5c66d57d58-6mp2b,server,9b27b6615aba16d4ce443d5bbab9fcb8,4d0d42ccf131783b,"{""log"":""17:22:43.453 INFO  t.s.TravelServiceImpl#459 TraceID: 9b27b6615aba16d4ce443d5bbab9fcb8 SpanID: 4d0d42ccf131783b [getRestTicketNumber][Seat request][request: Seat(travelDate=2023-01-29 15:38:06, trainNumber=Z1234, startStation=shanghai, destStation=nanjing, seatType=2, totalNum=2147483647, stations=[shanghai, nanjing, shijiazhuang, taiyuan])]\n"",""stream"":""stdout"",""time"":""2025-06-06T09:22:43.454502031Z""}"
2025-06-06T09:22:43.150345437Z,1674984163150345437,33.33.33.167,ts-travel2-service-5c66d57d58-6mp2b,server,9b27b6615aba16d4ce443d5bbab9fcb8,4d0d42ccf131783b,"{""log"":""17:22:43.149 INFO  t.s.TravelServiceImpl#260 TraceID: 9b27b6615aba16d4ce443d5bbab9fcb8 SpanID: 4d0d42ccf131783b [getTicketsByBatch][before get basic][trips: [Trip(id=8a533bf9-bd12-4608-a8eb-606890982448, tripId=Z1234, trainTypeName=ZhiDa, routeId=0b23bd3e-876a-4af3-b920-c50a90c90b04, startStationName=shanghai, stationsName=nanjing, terminalStationName=beijing, startTime=2013-05-04 09:51:52, endTime=2013-05-04 15:51:52), Trip(id=5c63588e-ad31-4ded-98ac-f4a1a78a36b2, tripId=Z1235, trainTypeName=ZhiDa, routeId=9fc9c261-3263-4bfa-82f8-bb44e06b2f52, startStationName=shanghai, stationsName=nanjing, terminalStationName=beijing, startTime=2013-05-04 11:31:52, endTime=2013-05-04 17:51:52), Trip(id=e1367946-9ecd-4ee6-acbf-8b705e8df59d, tripId=Z1236, trainTypeName=ZhiDa, routeId=d693a2c5-ef87-4a3c-bef8-600b43f62c68, startStationName=shanghai, stationsName=nanjing, terminalStationName=beijing, startTime=2013-05-04 7:05:52, endTime=2013-05-04 12:51:52), Trip(id=502d2768-8480-47fc-91fd-f647267dfac6, tripId=T1235, trainTypeName=TeKuai, routeId=20eb7122-3a11-423f-b10a-be0dc5bce7db, startStationName=shanghai, stationsName=nanjing, terminalStationName=beijing, startTime=2013-05-04 08:31:52, endTime=2013-05-04 17:21:52), Trip(id=a3c9545b-1889-4ea1-9015-b9af1896bc01, tripId=K1345, trainTypeName=KuaiSu, routeId=1367db1f-461e-4ab7-87ad-2bcc05fd9cb7, startStationName=shanghai, stationsName=nanjing, terminalStationName=beijing, startTime=2013-05-04 07:51:52, endTime=2013-05-04 19:59:52)]]\n"",""stream"":""stdout"",""time"":""2025-06-06T09:22:43.150345437Z""}"
2025-06-06T09:22:43.14668235Z,1674984163146682350,33.33.33.167,ts-travel2-service-5c66d57d58-6mp2b,server,9b27b6615aba16d4ce443d5bbab9fcb8,4d0d42ccf131783b,"{""log"":""17:22:43.146 INFO  t.c.Travel2Controller#115 TraceID: 9b27b6615aba16d4ce443d5bbab9fcb8 SpanID: 4d0d42ccf131783b [query][Query TripResponse]\n"",""stream"":""stdout"",""time"":""2025-06-06T09:22:43.14668235Z""}"
2025-06-06T09:22:43.397156046Z,1674984163397156046,33.33.33.79,ts-train-service-86f5f97bc9-dkqmf,server,9b27b6615aba16d4ce443d5bbab9fcb8,07ed9bea24086a58,"{""log"":""17:22:43.396 INFO  t.c.TrainController#72 TraceID: 9b27b6615aba16d4ce443d5bbab9fcb8 SpanID: 07ed9bea24086a58 [retrieveByNames][Retrieve train][TrainTypeNames: [TeKuai, ZhiDa, KuaiSu]]\n"",""stream"":""stdout"",""time"":""2025-06-06T09:22:43.397156046Z""}"
2025-06-06T09:22:43.155760253Z,1674984163155760253,33.33.33.76,ts-station-service-7f4f5f6f77-5qb6j,server,9b27b6615aba16d4ce443d5bbab9fcb8,d8d6a040953c45c3,"{""log"":""17:22:43.155 INFO  f.m.c.StationController#71 TraceID: 9b27b6615aba16d4ce443d5bbab9fcb8 SpanID: d8d6a040953c45c3 [queryForIdBatch][Query stations for id batch][StationNameNumbers: 2]\n"",""stream"":""stdout"",""time"":""2025-06-06T09:22:43.155760253Z""}"
2025-06-06T09:22:43.495231039Z,1674984163495231039,33.33.33.82,ts-seat-service-5c95b49cff-tdsdz,server,9b27b6615aba16d4ce443d5bbab9fcb8,13c1e8ad0625824b,"{""log"":""17:22:43.494 INFO  s.s.SeatServiceImpl#217 TraceID: 9b27b6615aba16d4ce443d5bbab9fcb8 SpanID: 13c1e8ad0625824b [getDirectProportion][Configs is : Config(name=DirectTicketAllocationProportion, value=0.5, description=Allocation Proportion Of The Direct Ticket - From Start To End)]\n"",""stream"":""stdout"",""time"":""2025-06-06T09:22:43.495231039Z""}"
2025-06-06T09:22:43.491091602Z,1674984163491091602,33.33.33.82,ts-seat-service-5c95b49cff-tdsdz,server,9b27b6615aba16d4ce443d5bbab9fcb8,13c1e8ad0625824b,"{""log"":""17:22:43.490 INFO  s.s.SeatServiceImpl#166 TraceID: 9b27b6615aba16d4ce443d5bbab9fcb8 SpanID: 13c1e8ad0625824b [getLeftTicketOfInterval][Get Order tickets result][result is \u003c200,Response(status=0, msg=Seat is Null., data=null),[vary:\""Origin,Access-Control-Request-Method,Access-Control-Request-Headers\"", x-content-type-options:\""nosniff\"", x-xss-protection:\""1; mode=block\"", cache-control:\""no-cache, no-store, max-age=0, must-revalidate\"", pragma:\""no-cache\"", expires:\""0\"", x-frame-options:\""DENY\"", content-type:\""application/json\"", date:\""Sun, 29 Jan 2023 09:22:43 GMT\"", x-envoy-upstream-service-time:\""2\"", server:\""envoy\"", transfer-encoding:\""chunked\""]\u003e]\n"",""stream"":""stdout"",""time"":""2025-06-06T09:22:43.491091602Z""}"
2025-06-06T09:22:43.486527213Z,1674984163486527213,33.33.33.82,ts-seat-service-5c95b49cff-tdsdz,server,9b27b6615aba16d4ce443d5bbab9fcb8,13c1e8ad0625824b,"{""log"":""17:22:43.486 INFO  s.s.SeatServiceImpl#154 TraceID: 9b27b6615aba16d4ce443d5bbab9fcb8 SpanID: 13c1e8ad0625824b [getLeftTicketOfInterval][TrainNumber start with other capital][trainNumber:Z1234]\n"",""stream"":""stdout"",""time"":""2025-06-06T09:22:43.486527213Z""}"
2025-06-06T09:22:43.486186338Z,1674984163486186338,33.33.33.82,ts-seat-service-5c95b49cff-tdsdz,server,9b27b6615aba16d4ce443d5bbab9fcb8,13c1e8ad0625824b,"{""log"":""17:22:43.485 INFO  s.s.SeatServiceImpl#137 TraceID: 9b27b6615aba16d4ce443d5bbab9fcb8 SpanID: 13c1e8ad0625824b [getLeftTicketOfInterval][Seat request][request:Seat(travelDate=2023-01-29 15:38:06, trainNumber=Z1234, startStation=shanghai, destStation=nanjing, seatType=3, totalNum=2147483647, stations=[shanghai, nanjing, shijiazhuang, taiyuan])]\n"",""stream"":""stdout"",""time"":""2025-06-06T09:22:43.486186338Z""}"
2025-06-06T09:22:43.485810479Z,1674984163485810479,33.33.33.82,ts-seat-service-5c95b49cff-tdsdz,server,9b27b6615aba16d4ce443d5bbab9fcb8,13c1e8ad0625824b,"{""log"":""17:22:43.485 INFO  s.c.SeatController#57 TraceID: 9b27b6615aba16d4ce443d5bbab9fcb8 SpanID: 13c1e8ad0625824b [getLeftTicketOfInterval][Get left ticket of interval][TravelDate: 2023-01-29 15:38:06,TrainNumber: Z1234,SeatType: 3]\n"",""stream"":""stdout"",""time"":""2025-06-06T09:22:43.485810479Z""}"
2025-06-06T09:22:43.481197984Z,1674984163481197984,33.33.33.82,ts-seat-service-5c95b49cff-tdsdz,server,9b27b6615aba16d4ce443d5bbab9fcb8,2c688693fc6f4d0e,"{""log"":""17:22:43.480 INFO  s.s.SeatServiceImpl#217 TraceID: 9b27b6615aba16d4ce443d5bbab9fcb8 SpanID: 2c688693fc6f4d0e [getDirectProportion][Configs is : Config(name=DirectTicketAllocationProportion, value=0.5, description=Allocation Proportion Of The Direct Ticket - From Start To End)]\n"",""stream"":""stdout"",""time"":""2025-06-06T09:22:43.481197984Z""}"
2025-06-06T09:22:43.476662703Z,1674984163476662703,33.33.33.82,ts-seat-service-5c95b49cff-tdsdz,server,9b27b6615aba16d4ce443d5bbab9fcb8,2c688693fc6f4d0e,"{""log"":""17:22:43.475 INFO  s.s.SeatServiceImpl#166 TraceID: 9b27b6615aba16d4ce443d5bbab9fcb8 SpanID: 2c688693fc6f4d0e [getLeftTicketOfInterval][Get Order tickets result][result is \u003c200,Response(status=0, msg=Seat is Null., data=null),[vary:\""Origin,Access-Control-Request-Method,Access-Control-Request-Headers\"", x-content-type-options:\""nosniff\"", x-xss-protection:\""1; mode=block\"", cache-control:\""no-cache, no-store, max-age=0, must-revalidate\"", pragma:\""no-cache\"", expires:\""0\"", x-frame-options:\""DENY\"", content-type:\""application/json\"", date:\""Sun, 29 Jan 2023 09:22:43 GMT\"", x-envoy-upstream-service-time:\""3\"", server:\""envoy\"", transfer-encoding:\""chunked\""]\u003e]\n"",""stream"":""stdout"",""time"":""2025-06-06T09:22:43.476662703Z""}"
2025-06-06T09:22:43.471437164Z,1674984163471437164,33.33.33.82,ts-seat-service-5c95b49cff-tdsdz,server,9b27b6615aba16d4ce443d5bbab9fcb8,2c688693fc6f4d0e,"{""log"":""17:22:43.470 INFO  s.s.SeatServiceImpl#154 TraceID: 9b27b6615aba16d4ce443d5bbab9fcb8 SpanID: 2c688693fc6f4d0e [getLeftTicketOfInterval][TrainNumber start with other capital][trainNumber:Z1234]\n"",""stream"":""stdout"",""time"":""2025-06-06T09:22:43.471437164Z""}"
2025-06-06T09:22:43.471100014Z,1674984163471100014,33.33.33.82,ts-seat-service-5c95b49cff-tdsdz,server,9b27b6615aba16d4ce443d5bbab9fcb8,2c688693fc6f4d0e,"{""log"":""17:22:43.470 INFO  s.s.SeatServiceImpl#137 TraceID: 9b27b6615aba16d4ce443d5bbab9fcb8 SpanID: 2c688693fc6f4d0e [getLeftTicketOfInterval][Seat request][request:Seat(travelDate=2023-01-29 15:38:06, trainNumber=Z1234, startStation=shanghai, destStation=nanjing, seatType=2, totalNum=2147483647, stations=[shanghai, nanjing, shijiazhuang, taiyuan])]\n"",""stream"":""stdout"",""time"":""2025-06-06T09:22:43.471100014Z""}"
2025-06-06T09:22:43.470699655Z,1674984163470699655,33.33.33.82,ts-seat-service-5c95b49cff-tdsdz,server,9b27b6615aba16d4ce443d5bbab9fcb8,2c688693fc6f4d0e,"{""log"":""17:22:43.469 INFO  s.c.SeatController#57 TraceID: 9b27b6615aba16d4ce443d5bbab9fcb8 SpanID: 2c688693fc6f4d0e [getLeftTicketOfInterval][Get left ticket of interval][TravelDate: 2023-01-29 15:38:06,TrainNumber: Z1234,SeatType: 2]\n"",""stream"":""stdout"",""time"":""2025-06-06T09:22:43.470699655Z""}"
2025-06-06T09:22:43.430036687Z,1674984163430036687,33.33.33.80,ts-route-service-b6c59fb57-zv8dt,server,9b27b6615aba16d4ce443d5bbab9fcb8,e7408af77aa1b344,"{""log"":""17:22:43.428 INFO  r.c.RouteController#53 TraceID: 9b27b6615aba16d4ce443d5bbab9fcb8 SpanID: e7408af77aa1b344 [getRouteById][Query route by id][RouteId: [d693a2c5-ef87-4a3c-bef8-600b43f62c68, 1367db1f-461e-4ab7-87ad-2bcc05fd9cb7, 9fc9c261-3263-4bfa-82f8-bb44e06b2f52, 20eb7122-3a11-423f-b10a-be0dc5bce7db, 0b23bd3e-876a-4af3-b920-c50a90c90b04]]\n"",""stream"":""stdout"",""time"":""2025-06-06T09:22:43.430036687Z""}"
2025-06-06T09:22:43.447692023Z,1674984163447692023,33.33.33.79,ts-price-service-76846864d9-g465z,server,9b27b6615aba16d4ce443d5bbab9fcb8,bb94c6d29fc69791,"{""log"":""17:22:43.446 INFO  p.c.PriceController#46 TraceID: 9b27b6615aba16d4ce443d5bbab9fcb8 SpanID: bb94c6d29fc69791 [findByRouteIdAndTrainType][Query price][routeId and Train Type: [0b23bd3e-876a-4af3-b920-c50a90c90b04:ZhiDa]]\n"",""stream"":""stdout"",""time"":""2025-06-06T09:22:43.447692023Z""}"
2025-06-06T09:22:43.489257189Z,1674984163489257189,33.33.33.155,ts-order-other-service-6cdbf9b4cc-h7mqk,server,9b27b6615aba16d4ce443d5bbab9fcb8,c93d12b6b15b5b7d,"{""log"":""17:22:43.489 WARN  o.s.OrderOtherServiceImpl#72 TraceID: 9b27b6615aba16d4ce443d5bbab9fcb8 SpanID: c93d12b6b15b5b7d [getSoldTickets][Seat][No content][seat from date: 2023-01-29 15:38:06, train number: Z1234\n"",""stream"":""stdout"",""time"":""2025-06-06T09:22:43.489257189Z""}"
2025-06-06T09:22:43.488447531Z,1674984163488447531,33.33.33.155,ts-order-other-service-6cdbf9b4cc-h7mqk,server,9b27b6615aba16d4ce443d5bbab9fcb8,c93d12b6b15b5b7d,"{""log"":""17:22:43.488 INFO  o.c.OrderOtherController#42 TraceID: 9b27b6615aba16d4ce443d5bbab9fcb8 SpanID: c93d12b6b15b5b7d [getSoldTickets][Get Sold Ticket][Travel Date: 2023-01-29 15:38:06]\n"",""stream"":""stdout"",""time"":""2025-06-06T09:22:43.488447531Z""}"
2025-06-06T09:22:43.474617072Z,1674984163474617072,33.33.33.155,ts-order-other-service-6cdbf9b4cc-h7mqk,server,9b27b6615aba16d4ce443d5bbab9fcb8,466aad5bf8715749,"{""log"":""17:22:43.474 WARN  o.s.OrderOtherServiceImpl#72 TraceID: 9b27b6615aba16d4ce443d5bbab9fcb8 SpanID: 466aad5bf8715749 [getSoldTickets][Seat][No content][seat from date: 2023-01-29 15:38:06, train number: Z1234\n"",""stream"":""stdout"",""time"":""2025-06-06T09:22:43.474617072Z""}"
2025-06-06T09:22:43.473657596Z,1674984163473657596,33.33.33.155,ts-order-other-service-6cdbf9b4cc-h7mqk,server,9b27b6615aba16d4ce443d5bbab9fcb8,466aad5bf8715749,"{""log"":""17:22:43.473 INFO  o.c.OrderOtherController#42 TraceID: 9b27b6615aba16d4ce443d5bbab9fcb8 SpanID: 466aad5bf8715749 [getSoldTickets][Get Sold Ticket][Travel Date: 2023-01-29 15:38:06]\n"",""stream"":""stdout"",""time"":""2025-06-06T09:22:43.473657596Z""}"
2025-06-06T09:22:43.493463718Z,1674984163493463718,33.33.33.115,ts-config-service-5fcd447d84-wxwjd,server,9b27b6615aba16d4ce443d5bbab9fcb8,b693874953a9d2df,"{""log"":""17:22:43.493 INFO  c.s.ConfigServiceImpl#65 TraceID: 9b27b6615aba16d4ce443d5bbab9fcb8 SpanID: b693874953a9d2df [query][Query config success][config name: DirectTicketAllocationProportion]\n"",""stream"":""stdout"",""time"":""2025-06-06T09:22:43.493463718Z""}"
2025-06-06T09:22:43.492774917Z,1674984163492774917,33.33.33.115,ts-config-service-5fcd447d84-wxwjd,server,9b27b6615aba16d4ce443d5bbab9fcb8,b693874953a9d2df,"{""log"":""17:22:43.492 INFO  c.c.ConfigController#67 TraceID: 9b27b6615aba16d4ce443d5bbab9fcb8 SpanID: b693874953a9d2df [retrieve][Retrieve config][configName: DirectTicketAllocationProportion]\n"",""stream"":""stdout"",""time"":""2025-06-06T09:22:43.492774917Z""}"
2025-06-06T09:22:43.479193152Z,1674984163479193152,33.33.33.115,ts-config-service-5fcd447d84-wxwjd,server,9b27b6615aba16d4ce443d5bbab9fcb8,0cd95504926bce4d,"{""log"":""17:22:43.478 INFO  c.s.ConfigServiceImpl#65 TraceID: 9b27b6615aba16d4ce443d5bbab9fcb8 SpanID: 0cd95504926bce4d [query][Query config success][config name: DirectTicketAllocationProportion]\n"",""stream"":""stdout"",""time"":""2025-06-06T09:22:43.479193152Z""}"
2025-06-06T09:22:43.478461416Z,1674984163478461416,33.33.33.115,ts-config-service-5fcd447d84-wxwjd,server,9b27b6615aba16d4ce443d5bbab9fcb8,0cd95504926bce4d,"{""log"":""17:22:43.478 INFO  c.c.ConfigController#67 TraceID: 9b27b6615aba16d4ce443d5bbab9fcb8 SpanID: 0cd95504926bce4d [retrieve][Retrieve config][configName: DirectTicketAllocationProportion]\n"",""stream"":""stdout"",""time"":""2025-06-06T09:22:43.478461416Z""}"
2025-06-06T09:22:43.45197351Z,1674984163451973510,33.33.33.76,ts-basic-service-5dc8d4f9fd-46997,server,9b27b6615aba16d4ce443d5bbab9fcb8,992541ca16034662,"{""log"":""17:22:43.451 INFO  f.m.s.BasicServiceImpl#320 TraceID: 9b27b6615aba16d4ce443d5bbab9fcb8 SpanID: 992541ca16034662 [queryForTravels][all done][result map: {Z1234=TravelResult(status=true, percent=1.0, trainType=TrainType(id=e24bb484-516a-4aad-b37f-517e7139e913, name=ZhiDa, economyClass=2147483647, confortClass=2147483647, averageSpeed=120), route=Route(id=0b23bd3e-876a-4af3-b920-c50a90c90b04, stations=[shanghai, nanjing, shijiazhuang, taiyuan], distances=[0, 350, 1000, 1300], startStation=shanghai, endStation=taiyuan), prices={confortClass=350.0, economyClass=122.49999999999999})}]\n"",""stream"":""stdout"",""time"":""2025-06-06T09:22:43.45197351Z""}"
2025-06-06T09:22:43.451822452Z,1674984163451822452,33.33.33.76,ts-basic-service-5dc8d4f9fd-46997,server,9b27b6615aba16d4ce443d5bbab9fcb8,992541ca16034662,"{""log"":""17:22:43.451 INFO  f.m.s.BasicServiceImpl#481 TraceID: 9b27b6615aba16d4ce443d5bbab9fcb8 SpanID: 992541ca16034662 [queryPriceConfigByRouteIdsAndTrainTypes][Get Price Config by routeId and trainType][Success][priceConfigs: {0b23bd3e-876a-4af3-b920-c50a90c90b04:ZhiDa={id=b90a6ad7-ffad-4624-9655-48e9e185fa6c, trainType=ZhiDa, routeId=0b23bd3e-876a-4af3-b920-c50a90c90b04, basicPriceRate=0.35, firstClassPriceRate=1.0}}]\n"",""stream"":""stdout"",""time"":""2025-06-06T09:22:43.451822452Z""}"
2025-06-06T09:22:43.443692518Z,1674984163443692518,33.33.33.76,ts-basic-service-5dc8d4f9fd-46997,server,9b27b6615aba16d4ce443d5bbab9fcb8,992541ca16034662,"{""log"":""17:22:43.443 INFO  f.m.s.BasicServiceImpl#459 TraceID: 9b27b6615aba16d4ce443d5bbab9fcb8 SpanID: 992541ca16034662 [queryPriceConfigByRouteIdsAndTrainTypes][Query For Price Config][RouteId and TrainType: [0b23bd3e-876a-4af3-b920-c50a90c90b04:ZhiDa]]\n"",""stream"":""stdout"",""time"":""2025-06-06T09:22:43.443692518Z""}"
2025-06-06T09:22:43.443209708Z,1674984163443209708,33.33.33.76,ts-basic-service-5dc8d4f9fd-46997,server,9b27b6615aba16d4ce443d5bbab9fcb8,992541ca16034662,"{""log"":""17:22:43.442 ERROR  f.m.s.BasicServiceImpl#415 TraceID: 9b27b6615aba16d4ce443d5bbab9fcb8 SpanID: 992541ca16034662 [getRoutesByRouteIds][Get Route By Ids Failed]\n"",""stream"":""stdout"",""time"":""2025-06-06T09:22:43.443209708Z""}"
2025-06-06T09:22:43.400879763Z,1674984163400879763,33.33.33.76,ts-basic-service-5dc8d4f9fd-46997,server,9b27b6615aba16d4ce443d5bbab9fcb8,992541ca16034662,"{""log"":""17:22:43.400 INFO  f.m.s.BasicServiceImpl#405 TraceID: 9b27b6615aba16d4ce443d5bbab9fcb8 SpanID: 992541ca16034662 [getRoutesByRouteIds][Get Route By Ids][Route IDs: [d693a2c5-ef87-4a3c-bef8-600b43f62c68, 1367db1f-461e-4ab7-87ad-2bcc05fd9cb7, 9fc9c261-3263-4bfa-82f8-bb44e06b2f52, 20eb7122-3a11-423f-b10a-be0dc5bce7db, 0b23bd3e-876a-4af3-b920-c50a90c90b04]]\n"",""stream"":""stdout"",""time"":""2025-06-06T09:22:43.400879763Z""}"
2025-06-06T09:22:43.158947153Z,1674984163158947153,33.33.33.76,ts-basic-service-5dc8d4f9fd-46997,server,9b27b6615aba16d4ce443d5bbab9fcb8,992541ca16034662,"{""log"":""17:22:43.158 INFO  f.m.s.BasicServiceImpl#374 TraceID: 9b27b6615aba16d4ce443d5bbab9fcb8 SpanID: 992541ca16034662 [queryTrainTypeByNames][Query Train Type][Train Type names: [TeKuai, ZhiDa, KuaiSu]]\n"",""stream"":""stdout"",""time"":""2025-06-06T09:22:43.158947153Z""}"
2025-06-06T09:22:43.15340011Z,1674984163153400110,33.33.33.76,ts-basic-service-5dc8d4f9fd-46997,server,9b27b6615aba16d4ce443d5bbab9fcb8,992541ca16034662,"{""log"":""17:22:43.153 INFO  f.m.s.BasicServiceImpl#343 TraceID: 9b27b6615aba16d4ce443d5bbab9fcb8 SpanID: 992541ca16034662 [checkStationsExists][Check Stations Exists][stationNames: [nanjing, shanghai]]\n"",""stream"":""stdout"",""time"":""2025-06-06T09:22:43.15340011Z""}"
2025-06-06T09:22:43.153246574Z,1674984163153246574,33.33.33.76,ts-basic-service-5dc8d4f9fd-46997,server,9b27b6615aba16d4ce443d5bbab9fcb8,992541ca16034662,"{""log"":""17:22:43.152 INFO  f.m.c.BasicController#45 TraceID: 9b27b6615aba16d4ce443d5bbab9fcb8 SpanID: 992541ca16034662 [queryForTravels][Query for travels][Travels: [Travel(trip=Trip(id=8a533bf9-bd12-4608-a8eb-606890982448, tripId=Z1234, trainTypeName=ZhiDa, routeId=0b23bd3e-876a-4af3-b920-c50a90c90b04, startStationName=shanghai, stationsName=nanjing, terminalStationName=beijing, startTime=2013-05-04 09:51:52, endTime=2013-05-04 15:51:52), startPlace=shanghai, endPlace=nanjing, departureTime=2023-01-29 15:38:06), Travel(trip=Trip(id=5c63588e-ad31-4ded-98ac-f4a1a78a36b2, tripId=Z1235, trainTypeName=ZhiDa, routeId=9fc9c261-3263-4bfa-82f8-bb44e06b2f52, startStationName=shanghai, stationsName=nanjing, terminalStationName=beijing, startTime=2013-05-04 11:31:52, endTime=2013-05-04 17:51:52), startPlace=shanghai, endPlace=nanjing, departureTime=2023-01-29 15:38:06), Travel(trip=Trip(id=e1367946-9ecd-4ee6-acbf-8b705e8df59d, tripId=Z1236, trainTypeName=ZhiDa, routeId=d693a2c5-ef87-4a3c-bef8-600b43f62c68, startStationName=shanghai, stationsName=nanjing, terminalStationName=beijing, startTime=2013-05-04 7:05:52, endTime=2013-05-04 12:51:52), startPlace=shanghai, endPlace=nanjing, departureTime=2023-01-29 15:38:06), Travel(trip=Trip(id=502d2768-8480-47fc-91fd-f647267dfac6, tripId=T1235, trainTypeName=TeKuai, routeId=20eb7122-3a11-423f-b10a-be0dc5bce7db, startStationName=shanghai, stationsName=nanjing, terminalStationName=beijing, startTime=2013-05-04 08:31:52, endTime=2013-05-04 17:21:52), startPlace=shanghai, endPlace=nanjing, departureTime=2023-01-29 15:38:06), Travel(trip=Trip(id=a3c9545b-1889-4ea1-9015-b9af1896bc01, tripId=K1345, trainTypeName=KuaiSu, routeId=1367db1f-461e-4ab7-87ad-2bcc05fd9cb7, startStationName=shanghai, stationsName=nanjing, terminalStationName=beijing, startTime=2013-05-04 07:51:52, endTime=2013-05-04 19:59:52), startPlace=shanghai, endPlace=nanjing, departureTime=2023-01-29 15:38:06)]]\n"",""stream"":""stdout"",""time"":""2025-06-06T09:22:43.153246574Z""}"
2025-06-06T09:22:42.434905787Z,1674984162434905787,33.33.33.167,ts-travel2-service-5c66d57d58-6mp2b,server,e757f12b86f02abd3532e57ae54148c9,36a055f9d3d5a1c8,"{""log"":""17:22:42.434 INFO  t.s.TravelServiceImpl#372 TraceID: e757f12b86f02abd3532e57ae54148c9 SpanID: 36a055f9d3d5a1c8 [getTickets][Calculate distance][calculate time：175  time: Sat May 04 12:46:52 CST 2013]\n"",""stream"":""stdout"",""time"":""2025-06-06T09:22:42.434905787Z""}"
2025-06-06T09:22:42.434763583Z,1674984162434763583,33.33.33.167,ts-travel2-service-5c66d57d58-6mp2b,server,e757f12b86f02abd3532e57ae54148c9,36a055f9d3d5a1c8,"{""log"":""17:22:42.434 INFO  t.s.TravelServiceImpl#366 TraceID: e757f12b86f02abd3532e57ae54148c9 SpanID: 36a055f9d3d5a1c8 [getTickets][Calculate distance][calculate time：0  time: Sat May 04 09:51:52 CST 2013]\n"",""stream"":""stdout"",""time"":""2025-06-06T09:22:42.434763583Z""}"
2025-06-06T09:22:42.434581365Z,1674984162434581365,33.33.33.167,ts-travel2-service-5c66d57d58-6mp2b,server,e757f12b86f02abd3532e57ae54148c9,36a055f9d3d5a1c8,"{""log"":""17:22:42.434 INFO  t.s.TravelServiceImpl#469 TraceID: e757f12b86f02abd3532e57ae54148c9 SpanID: 36a055f9d3d5a1c8 [getRestTicketNumber][Get Rest tickets num][num is: Response(status=1, msg=Get Left Ticket of Internal Success, data=1073741823)]\n"",""stream"":""stdout"",""time"":""2025-06-06T09:22:42.434581365Z""}"
2025-06-06T09:22:42.419589046Z,1674984162419589046,33.33.33.167,ts-travel2-service-5c66d57d58-6mp2b,server,e757f12b86f02abd3532e57ae54148c9,36a055f9d3d5a1c8,"{""log"":""17:22:42.419 INFO  t.s.TravelServiceImpl#459 TraceID: e757f12b86f02abd3532e57ae54148c9 SpanID: 36a055f9d3d5a1c8 [getRestTicketNumber][Seat request][request: Seat(travelDate=2023-01-29 15:38:06, trainNumber=Z1234, startStation=shanghai, destStation=nanjing, seatType=3, totalNum=2147483647, stations=[shanghai, nanjing, shijiazhuang, taiyuan])]\n"",""stream"":""stdout"",""time"":""2025-06-06T09:22:42.419589046Z""}"
2025-06-06T09:22:42.419504889Z,1674984162419504889,33.33.33.167,ts-travel2-service-5c66d57d58-6mp2b,server,e757f12b86f02abd3532e57ae54148c9,36a055f9d3d5a1c8,"{""log"":""17:22:42.419 INFO  t.s.TravelServiceImpl#469 TraceID: e757f12b86f02abd3532e57ae54148c9 SpanID: 36a055f9d3d5a1c8 [getRestTicketNumber][Get Rest tickets num][num is: Response(status=1, msg=Get Left Ticket of Internal Success, data=1073741823)]\n"",""stream"":""stdout"",""time"":""2025-06-06T09:22:42.419504889Z""}"
2025-06-06T09:22:42.399545526Z,1674984162399545526,33.33.33.167,ts-travel2-service-5c66d57d58-6mp2b,server,e757f12b86f02abd3532e57ae54148c9,36a055f9d3d5a1c8,"{""log"":""17:22:42.398 INFO  t.s.TravelServiceImpl#459 TraceID: e757f12b86f02abd3532e57ae54148c9 SpanID: 36a055f9d3d5a1c8 [getRestTicketNumber][Seat request][request: Seat(travelDate=2023-01-29 15:38:06, trainNumber=Z1234, startStation=shanghai, destStation=nanjing, seatType=2, totalNum=2147483647, stations=[shanghai, nanjing, shijiazhuang, taiyuan])]\n"",""stream"":""stdout"",""time"":""2025-06-06T09:22:42.399545526Z""}"
2025-06-06T09:22:42.319202827Z,1674984162319202827,33.33.33.167,ts-travel2-service-5c66d57d58-6mp2b,server,e757f12b86f02abd3532e57ae54148c9,36a055f9d3d5a1c8,"{""log"":""17:22:42.318 INFO  t.s.TravelServiceImpl#260 TraceID: e757f12b86f02abd3532e57ae54148c9 SpanID: 36a055f9d3d5a1c8 [getTicketsByBatch][before get basic][trips: [Trip(id=8a533bf9-bd12-4608-a8eb-606890982448, tripId=Z1234, trainTypeName=ZhiDa, routeId=0b23bd3e-876a-4af3-b920-c50a90c90b04, startStationName=shanghai, stationsName=nanjing, terminalStationName=beijing, startTime=2013-05-04 09:51:52, endTime=2013-05-04 15:51:52), Trip(id=5c63588e-ad31-4ded-98ac-f4a1a78a36b2, tripId=Z1235, trainTypeName=ZhiDa, routeId=9fc9c261-3263-4bfa-82f8-bb44e06b2f52, startStationName=shanghai, stationsName=nanjing, terminalStationName=beijing, startTime=2013-05-04 11:31:52, endTime=2013-05-04 17:51:52), Trip(id=e1367946-9ecd-4ee6-acbf-8b705e8df59d, tripId=Z1236, trainTypeName=ZhiDa, routeId=d693a2c5-ef87-4a3c-bef8-600b43f62c68, startStationName=shanghai, stationsName=nanjing, terminalStationName=beijing, startTime=2013-05-04 7:05:52, endTime=2013-05-04 12:51:52), Trip(id=502d2768-8480-47fc-91fd-f647267dfac6, tripId=T1235, trainTypeName=TeKuai, routeId=20eb7122-3a11-423f-b10a-be0dc5bce7db, startStationName=shanghai, stationsName=nanjing, terminalStationName=beijing, startTime=2013-05-04 08:31:52, endTime=2013-05-04 17:21:52), Trip(id=a3c9545b-1889-4ea1-9015-b9af1896bc01, tripId=K1345, trainTypeName=KuaiSu, routeId=1367db1f-461e-4ab7-87ad-2bcc05fd9cb7, startStationName=shanghai, stationsName=nanjing, terminalStationName=beijing, startTime=2013-05-04 07:51:52, endTime=2013-05-04 19:59:52)]]\n"",""stream"":""stdout"",""time"":""2025-06-06T09:22:42.319202827Z""}"
2025-06-06T09:22:42.31427154Z,1674984162314271540,33.33.33.167,ts-travel2-service-5c66d57d58-6mp2b,server,e757f12b86f02abd3532e57ae54148c9,36a055f9d3d5a1c8,"{""log"":""17:22:42.313 INFO  t.c.Travel2Controller#115 TraceID: e757f12b86f02abd3532e57ae54148c9 SpanID: 36a055f9d3d5a1c8 [query][Query TripResponse]\n"",""stream"":""stdout"",""time"":""2025-06-06T09:22:42.31427154Z""}"
2025-06-06T09:22:42.338699863Z,1674984162338699863,33.33.33.79,ts-train-service-86f5f97bc9-dkqmf,server,e757f12b86f02abd3532e57ae54148c9,c1930bb52bdfcb6b,"{""log"":""17:22:42.337 INFO  t.c.TrainController#72 TraceID: e757f12b86f02abd3532e57ae54148c9 SpanID: c1930bb52bdfcb6b [retrieveByNames][Retrieve train][TrainTypeNames: [TeKuai, ZhiDa, KuaiSu]]\n"",""stream"":""stdout"",""time"":""2025-06-06T09:22:42.338699863Z""}"
2025-06-06T09:22:42.328617949Z,1674984162328617949,33.33.33.76,ts-station-service-7f4f5f6f77-5qb6j,server,e757f12b86f02abd3532e57ae54148c9,99fd14ddd97d524d,"{""log"":""17:22:42.327 INFO  f.m.c.StationController#71 TraceID: e757f12b86f02abd3532e57ae54148c9 SpanID: 99fd14ddd97d524d [queryForIdBatch][Query stations for id batch][StationNameNumbers: 2]\n"",""stream"":""stdout"",""time"":""2025-06-06T09:22:42.328617949Z""}"
2025-06-06T09:22:42.432598475Z,1674984162432598475,33.33.33.82,ts-seat-service-5c95b49cff-tdsdz,server,e757f12b86f02abd3532e57ae54148c9,5292347101b5dad3,"{""log"":""17:22:42.431 INFO  s.s.SeatServiceImpl#217 TraceID: e757f12b86f02abd3532e57ae54148c9 SpanID: 5292347101b5dad3 [getDirectProportion][Configs is : Config(name=DirectTicketAllocationProportion, value=0.5, description=Allocation Proportion Of The Direct Ticket - From Start To End)]\n"",""stream"":""stdout"",""time"":""2025-06-06T09:22:42.432598475Z""}"
2025-06-06T09:22:42.428365213Z,1674984162428365213,33.33.33.82,ts-seat-service-5c95b49cff-tdsdz,server,e757f12b86f02abd3532e57ae54148c9,5292347101b5dad3,"{""log"":""17:22:42.427 INFO  s.s.SeatServiceImpl#166 TraceID: e757f12b86f02abd3532e57ae54148c9 SpanID: 5292347101b5dad3 [getLeftTicketOfInterval][Get Order tickets result][result is \u003c200,Response(status=0, msg=Seat is Null., data=null),[vary:\""Origin,Access-Control-Request-Method,Access-Control-Request-Headers\"", x-content-type-options:\""nosniff\"", x-xss-protection:\""1; mode=block\"", cache-control:\""no-cache, no-store, max-age=0, must-revalidate\"", pragma:\""no-cache\"", expires:\""0\"", x-frame-options:\""DENY\"", content-type:\""application/json\"", date:\""Sun, 29 Jan 2023 09:22:42 GMT\"", x-envoy-upstream-service-time:\""2\"", server:\""envoy\"", transfer-encoding:\""chunked\""]\u003e]\n"",""stream"":""stdout"",""time"":""2025-06-06T09:22:42.428365213Z""}"
2025-06-06T09:22:42.423321628Z,1674984162423321628,33.33.33.82,ts-seat-service-5c95b49cff-tdsdz,server,e757f12b86f02abd3532e57ae54148c9,5292347101b5dad3,"{""log"":""17:22:42.422 INFO  s.s.SeatServiceImpl#154 TraceID: e757f12b86f02abd3532e57ae54148c9 SpanID: 5292347101b5dad3 [getLeftTicketOfInterval][TrainNumber start with other capital][trainNumber:Z1234]\n"",""stream"":""stdout"",""time"":""2025-06-06T09:22:42.423321628Z""}"
2025-06-06T09:22:42.422987583Z,1674984162422987583,33.33.33.82,ts-seat-service-5c95b49cff-tdsdz,server,e757f12b86f02abd3532e57ae54148c9,5292347101b5dad3,"{""log"":""17:22:42.422 INFO  s.s.SeatServiceImpl#137 TraceID: e757f12b86f02abd3532e57ae54148c9 SpanID: 5292347101b5dad3 [getLeftTicketOfInterval][Seat request][request:Seat(travelDate=2023-01-29 15:38:06, trainNumber=Z1234, startStation=shanghai, destStation=nanjing, seatType=3, totalNum=2147483647, stations=[shanghai, nanjing, shijiazhuang, taiyuan])]\n"",""stream"":""stdout"",""time"":""2025-06-06T09:22:42.422987583Z""}"
2025-06-06T09:22:42.422580196Z,1674984162422580196,33.33.33.82,ts-seat-service-5c95b49cff-tdsdz,server,e757f12b86f02abd3532e57ae54148c9,5292347101b5dad3,"{""log"":""17:22:42.421 INFO  s.c.SeatController#57 TraceID: e757f12b86f02abd3532e57ae54148c9 SpanID: 5292347101b5dad3 [getLeftTicketOfInterval][Get left ticket of interval][TravelDate: 2023-01-29 15:38:06,TrainNumber: Z1234,SeatType: 3]\n"",""stream"":""stdout"",""time"":""2025-06-06T09:22:42.422580196Z""}"
2025-06-06T09:22:42.417764488Z,1674984162417764488,33.33.33.82,ts-seat-service-5c95b49cff-tdsdz,server,e757f12b86f02abd3532e57ae54148c9,8dd9feadf52adf20,"{""log"":""17:22:42.416 INFO  s.s.SeatServiceImpl#217 TraceID: e757f12b86f02abd3532e57ae54148c9 SpanID: 8dd9feadf52adf20 [getDirectProportion][Configs is : Config(name=DirectTicketAllocationProportion, value=0.5, description=Allocation Proportion Of The Direct Ticket - From Start To End)]\n"",""stream"":""stdout"",""time"":""2025-06-06T09:22:42.417764488Z""}"
2025-06-06T09:22:42.4116068Z,1674984162411606800,33.33.33.82,ts-seat-service-5c95b49cff-tdsdz,server,e757f12b86f02abd3532e57ae54148c9,8dd9feadf52adf20,"{""log"":""17:22:42.410 INFO  s.s.SeatServiceImpl#166 TraceID: e757f12b86f02abd3532e57ae54148c9 SpanID: 8dd9feadf52adf20 [getLeftTicketOfInterval][Get Order tickets result][result is \u003c200,Response(status=0, msg=Seat is Null., data=null),[vary:\""Origin,Access-Control-Request-Method,Access-Control-Request-Headers\"", x-content-type-options:\""nosniff\"", x-xss-protection:\""1; mode=block\"", cache-control:\""no-cache, no-store, max-age=0, must-revalidate\"", pragma:\""no-cache\"", expires:\""0\"", x-frame-options:\""DENY\"", content-type:\""application/json\"", date:\""Sun, 29 Jan 2023 09:22:42 GMT\"", x-envoy-upstream-service-time:\""4\"", server:\""envoy\"", transfer-encoding:\""chunked\""]\u003e]\n"",""stream"":""stdout"",""time"":""2025-06-06T09:22:42.4116068Z""}"
2025-06-06T09:22:42.404369035Z,1674984162404369035,33.33.33.82,ts-seat-service-5c95b49cff-tdsdz,server,e757f12b86f02abd3532e57ae54148c9,8dd9feadf52adf20,"{""log"":""17:22:42.403 INFO  s.s.SeatServiceImpl#154 TraceID: e757f12b86f02abd3532e57ae54148c9 SpanID: 8dd9feadf52adf20 [getLeftTicketOfInterval][TrainNumber start with other capital][trainNumber:Z1234]\n"",""stream"":""stdout"",""time"":""2025-06-06T09:22:42.404369035Z""}"
2025-06-06T09:22:42.404065309Z,1674984162404065309,33.33.33.82,ts-seat-service-5c95b49cff-tdsdz,server,e757f12b86f02abd3532e57ae54148c9,8dd9feadf52adf20,"{""log"":""17:22:42.403 INFO  s.s.SeatServiceImpl#137 TraceID: e757f12b86f02abd3532e57ae54148c9 SpanID: 8dd9feadf52adf20 [getLeftTicketOfInterval][Seat request][request:Seat(travelDate=2023-01-29 15:38:06, trainNumber=Z1234, startStation=shanghai, destStation=nanjing, seatType=2, totalNum=2147483647, stations=[shanghai, nanjing, shijiazhuang, taiyuan])]\n"",""stream"":""stdout"",""time"":""2025-06-06T09:22:42.404065309Z""}"
2025-06-06T09:22:42.403674344Z,1674984162403674344,33.33.33.82,ts-seat-service-5c95b49cff-tdsdz,server,e757f12b86f02abd3532e57ae54148c9,8dd9feadf52adf20,"{""log"":""17:22:42.402 INFO  s.c.SeatController#57 TraceID: e757f12b86f02abd3532e57ae54148c9 SpanID: 8dd9feadf52adf20 [getLeftTicketOfInterval][Get left ticket of interval][TravelDate: 2023-01-29 15:38:06,TrainNumber: Z1234,SeatType: 2]\n"",""stream"":""stdout"",""time"":""2025-06-06T09:22:42.403674344Z""}"
2025-06-06T09:22:42.371296251Z,1674984162371296251,33.33.33.80,ts-route-service-b6c59fb57-zv8dt,server,e757f12b86f02abd3532e57ae54148c9,398ff9074e86a050,"{""log"":""17:22:42.370 INFO  r.c.RouteController#53 TraceID: e757f12b86f02abd3532e57ae54148c9 SpanID: 398ff9074e86a050 [getRouteById][Query route by id][RouteId: [d693a2c5-ef87-4a3c-bef8-600b43f62c68, 1367db1f-461e-4ab7-87ad-2bcc05fd9cb7, 9fc9c261-3263-4bfa-82f8-bb44e06b2f52, 20eb7122-3a11-423f-b10a-be0dc5bce7db, 0b23bd3e-876a-4af3-b920-c50a90c90b04]]\n"",""stream"":""stdout"",""time"":""2025-06-06T09:22:42.371296251Z""}"
2025-06-06T09:22:42.391476672Z,1674984162391476672,33.33.33.79,ts-price-service-76846864d9-g465z,server,e757f12b86f02abd3532e57ae54148c9,da437e589f42e1bc,"{""log"":""17:22:42.390 INFO  p.c.PriceController#46 TraceID: e757f12b86f02abd3532e57ae54148c9 SpanID: da437e589f42e1bc [findByRouteIdAndTrainType][Query price][routeId and Train Type: [0b23bd3e-876a-4af3-b920-c50a90c90b04:ZhiDa]]\n"",""stream"":""stdout"",""time"":""2025-06-06T09:22:42.391476672Z""}"
2025-06-06T09:22:42.426442522Z,1674984162426442522,33.33.33.155,ts-order-other-service-6cdbf9b4cc-h7mqk,server,e757f12b86f02abd3532e57ae54148c9,0568660333b346dc,"{""log"":""17:22:42.426 WARN  o.s.OrderOtherServiceImpl#72 TraceID: e757f12b86f02abd3532e57ae54148c9 SpanID: 0568660333b346dc [getSoldTickets][Seat][No content][seat from date: 2023-01-29 15:38:06, train number: Z1234\n"",""stream"":""stdout"",""time"":""2025-06-06T09:22:42.426442522Z""}"
2025-06-06T09:22:42.425433566Z,1674984162425433566,33.33.33.155,ts-order-other-service-6cdbf9b4cc-h7mqk,server,e757f12b86f02abd3532e57ae54148c9,0568660333b346dc,"{""log"":""17:22:42.425 INFO  o.c.OrderOtherController#42 TraceID: e757f12b86f02abd3532e57ae54148c9 SpanID: 0568660333b346dc [getSoldTickets][Get Sold Ticket][Travel Date: 2023-01-29 15:38:06]\n"",""stream"":""stdout"",""time"":""2025-06-06T09:22:42.425433566Z""}"
2025-06-06T09:22:42.40923671Z,1674984162409236710,33.33.33.155,ts-order-other-service-6cdbf9b4cc-h7mqk,server,e757f12b86f02abd3532e57ae54148c9,76ba9a9a2f39ab53,"{""log"":""17:22:42.408 WARN  o.s.OrderOtherServiceImpl#72 TraceID: e757f12b86f02abd3532e57ae54148c9 SpanID: 76ba9a9a2f39ab53 [getSoldTickets][Seat][No content][seat from date: 2023-01-29 15:38:06, train number: Z1234\n"",""stream"":""stdout"",""time"":""2025-06-06T09:22:42.40923671Z""}"
2025-06-06T09:22:42.407602452Z,1674984162407602452,33.33.33.155,ts-order-other-service-6cdbf9b4cc-h7mqk,server,e757f12b86f02abd3532e57ae54148c9,76ba9a9a2f39ab53,"{""log"":""17:22:42.407 INFO  o.c.OrderOtherController#42 TraceID: e757f12b86f02abd3532e57ae54148c9 SpanID: 76ba9a9a2f39ab53 [getSoldTickets][Get Sold Ticket][Travel Date: 2023-01-29 15:38:06]\n"",""stream"":""stdout"",""time"":""2025-06-06T09:22:42.407602452Z""}"
2025-06-06T09:22:42.430810441Z,1674984162430810441,33.33.33.115,ts-config-service-5fcd447d84-wxwjd,server,e757f12b86f02abd3532e57ae54148c9,77af2de91b4b6259,"{""log"":""17:22:42.430 INFO  c.s.ConfigServiceImpl#65 TraceID: e757f12b86f02abd3532e57ae54148c9 SpanID: 77af2de91b4b6259 [query][Query config success][config name: DirectTicketAllocationProportion]\n"",""stream"":""stdout"",""time"":""2025-06-06T09:22:42.430810441Z""}"
2025-06-06T09:22:42.430052691Z,1674984162430052691,33.33.33.115,ts-config-service-5fcd447d84-wxwjd,server,e757f12b86f02abd3532e57ae54148c9,77af2de91b4b6259,"{""log"":""17:22:42.429 INFO  c.c.ConfigController#67 TraceID: e757f12b86f02abd3532e57ae54148c9 SpanID: 77af2de91b4b6259 [retrieve][Retrieve config][configName: DirectTicketAllocationProportion]\n"",""stream"":""stdout"",""time"":""2025-06-06T09:22:42.430052691Z""}"
2025-06-06T09:22:42.415460164Z,1674984162415460164,33.33.33.115,ts-config-service-5fcd447d84-wxwjd,server,e757f12b86f02abd3532e57ae54148c9,7344a6186cc83df1,"{""log"":""17:22:42.415 INFO  c.s.ConfigServiceImpl#65 TraceID: e757f12b86f02abd3532e57ae54148c9 SpanID: 7344a6186cc83df1 [query][Query config success][config name: DirectTicketAllocationProportion]\n"",""stream"":""stdout"",""time"":""2025-06-06T09:22:42.415460164Z""}"
2025-06-06T09:22:42.414133834Z,1674984162414133834,33.33.33.115,ts-config-service-5fcd447d84-wxwjd,server,e757f12b86f02abd3532e57ae54148c9,7344a6186cc83df1,"{""log"":""17:22:42.413 INFO  c.c.ConfigController#67 TraceID: e757f12b86f02abd3532e57ae54148c9 SpanID: 7344a6186cc83df1 [retrieve][Retrieve config][configName: DirectTicketAllocationProportion]\n"",""stream"":""stdout"",""time"":""2025-06-06T09:22:42.414133834Z""}"
2025-06-06T09:22:42.396629369Z,1674984162396629369,33.33.33.76,ts-basic-service-5dc8d4f9fd-46997,server,e757f12b86f02abd3532e57ae54148c9,5f5ca9db596f9c62,"{""log"":""17:22:42.396 INFO  f.m.s.BasicServiceImpl#320 TraceID: e757f12b86f02abd3532e57ae54148c9 SpanID: 5f5ca9db596f9c62 [queryForTravels][all done][result map: {Z1234=TravelResult(status=true, percent=1.0, trainType=TrainType(id=e24bb484-516a-4aad-b37f-517e7139e913, name=ZhiDa, economyClass=2147483647, confortClass=2147483647, averageSpeed=120), route=Route(id=0b23bd3e-876a-4af3-b920-c50a90c90b04, stations=[shanghai, nanjing, shijiazhuang, taiyuan], distances=[0, 350, 1000, 1300], startStation=shanghai, endStation=taiyuan), prices={confortClass=350.0, economyClass=122.49999999999999})}]\n"",""stream"":""stdout"",""time"":""2025-06-06T09:22:42.396629369Z""}"
2025-06-06T09:22:42.396444707Z,1674984162396444707,33.33.33.76,ts-basic-service-5dc8d4f9fd-46997,server,e757f12b86f02abd3532e57ae54148c9,5f5ca9db596f9c62,"{""log"":""17:22:42.396 INFO  f.m.s.BasicServiceImpl#481 TraceID: e757f12b86f02abd3532e57ae54148c9 SpanID: 5f5ca9db596f9c62 [queryPriceConfigByRouteIdsAndTrainTypes][Get Price Config by routeId and trainType][Success][priceConfigs: {0b23bd3e-876a-4af3-b920-c50a90c90b04:ZhiDa={id=b90a6ad7-ffad-4624-9655-48e9e185fa6c, trainType=ZhiDa, routeId=0b23bd3e-876a-4af3-b920-c50a90c90b04, basicPriceRate=0.35, firstClassPriceRate=1.0}}]\n"",""stream"":""stdout"",""time"":""2025-06-06T09:22:42.396444707Z""}"
2025-06-06T09:22:42.385749056Z,1674984162385749056,33.33.33.76,ts-basic-service-5dc8d4f9fd-46997,server,e757f12b86f02abd3532e57ae54148c9,5f5ca9db596f9c62,"{""log"":""17:22:42.385 INFO  f.m.s.BasicServiceImpl#459 TraceID: e757f12b86f02abd3532e57ae54148c9 SpanID: 5f5ca9db596f9c62 [queryPriceConfigByRouteIdsAndTrainTypes][Query For Price Config][RouteId and TrainType: [0b23bd3e-876a-4af3-b920-c50a90c90b04:ZhiDa]]\n"",""stream"":""stdout"",""time"":""2025-06-06T09:22:42.385749056Z""}"
2025-06-06T09:22:42.385199753Z,1674984162385199753,33.33.33.76,ts-basic-service-5dc8d4f9fd-46997,server,e757f12b86f02abd3532e57ae54148c9,5f5ca9db596f9c62,"{""log"":""17:22:42.384 ERROR  f.m.s.BasicServiceImpl#415 TraceID: e757f12b86f02abd3532e57ae54148c9 SpanID: 5f5ca9db596f9c62 [getRoutesByRouteIds][Get Route By Ids Failed]\n"",""stream"":""stdout"",""time"":""2025-06-06T09:22:42.385199753Z""}"
2025-06-06T09:22:42.343545912Z,1674984162343545912,33.33.33.76,ts-basic-service-5dc8d4f9fd-46997,server,e757f12b86f02abd3532e57ae54148c9,5f5ca9db596f9c62,"{""log"":""17:22:42.343 INFO  f.m.s.BasicServiceImpl#405 TraceID: e757f12b86f02abd3532e57ae54148c9 SpanID: 5f5ca9db596f9c62 [getRoutesByRouteIds][Get Route By Ids][Route IDs: [d693a2c5-ef87-4a3c-bef8-600b43f62c68, 1367db1f-461e-4ab7-87ad-2bcc05fd9cb7, 9fc9c261-3263-4bfa-82f8-bb44e06b2f52, 20eb7122-3a11-423f-b10a-be0dc5bce7db, 0b23bd3e-876a-4af3-b920-c50a90c90b04]]\n"",""stream"":""stdout"",""time"":""2025-06-06T09:22:42.343545912Z""}"
2025-06-06T09:22:42.334001413Z,1674984162334001413,33.33.33.76,ts-basic-service-5dc8d4f9fd-46997,server,e757f12b86f02abd3532e57ae54148c9,5f5ca9db596f9c62,"{""log"":""17:22:42.332 INFO  f.m.s.BasicServiceImpl#374 TraceID: e757f12b86f02abd3532e57ae54148c9 SpanID: 5f5ca9db596f9c62 [queryTrainTypeByNames][Query Train Type][Train Type names: [TeKuai, ZhiDa, KuaiSu]]\n"",""stream"":""stdout"",""time"":""2025-06-06T09:22:42.334001413Z""}"
2025-06-06T09:22:42.324307214Z,1674984162324307214,33.33.33.76,ts-basic-service-5dc8d4f9fd-46997,server,e757f12b86f02abd3532e57ae54148c9,5f5ca9db596f9c62,"{""log"":""17:22:42.324 INFO  f.m.s.BasicServiceImpl#343 TraceID: e757f12b86f02abd3532e57ae54148c9 SpanID: 5f5ca9db596f9c62 [checkStationsExists][Check Stations Exists][stationNames: [nanjing, shanghai]]\n"",""stream"":""stdout"",""time"":""2025-06-06T09:22:42.324307214Z""}"
2025-06-06T09:22:42.324195931Z,1674984162324195931,33.33.33.76,ts-basic-service-5dc8d4f9fd-46997,server,e757f12b86f02abd3532e57ae54148c9,5f5ca9db596f9c62,"{""log"":""17:22:42.323 INFO  f.m.c.BasicController#45 TraceID: e757f12b86f02abd3532e57ae54148c9 SpanID: 5f5ca9db596f9c62 [queryForTravels][Query for travels][Travels: [Travel(trip=Trip(id=8a533bf9-bd12-4608-a8eb-606890982448, tripId=Z1234, trainTypeName=ZhiDa, routeId=0b23bd3e-876a-4af3-b920-c50a90c90b04, startStationName=shanghai, stationsName=nanjing, terminalStationName=beijing, startTime=2013-05-04 09:51:52, endTime=2013-05-04 15:51:52), startPlace=shanghai, endPlace=nanjing, departureTime=2023-01-29 15:38:06), Travel(trip=Trip(id=5c63588e-ad31-4ded-98ac-f4a1a78a36b2, tripId=Z1235, trainTypeName=ZhiDa, routeId=9fc9c261-3263-4bfa-82f8-bb44e06b2f52, startStationName=shanghai, stationsName=nanjing, terminalStationName=beijing, startTime=2013-05-04 11:31:52, endTime=2013-05-04 17:51:52), startPlace=shanghai, endPlace=nanjing, departureTime=2023-01-29 15:38:06), Travel(trip=Trip(id=e1367946-9ecd-4ee6-acbf-8b705e8df59d, tripId=Z1236, trainTypeName=ZhiDa, routeId=d693a2c5-ef87-4a3c-bef8-600b43f62c68, startStationName=shanghai, stationsName=nanjing, terminalStationName=beijing, startTime=2013-05-04 7:05:52, endTime=2013-05-04 12:51:52), startPlace=shanghai, endPlace=nanjing, departureTime=2023-01-29 15:38:06), Travel(trip=Trip(id=502d2768-8480-47fc-91fd-f647267dfac6, tripId=T1235, trainTypeName=TeKuai, routeId=20eb7122-3a11-423f-b10a-be0dc5bce7db, startStationName=shanghai, stationsName=nanjing, terminalStationName=beijing, startTime=2013-05-04 08:31:52, endTime=2013-05-04 17:21:52), startPlace=shanghai, endPlace=nanjing, departureTime=2023-01-29 15:38:06), Travel(trip=Trip(id=a3c9545b-1889-4ea1-9015-b9af1896bc01, tripId=K1345, trainTypeName=KuaiSu, routeId=1367db1f-461e-4ab7-87ad-2bcc05fd9cb7, startStationName=shanghai, stationsName=nanjing, terminalStationName=beijing, startTime=2013-05-04 07:51:52, endTime=2013-05-04 19:59:52), startPlace=shanghai, endPlace=nanjing, departureTime=2023-01-29 15:38:06)]]\n"",""stream"":""stdout"",""time"":""2025-06-06T09:22:42.324195931Z""}"
2025-06-06T09:22:40.467066811Z,1674984160467066811,33.33.33.167,ts-travel2-service-5c66d57d58-6mp2b,server,aec1700972beffa040785c58a4bed93a,1d84f29fa1337680,"{""log"":""17:22:40.466 INFO  t.s.TravelServiceImpl#372 TraceID: aec1700972beffa040785c58a4bed93a SpanID: 1d84f29fa1337680 [getTickets][Calculate distance][calculate time：650  time: Sat May 04 17:55:52 CST 2013]\n"",""stream"":""stdout"",""time"":""2025-06-06T09:22:40.467066811Z""}"
2025-06-06T09:22:40.466929486Z,1674984160466929486,33.33.33.167,ts-travel2-service-5c66d57d58-6mp2b,server,aec1700972beffa040785c58a4bed93a,1d84f29fa1337680,"{""log"":""17:22:40.466 INFO  t.s.TravelServiceImpl#366 TraceID: aec1700972beffa040785c58a4bed93a SpanID: 1d84f29fa1337680 [getTickets][Calculate distance][calculate time：475  time: Sat May 04 15:00:52 CST 2013]\n"",""stream"":""stdout"",""time"":""2025-06-06T09:22:40.466929486Z""}"
2025-06-06T09:22:40.466743968Z,1674984160466743968,33.33.33.167,ts-travel2-service-5c66d57d58-6mp2b,server,aec1700972beffa040785c58a4bed93a,1d84f29fa1337680,"{""log"":""17:22:40.465 INFO  t.s.TravelServiceImpl#469 TraceID: aec1700972beffa040785c58a4bed93a SpanID: 1d84f29fa1337680 [getRestTicketNumber][Get Rest tickets num][num is: Response(status=1, msg=Get Left Ticket of Internal Success, data=1073741823)]\n"",""stream"":""stdout"",""time"":""2025-06-06T09:22:40.466743968Z""}"
2025-06-06T09:22:40.201300606Z,1674984160201300606,33.33.33.167,ts-travel2-service-5c66d57d58-6mp2b,server,aec1700972beffa040785c58a4bed93a,1d84f29fa1337680,"{""log"":""17:22:40.201 INFO  t.s.TravelServiceImpl#459 TraceID: aec1700972beffa040785c58a4bed93a SpanID: 1d84f29fa1337680 [getRestTicketNumber][Seat request][request: Seat(travelDate=2023-01-29 15:38:06, trainNumber=Z1236, startStation=nanjing, destStation=shanghai, seatType=3, totalNum=2147483647, stations=[taiyuan, shijiazhuang, nanjing, shanghai])]\n"",""stream"":""stdout"",""time"":""2025-06-06T09:22:40.201300606Z""}"
2025-06-06T09:22:40.201177249Z,1674984160201177249,33.33.33.167,ts-travel2-service-5c66d57d58-6mp2b,server,aec1700972beffa040785c58a4bed93a,1d84f29fa1337680,"{""log"":""17:22:40.200 INFO  t.s.TravelServiceImpl#469 TraceID: aec1700972beffa040785c58a4bed93a SpanID: 1d84f29fa1337680 [getRestTicketNumber][Get Rest tickets num][num is: Response(status=1, msg=Get Left Ticket of Internal Success, data=1073741823)]\n"",""stream"":""stdout"",""time"":""2025-06-06T09:22:40.201177249Z""}"
2025-06-06T09:22:40.180119234Z,1674984160180119234,33.33.33.167,ts-travel2-service-5c66d57d58-6mp2b,server,aec1700972beffa040785c58a4bed93a,1d84f29fa1337680,"{""log"":""17:22:40.179 INFO  t.s.TravelServiceImpl#459 TraceID: aec1700972beffa040785c58a4bed93a SpanID: 1d84f29fa1337680 [getRestTicketNumber][Seat request][request: Seat(travelDate=2023-01-29 15:38:06, trainNumber=Z1236, startStation=nanjing, destStation=shanghai, seatType=2, totalNum=2147483647, stations=[taiyuan, shijiazhuang, nanjing, shanghai])]\n"",""stream"":""stdout"",""time"":""2025-06-06T09:22:40.180119234Z""}"
2025-06-06T09:22:40.131212159Z,1674984160131212159,33.33.33.167,ts-travel2-service-5c66d57d58-6mp2b,server,aec1700972beffa040785c58a4bed93a,1d84f29fa1337680,"{""log"":""17:22:40.130 INFO  t.s.TravelServiceImpl#260 TraceID: aec1700972beffa040785c58a4bed93a SpanID: 1d84f29fa1337680 [getTicketsByBatch][before get basic][trips: [Trip(id=8a533bf9-bd12-4608-a8eb-606890982448, tripId=Z1234, trainTypeName=ZhiDa, routeId=0b23bd3e-876a-4af3-b920-c50a90c90b04, startStationName=shanghai, stationsName=nanjing, terminalStationName=beijing, startTime=2013-05-04 09:51:52, endTime=2013-05-04 15:51:52), Trip(id=5c63588e-ad31-4ded-98ac-f4a1a78a36b2, tripId=Z1235, trainTypeName=ZhiDa, routeId=9fc9c261-3263-4bfa-82f8-bb44e06b2f52, startStationName=shanghai, stationsName=nanjing, terminalStationName=beijing, startTime=2013-05-04 11:31:52, endTime=2013-05-04 17:51:52), Trip(id=e1367946-9ecd-4ee6-acbf-8b705e8df59d, tripId=Z1236, trainTypeName=ZhiDa, routeId=d693a2c5-ef87-4a3c-bef8-600b43f62c68, startStationName=shanghai, stationsName=nanjing, terminalStationName=beijing, startTime=2013-05-04 7:05:52, endTime=2013-05-04 12:51:52), Trip(id=502d2768-8480-47fc-91fd-f647267dfac6, tripId=T1235, trainTypeName=TeKuai, routeId=20eb7122-3a11-423f-b10a-be0dc5bce7db, startStationName=shanghai, stationsName=nanjing, terminalStationName=beijing, startTime=2013-05-04 08:31:52, endTime=2013-05-04 17:21:52), Trip(id=a3c9545b-1889-4ea1-9015-b9af1896bc01, tripId=K1345, trainTypeName=KuaiSu, routeId=1367db1f-461e-4ab7-87ad-2bcc05fd9cb7, startStationName=shanghai, stationsName=nanjing, terminalStationName=beijing, startTime=2013-05-04 07:51:52, endTime=2013-05-04 19:59:52)]]\n"",""stream"":""stdout"",""time"":""2025-06-06T09:22:40.131212159Z""}"
2025-06-06T09:22:40.127061652Z,1674984160127061652,33.33.33.167,ts-travel2-service-5c66d57d58-6mp2b,server,aec1700972beffa040785c58a4bed93a,1d84f29fa1337680,"{""log"":""17:22:40.126 INFO  t.c.Travel2Controller#115 TraceID: aec1700972beffa040785c58a4bed93a SpanID: 1d84f29fa1337680 [query][Query TripResponse]\n"",""stream"":""stdout"",""time"":""2025-06-06T09:22:40.127061652Z""}"
2025-06-06T09:22:40.144192976Z,1674984160144192976,33.33.33.79,ts-train-service-86f5f97bc9-dkqmf,server,aec1700972beffa040785c58a4bed93a,58391c071cf508e5,"{""log"":""17:22:40.143 INFO  t.c.TrainController#72 TraceID: aec1700972beffa040785c58a4bed93a SpanID: 58391c071cf508e5 [retrieveByNames][Retrieve train][TrainTypeNames: [TeKuai, ZhiDa, KuaiSu]]\n"",""stream"":""stdout"",""time"":""2025-06-06T09:22:40.144192976Z""}"
2025-06-06T09:22:40.137947693Z,1674984160137947693,33.33.33.76,ts-station-service-7f4f5f6f77-5qb6j,server,aec1700972beffa040785c58a4bed93a,ef97c2bc50512dbf,"{""log"":""17:22:40.137 INFO  f.m.c.StationController#71 TraceID: aec1700972beffa040785c58a4bed93a SpanID: ef97c2bc50512dbf [queryForIdBatch][Query stations for id batch][StationNameNumbers: 2]\n"",""stream"":""stdout"",""time"":""2025-06-06T09:22:40.137947693Z""}"
2025-06-06T09:22:40.46415612Z,1674984160464156120,33.33.33.82,ts-seat-service-5c95b49cff-tdsdz,server,aec1700972beffa040785c58a4bed93a,be57b217058ca416,"{""log"":""17:22:40.463 INFO  s.s.SeatServiceImpl#217 TraceID: aec1700972beffa040785c58a4bed93a SpanID: be57b217058ca416 [getDirectProportion][Configs is : Config(name=DirectTicketAllocationProportion, value=0.5, description=Allocation Proportion Of The Direct Ticket - From Start To End)]\n"",""stream"":""stdout"",""time"":""2025-06-06T09:22:40.46415612Z""}"
2025-06-06T09:22:40.433579976Z,1674984160433579976,33.33.33.82,ts-seat-service-5c95b49cff-tdsdz,server,aec1700972beffa040785c58a4bed93a,be57b217058ca416,"{""log"":""17:22:40.432 INFO  s.s.SeatServiceImpl#166 TraceID: aec1700972beffa040785c58a4bed93a SpanID: be57b217058ca416 [getLeftTicketOfInterval][Get Order tickets result][result is \u003c200,Response(status=0, msg=Seat is Null., data=null),[vary:\""Origin,Access-Control-Request-Method,Access-Control-Request-Headers\"", x-content-type-options:\""nosniff\"", x-xss-protection:\""1; mode=block\"", cache-control:\""no-cache, no-store, max-age=0, must-revalidate\"", pragma:\""no-cache\"", expires:\""0\"", x-frame-options:\""DENY\"", content-type:\""application/json\"", date:\""Sun, 29 Jan 2023 09:22:40 GMT\"", x-envoy-upstream-service-time:\""3\"", server:\""envoy\"", transfer-encoding:\""chunked\""]\u003e]\n"",""stream"":""stdout"",""time"":""2025-06-06T09:22:40.433579976Z""}"
2025-06-06T09:22:40.427504351Z,1674984160427504351,33.33.33.82,ts-seat-service-5c95b49cff-tdsdz,server,aec1700972beffa040785c58a4bed93a,be57b217058ca416,"{""log"":""17:22:40.427 INFO  s.s.SeatServiceImpl#154 TraceID: aec1700972beffa040785c58a4bed93a SpanID: be57b217058ca416 [getLeftTicketOfInterval][TrainNumber start with other capital][trainNumber:Z1236]\n"",""stream"":""stdout"",""time"":""2025-06-06T09:22:40.427504351Z""}"
2025-06-06T09:22:40.427204394Z,1674984160427204394,33.33.33.82,ts-seat-service-5c95b49cff-tdsdz,server,aec1700972beffa040785c58a4bed93a,be57b217058ca416,"{""log"":""17:22:40.426 INFO  s.s.SeatServiceImpl#137 TraceID: aec1700972beffa040785c58a4bed93a SpanID: be57b217058ca416 [getLeftTicketOfInterval][Seat request][request:Seat(travelDate=2023-01-29 15:38:06, trainNumber=Z1236, startStation=nanjing, destStation=shanghai, seatType=3, totalNum=2147483647, stations=[taiyuan, shijiazhuang, nanjing, shanghai])]\n"",""stream"":""stdout"",""time"":""2025-06-06T09:22:40.427204394Z""}"
2025-06-06T09:22:40.426737135Z,1674984160426737135,33.33.33.82,ts-seat-service-5c95b49cff-tdsdz,server,aec1700972beffa040785c58a4bed93a,be57b217058ca416,"{""log"":""17:22:40.426 INFO  s.c.SeatController#57 TraceID: aec1700972beffa040785c58a4bed93a SpanID: be57b217058ca416 [getLeftTicketOfInterval][Get left ticket of interval][TravelDate: 2023-01-29 15:38:06,TrainNumber: Z1236,SeatType: 3]\n"",""stream"":""stdout"",""time"":""2025-06-06T09:22:40.426737135Z""}"
2025-06-06T09:22:40.199080359Z,1674984160199080359,33.33.33.82,ts-seat-service-5c95b49cff-tdsdz,server,aec1700972beffa040785c58a4bed93a,ca26132047c50187,"{""log"":""17:22:40.198 INFO  s.s.SeatServiceImpl#217 TraceID: aec1700972beffa040785c58a4bed93a SpanID: ca26132047c50187 [getDirectProportion][Configs is : Config(name=DirectTicketAllocationProportion, value=0.5, description=Allocation Proportion Of The Direct Ticket - From Start To End)]\n"",""stream"":""stdout"",""time"":""2025-06-06T09:22:40.199080359Z""}"
2025-06-06T09:22:40.193839934Z,1674984160193839934,33.33.33.82,ts-seat-service-5c95b49cff-tdsdz,server,aec1700972beffa040785c58a4bed93a,ca26132047c50187,"{""log"":""17:22:40.192 INFO  s.s.SeatServiceImpl#166 TraceID: aec1700972beffa040785c58a4bed93a SpanID: ca26132047c50187 [getLeftTicketOfInterval][Get Order tickets result][result is \u003c200,Response(status=0, msg=Seat is Null., data=null),[vary:\""Origin,Access-Control-Request-Method,Access-Control-Request-Headers\"", x-content-type-options:\""nosniff\"", x-xss-protection:\""1; mode=block\"", cache-control:\""no-cache, no-store, max-age=0, must-revalidate\"", pragma:\""no-cache\"", expires:\""0\"", x-frame-options:\""DENY\"", content-type:\""application/json\"", date:\""Sun, 29 Jan 2023 09:22:40 GMT\"", x-envoy-upstream-service-time:\""4\"", server:\""envoy\"", transfer-encoding:\""chunked\""]\u003e]\n"",""stream"":""stdout"",""time"":""2025-06-06T09:22:40.193839934Z""}"
2025-06-06T09:22:40.185364853Z,1674984160185364853,33.33.33.82,ts-seat-service-5c95b49cff-tdsdz,server,aec1700972beffa040785c58a4bed93a,ca26132047c50187,"{""log"":""17:22:40.184 INFO  s.s.SeatServiceImpl#154 TraceID: aec1700972beffa040785c58a4bed93a SpanID: ca26132047c50187 [getLeftTicketOfInterval][TrainNumber start with other capital][trainNumber:Z1236]\n"",""stream"":""stdout"",""time"":""2025-06-06T09:22:40.185364853Z""}"
2025-06-06T09:22:40.185071177Z,1674984160185071177,33.33.33.82,ts-seat-service-5c95b49cff-tdsdz,server,aec1700972beffa040785c58a4bed93a,ca26132047c50187,"{""log"":""17:22:40.184 INFO  s.s.SeatServiceImpl#137 TraceID: aec1700972beffa040785c58a4bed93a SpanID: ca26132047c50187 [getLeftTicketOfInterval][Seat request][request:Seat(travelDate=2023-01-29 15:38:06, trainNumber=Z1236, startStation=nanjing, destStation=shanghai, seatType=2, totalNum=2147483647, stations=[taiyuan, shijiazhuang, nanjing, shanghai])]\n"",""stream"":""stdout"",""time"":""2025-06-06T09:22:40.185071177Z""}"
2025-06-06T09:22:40.184706393Z,1674984160184706393,33.33.33.82,ts-seat-service-5c95b49cff-tdsdz,server,aec1700972beffa040785c58a4bed93a,ca26132047c50187,"{""log"":""17:22:40.183 INFO  s.c.SeatController#57 TraceID: aec1700972beffa040785c58a4bed93a SpanID: ca26132047c50187 [getLeftTicketOfInterval][Get left ticket of interval][TravelDate: 2023-01-29 15:38:06,TrainNumber: Z1236,SeatType: 2]\n"",""stream"":""stdout"",""time"":""2025-06-06T09:22:40.184706393Z""}"
2025-06-06T09:22:40.154920784Z,1674984160154920784,33.33.33.80,ts-route-service-b6c59fb57-zv8dt,server,aec1700972beffa040785c58a4bed93a,60c5aa26607edd35,"{""log"":""17:22:40.153 INFO  r.c.RouteController#53 TraceID: aec1700972beffa040785c58a4bed93a SpanID: 60c5aa26607edd35 [getRouteById][Query route by id][RouteId: [d693a2c5-ef87-4a3c-bef8-600b43f62c68, 1367db1f-461e-4ab7-87ad-2bcc05fd9cb7, 9fc9c261-3263-4bfa-82f8-bb44e06b2f52, 20eb7122-3a11-423f-b10a-be0dc5bce7db, 0b23bd3e-876a-4af3-b920-c50a90c90b04]]\n"",""stream"":""stdout"",""time"":""2025-06-06T09:22:40.154920784Z""}"
2025-06-06T09:22:40.173085626Z,1674984160173085626,33.33.33.79,ts-price-service-76846864d9-g465z,server,aec1700972beffa040785c58a4bed93a,1ca92884a046c69a,"{""log"":""17:22:40.172 INFO  p.c.PriceController#46 TraceID: aec1700972beffa040785c58a4bed93a SpanID: 1ca92884a046c69a [findByRouteIdAndTrainType][Query price][routeId and Train Type: [d693a2c5-ef87-4a3c-bef8-600b43f62c68:ZhiDa]]\n"",""stream"":""stdout"",""time"":""2025-06-06T09:22:40.173085626Z""}"
2025-06-06T09:22:40.431529013Z,1674984160431529013,33.33.33.155,ts-order-other-service-6cdbf9b4cc-h7mqk,server,aec1700972beffa040785c58a4bed93a,72bbd8f9868ec1b7,"{""log"":""17:22:40.431 WARN  o.s.OrderOtherServiceImpl#72 TraceID: aec1700972beffa040785c58a4bed93a SpanID: 72bbd8f9868ec1b7 [getSoldTickets][Seat][No content][seat from date: 2023-01-29 15:38:06, train number: Z1236\n"",""stream"":""stdout"",""time"":""2025-06-06T09:22:40.431529013Z""}"
2025-06-06T09:22:40.430378368Z,1674984160430378368,33.33.33.155,ts-order-other-service-6cdbf9b4cc-h7mqk,server,aec1700972beffa040785c58a4bed93a,72bbd8f9868ec1b7,"{""log"":""17:22:40.429 INFO  o.c.OrderOtherController#42 TraceID: aec1700972beffa040785c58a4bed93a SpanID: 72bbd8f9868ec1b7 [getSoldTickets][Get Sold Ticket][Travel Date: 2023-01-29 15:38:06]\n"",""stream"":""stdout"",""time"":""2025-06-06T09:22:40.430378368Z""}"
2025-06-06T09:22:40.191565641Z,1674984160191565641,33.33.33.155,ts-order-other-service-6cdbf9b4cc-h7mqk,server,aec1700972beffa040785c58a4bed93a,53708386284b0016,"{""log"":""17:22:40.191 WARN  o.s.OrderOtherServiceImpl#72 TraceID: aec1700972beffa040785c58a4bed93a SpanID: 53708386284b0016 [getSoldTickets][Seat][No content][seat from date: 2023-01-29 15:38:06, train number: Z1236\n"",""stream"":""stdout"",""time"":""2025-06-06T09:22:40.191565641Z""}"
2025-06-06T09:22:40.190061712Z,1674984160190061712,33.33.33.155,ts-order-other-service-6cdbf9b4cc-h7mqk,server,aec1700972beffa040785c58a4bed93a,53708386284b0016,"{""log"":""17:22:40.189 INFO  o.c.OrderOtherController#42 TraceID: aec1700972beffa040785c58a4bed93a SpanID: 53708386284b0016 [getSoldTickets][Get Sold Ticket][Travel Date: 2023-01-29 15:38:06]\n"",""stream"":""stdout"",""time"":""2025-06-06T09:22:40.190061712Z""}"
2025-06-06T09:22:40.436856022Z,1674984160436856022,33.33.33.115,ts-config-service-5fcd447d84-wxwjd,server,aec1700972beffa040785c58a4bed93a,146a9c34eee2ed2e,"{""log"":""17:22:40.436 INFO  c.s.ConfigServiceImpl#65 TraceID: aec1700972beffa040785c58a4bed93a SpanID: 146a9c34eee2ed2e [query][Query config success][config name: DirectTicketAllocationProportion]\n"",""stream"":""stdout"",""time"":""2025-06-06T09:22:40.436856022Z""}"
2025-06-06T09:22:40.435899702Z,1674984160435899702,33.33.33.115,ts-config-service-5fcd447d84-wxwjd,server,aec1700972beffa040785c58a4bed93a,146a9c34eee2ed2e,"{""log"":""17:22:40.435 INFO  c.c.ConfigController#67 TraceID: aec1700972beffa040785c58a4bed93a SpanID: 146a9c34eee2ed2e [retrieve][Retrieve config][configName: DirectTicketAllocationProportion]\n"",""stream"":""stdout"",""time"":""2025-06-06T09:22:40.435899702Z""}"
2025-06-06T09:22:40.197266007Z,1674984160197266007,33.33.33.115,ts-config-service-5fcd447d84-wxwjd,server,aec1700972beffa040785c58a4bed93a,a85d4c432832de7a,"{""log"":""17:22:40.196 INFO  c.s.ConfigServiceImpl#65 TraceID: aec1700972beffa040785c58a4bed93a SpanID: a85d4c432832de7a [query][Query config success][config name: DirectTicketAllocationProportion]\n"",""stream"":""stdout"",""time"":""2025-06-06T09:22:40.197266007Z""}"
2025-06-06T09:22:40.19634819Z,1674984160196348190,33.33.33.115,ts-config-service-5fcd447d84-wxwjd,server,aec1700972beffa040785c58a4bed93a,a85d4c432832de7a,"{""log"":""17:22:40.195 INFO  c.c.ConfigController#67 TraceID: aec1700972beffa040785c58a4bed93a SpanID: a85d4c432832de7a [retrieve][Retrieve config][configName: DirectTicketAllocationProportion]\n"",""stream"":""stdout"",""time"":""2025-06-06T09:22:40.19634819Z""}"
2025-06-06T09:22:40.177455255Z,1674984160177455255,33.33.33.76,ts-basic-service-5dc8d4f9fd-46997,server,aec1700972beffa040785c58a4bed93a,83ab7e0ee803f385,"{""log"":""17:22:40.177 INFO  f.m.s.BasicServiceImpl#320 TraceID: aec1700972beffa040785c58a4bed93a SpanID: 83ab7e0ee803f385 [queryForTravels][all done][result map: {Z1236=TravelResult(status=true, percent=1.0, trainType=TrainType(id=e24bb484-516a-4aad-b37f-517e7139e913, name=ZhiDa, economyClass=2147483647, confortClass=2147483647, averageSpeed=120), route=Route(id=d693a2c5-ef87-4a3c-bef8-600b43f62c68, stations=[taiyuan, shijiazhuang, nanjing, shanghai], distances=[0, 300, 950, 1300], startStation=taiyuan, endStation=shanghai), prices={confortClass=350.0, economyClass=112.0})}]\n"",""stream"":""stdout"",""time"":""2025-06-06T09:22:40.177455255Z""}"
2025-06-06T09:22:40.177289407Z,1674984160177289407,33.33.33.76,ts-basic-service-5dc8d4f9fd-46997,server,aec1700972beffa040785c58a4bed93a,83ab7e0ee803f385,"{""log"":""17:22:40.176 INFO  f.m.s.BasicServiceImpl#481 TraceID: aec1700972beffa040785c58a4bed93a SpanID: 83ab7e0ee803f385 [queryPriceConfigByRouteIdsAndTrainTypes][Get Price Config by routeId and trainType][Success][priceConfigs: {d693a2c5-ef87-4a3c-bef8-600b43f62c68:ZhiDa={id=8b059dc5-01a2-4f8f-8f94-6c886b38bb34, trainType=ZhiDa, routeId=d693a2c5-ef87-4a3c-bef8-600b43f62c68, basicPriceRate=0.32, firstClassPriceRate=1.0}}]\n"",""stream"":""stdout"",""time"":""2025-06-06T09:22:40.177289407Z""}"
2025-06-06T09:22:40.169076891Z,1674984160169076891,33.33.33.76,ts-basic-service-5dc8d4f9fd-46997,server,aec1700972beffa040785c58a4bed93a,83ab7e0ee803f385,"{""log"":""17:22:40.168 INFO  f.m.s.BasicServiceImpl#459 TraceID: aec1700972beffa040785c58a4bed93a SpanID: 83ab7e0ee803f385 [queryPriceConfigByRouteIdsAndTrainTypes][Query For Price Config][RouteId and TrainType: [d693a2c5-ef87-4a3c-bef8-600b43f62c68:ZhiDa]]\n"",""stream"":""stdout"",""time"":""2025-06-06T09:22:40.169076891Z""}"
2025-06-06T09:22:40.168578115Z,1674984160168578115,33.33.33.76,ts-basic-service-5dc8d4f9fd-46997,server,aec1700972beffa040785c58a4bed93a,83ab7e0ee803f385,"{""log"":""17:22:40.168 ERROR  f.m.s.BasicServiceImpl#415 TraceID: aec1700972beffa040785c58a4bed93a SpanID: 83ab7e0ee803f385 [getRoutesByRouteIds][Get Route By Ids Failed]\n"",""stream"":""stdout"",""time"":""2025-06-06T09:22:40.168578115Z""}"
2025-06-06T09:22:40.149106701Z,1674984160149106701,33.33.33.76,ts-basic-service-5dc8d4f9fd-46997,server,aec1700972beffa040785c58a4bed93a,83ab7e0ee803f385,"{""log"":""17:22:40.148 INFO  f.m.s.BasicServiceImpl#405 TraceID: aec1700972beffa040785c58a4bed93a SpanID: 83ab7e0ee803f385 [getRoutesByRouteIds][Get Route By Ids][Route IDs: [d693a2c5-ef87-4a3c-bef8-600b43f62c68, 1367db1f-461e-4ab7-87ad-2bcc05fd9cb7, 9fc9c261-3263-4bfa-82f8-bb44e06b2f52, 20eb7122-3a11-423f-b10a-be0dc5bce7db, 0b23bd3e-876a-4af3-b920-c50a90c90b04]]\n"",""stream"":""stdout"",""time"":""2025-06-06T09:22:40.149106701Z""}"
2025-06-06T09:22:40.140248976Z,1674984160140248976,33.33.33.76,ts-basic-service-5dc8d4f9fd-46997,server,aec1700972beffa040785c58a4bed93a,83ab7e0ee803f385,"{""log"":""17:22:40.139 INFO  f.m.s.BasicServiceImpl#374 TraceID: aec1700972beffa040785c58a4bed93a SpanID: 83ab7e0ee803f385 [queryTrainTypeByNames][Query Train Type][Train Type names: [TeKuai, ZhiDa, KuaiSu]]\n"",""stream"":""stdout"",""time"":""2025-06-06T09:22:40.140248976Z""}"
2025-06-06T09:22:40.135579518Z,1674984160135579518,33.33.33.76,ts-basic-service-5dc8d4f9fd-46997,server,aec1700972beffa040785c58a4bed93a,83ab7e0ee803f385,"{""log"":""17:22:40.135 INFO  f.m.s.BasicServiceImpl#343 TraceID: aec1700972beffa040785c58a4bed93a SpanID: 83ab7e0ee803f385 [checkStationsExists][Check Stations Exists][stationNames: [nanjing, shanghai]]\n"",""stream"":""stdout"",""time"":""2025-06-06T09:22:40.135579518Z""}"
2025-06-06T09:22:40.135457963Z,1674984160135457963,33.33.33.76,ts-basic-service-5dc8d4f9fd-46997,server,aec1700972beffa040785c58a4bed93a,83ab7e0ee803f385,"{""log"":""17:22:40.134 INFO  f.m.c.BasicController#45 TraceID: aec1700972beffa040785c58a4bed93a SpanID: 83ab7e0ee803f385 [queryForTravels][Query for travels][Travels: [Travel(trip=Trip(id=8a533bf9-bd12-4608-a8eb-606890982448, tripId=Z1234, trainTypeName=ZhiDa, routeId=0b23bd3e-876a-4af3-b920-c50a90c90b04, startStationName=shanghai, stationsName=nanjing, terminalStationName=beijing, startTime=2013-05-04 09:51:52, endTime=2013-05-04 15:51:52), startPlace=nanjing, endPlace=shanghai, departureTime=2023-01-29 15:38:06), Travel(trip=Trip(id=5c63588e-ad31-4ded-98ac-f4a1a78a36b2, tripId=Z1235, trainTypeName=ZhiDa, routeId=9fc9c261-3263-4bfa-82f8-bb44e06b2f52, startStationName=shanghai, stationsName=nanjing, terminalStationName=beijing, startTime=2013-05-04 11:31:52, endTime=2013-05-04 17:51:52), startPlace=nanjing, endPlace=shanghai, departureTime=2023-01-29 15:38:06), Travel(trip=Trip(id=e1367946-9ecd-4ee6-acbf-8b705e8df59d, tripId=Z1236, trainTypeName=ZhiDa, routeId=d693a2c5-ef87-4a3c-bef8-600b43f62c68, startStationName=shanghai, stationsName=nanjing, terminalStationName=beijing, startTime=2013-05-04 7:05:52, endTime=2013-05-04 12:51:52), startPlace=nanjing, endPlace=shanghai, departureTime=2023-01-29 15:38:06), Travel(trip=Trip(id=502d2768-8480-47fc-91fd-f647267dfac6, tripId=T1235, trainTypeName=TeKuai, routeId=20eb7122-3a11-423f-b10a-be0dc5bce7db, startStationName=shanghai, stationsName=nanjing, terminalStationName=beijing, startTime=2013-05-04 08:31:52, endTime=2013-05-04 17:21:52), startPlace=nanjing, endPlace=shanghai, departureTime=2023-01-29 15:38:06), Travel(trip=Trip(id=a3c9545b-1889-4ea1-9015-b9af1896bc01, tripId=K1345, trainTypeName=KuaiSu, routeId=1367db1f-461e-4ab7-87ad-2bcc05fd9cb7, startStationName=shanghai, stationsName=nanjing, terminalStationName=beijing, startTime=2013-05-04 07:51:52, endTime=2013-05-04 19:59:52), startPlace=nanjing, endPlace=shanghai, departureTime=2023-01-29 15:38:06)]]\n"",""stream"":""stdout"",""time"":""2025-06-06T09:22:40.135457963Z""}"
2025-06-06T09:22:58.827858848Z,1674984178827858848,33.33.33.167,ts-travel2-service-5c66d57d58-6mp2b,server,173a9496d8132e36bffc1807eff3070c,e2796ef47989c5cd,"{""log"":""17:22:58.827 INFO  t.s.TravelServiceImpl#372 TraceID: 173a9496d8132e36bffc1807eff3070c SpanID: e2796ef47989c5cd [getTickets][Calculate distance][calculate time：175  time: Sat May 04 12:46:52 CST 2013]\n"",""stream"":""stdout"",""time"":""2025-06-06T09:22:58.827858848Z""}"
2025-06-06T09:22:58.827730732Z,1674984178827730732,33.33.33.167,ts-travel2-service-5c66d57d58-6mp2b,server,173a9496d8132e36bffc1807eff3070c,e2796ef47989c5cd,"{""log"":""17:22:58.827 INFO  t.s.TravelServiceImpl#366 TraceID: 173a9496d8132e36bffc1807eff3070c SpanID: e2796ef47989c5cd [getTickets][Calculate distance][calculate time：0  time: Sat May 04 09:51:52 CST 2013]\n"",""stream"":""stdout"",""time"":""2025-06-06T09:22:58.827730732Z""}"
2025-06-06T09:22:58.827529575Z,1674984178827529575,33.33.33.167,ts-travel2-service-5c66d57d58-6mp2b,server,173a9496d8132e36bffc1807eff3070c,e2796ef47989c5cd,"{""log"":""17:22:58.827 INFO  t.s.TravelServiceImpl#469 TraceID: 173a9496d8132e36bffc1807eff3070c SpanID: e2796ef47989c5cd [getRestTicketNumber][Get Rest tickets num][num is: Response(status=1, msg=Get Left Ticket of Internal Success, data=1073741823)]\n"",""stream"":""stdout"",""time"":""2025-06-06T09:22:58.827529575Z""}"
2025-06-06T09:22:58.812669495Z,1674984178812669495,33.33.33.167,ts-travel2-service-5c66d57d58-6mp2b,server,173a9496d8132e36bffc1807eff3070c,e2796ef47989c5cd,"{""log"":""17:22:58.812 INFO  t.s.TravelServiceImpl#459 TraceID: 173a9496d8132e36bffc1807eff3070c SpanID: e2796ef47989c5cd [getRestTicketNumber][Seat request][request: Seat(travelDate=2023-01-29 15:38:06, trainNumber=Z1234, startStation=shanghai, destStation=nanjing, seatType=3, totalNum=2147483647, stations=[shanghai, nanjing, shijiazhuang, taiyuan])]\n"",""stream"":""stdout"",""time"":""2025-06-06T09:22:58.812669495Z""}"
2025-06-06T09:22:58.812575896Z,1674984178812575896,33.33.33.167,ts-travel2-service-5c66d57d58-6mp2b,server,173a9496d8132e36bffc1807eff3070c,e2796ef47989c5cd,"{""log"":""17:22:58.811 INFO  t.s.TravelServiceImpl#469 TraceID: 173a9496d8132e36bffc1807eff3070c SpanID: e2796ef47989c5cd [getRestTicketNumber][Get Rest tickets num][num is: Response(status=1, msg=Get Left Ticket of Internal Success, data=1073741823)]\n"",""stream"":""stdout"",""time"":""2025-06-06T09:22:58.812575896Z""}"
2025-06-06T09:22:58.772639353Z,1674984178772639353,33.33.33.167,ts-travel2-service-5c66d57d58-6mp2b,server,173a9496d8132e36bffc1807eff3070c,e2796ef47989c5cd,"{""log"":""17:22:58.771 INFO  t.s.TravelServiceImpl#459 TraceID: 173a9496d8132e36bffc1807eff3070c SpanID: e2796ef47989c5cd [getRestTicketNumber][Seat request][request: Seat(travelDate=2023-01-29 15:38:06, trainNumber=Z1234, startStation=shanghai, destStation=nanjing, seatType=2, totalNum=2147483647, stations=[shanghai, nanjing, shijiazhuang, taiyuan])]\n"",""stream"":""stdout"",""time"":""2025-06-06T09:22:58.772639353Z""}"
2025-06-06T09:22:58.699998184Z,1674984178699998184,33.33.33.167,ts-travel2-service-5c66d57d58-6mp2b,server,173a9496d8132e36bffc1807eff3070c,e2796ef47989c5cd,"{""log"":""17:22:58.699 INFO  t.s.TravelServiceImpl#260 TraceID: 173a9496d8132e36bffc1807eff3070c SpanID: e2796ef47989c5cd [getTicketsByBatch][before get basic][trips: [Trip(id=8a533bf9-bd12-4608-a8eb-606890982448, tripId=Z1234, trainTypeName=ZhiDa, routeId=0b23bd3e-876a-4af3-b920-c50a90c90b04, startStationName=shanghai, stationsName=nanjing, terminalStationName=beijing, startTime=2013-05-04 09:51:52, endTime=2013-05-04 15:51:52), Trip(id=5c63588e-ad31-4ded-98ac-f4a1a78a36b2, tripId=Z1235, trainTypeName=ZhiDa, routeId=9fc9c261-3263-4bfa-82f8-bb44e06b2f52, startStationName=shanghai, stationsName=nanjing, terminalStationName=beijing, startTime=2013-05-04 11:31:52, endTime=2013-05-04 17:51:52), Trip(id=e1367946-9ecd-4ee6-acbf-8b705e8df59d, tripId=Z1236, trainTypeName=ZhiDa, routeId=d693a2c5-ef87-4a3c-bef8-600b43f62c68, startStationName=shanghai, stationsName=nanjing, terminalStationName=beijing, startTime=2013-05-04 7:05:52, endTime=2013-05-04 12:51:52), Trip(id=502d2768-8480-47fc-91fd-f647267dfac6, tripId=T1235, trainTypeName=TeKuai, routeId=20eb7122-3a11-423f-b10a-be0dc5bce7db, startStationName=shanghai, stationsName=nanjing, terminalStationName=beijing, startTime=2013-05-04 08:31:52, endTime=2013-05-04 17:21:52), Trip(id=a3c9545b-1889-4ea1-9015-b9af1896bc01, tripId=K1345, trainTypeName=KuaiSu, routeId=1367db1f-461e-4ab7-87ad-2bcc05fd9cb7, startStationName=shanghai, stationsName=nanjing, terminalStationName=beijing, startTime=2013-05-04 07:51:52, endTime=2013-05-04 19:59:52)]]\n"",""stream"":""stdout"",""time"":""2025-06-06T09:22:58.699998184Z""}"
2025-06-06T09:22:58.695048326Z,1674984178695048326,33.33.33.167,ts-travel2-service-5c66d57d58-6mp2b,server,173a9496d8132e36bffc1807eff3070c,e2796ef47989c5cd,"{""log"":""17:22:58.694 INFO  t.c.Travel2Controller#115 TraceID: 173a9496d8132e36bffc1807eff3070c SpanID: e2796ef47989c5cd [query][Query TripResponse]\n"",""stream"":""stdout"",""time"":""2025-06-06T09:22:58.695048326Z""}"
2025-06-06T09:22:58.733989493Z,1674984178733989493,33.33.33.79,ts-train-service-86f5f97bc9-dkqmf,server,173a9496d8132e36bffc1807eff3070c,e28d74e6e04ad642,"{""log"":""17:22:58.733 INFO  t.c.TrainController#72 TraceID: 173a9496d8132e36bffc1807eff3070c SpanID: e28d74e6e04ad642 [retrieveByNames][Retrieve train][TrainTypeNames: [TeKuai, ZhiDa, KuaiSu]]\n"",""stream"":""stdout"",""time"":""2025-06-06T09:22:58.733989493Z""}"
2025-06-06T09:22:58.708668562Z,1674984178708668562,33.33.33.76,ts-station-service-7f4f5f6f77-5qb6j,server,173a9496d8132e36bffc1807eff3070c,dc00947852d47ab4,"{""log"":""17:22:58.708 INFO  f.m.c.StationController#71 TraceID: 173a9496d8132e36bffc1807eff3070c SpanID: dc00947852d47ab4 [queryForIdBatch][Query stations for id batch][StationNameNumbers: 2]\n"",""stream"":""stdout"",""time"":""2025-06-06T09:22:58.708668562Z""}"
2025-06-06T09:22:58.825872267Z,1674984178825872267,33.33.33.82,ts-seat-service-5c95b49cff-tdsdz,server,173a9496d8132e36bffc1807eff3070c,5d6f14f3846e20dc,"{""log"":""17:22:58.825 INFO  s.s.SeatServiceImpl#217 TraceID: 173a9496d8132e36bffc1807eff3070c SpanID: 5d6f14f3846e20dc [getDirectProportion][Configs is : Config(name=DirectTicketAllocationProportion, value=0.5, description=Allocation Proportion Of The Direct Ticket - From Start To End)]\n"",""stream"":""stdout"",""time"":""2025-06-06T09:22:58.825872267Z""}"
2025-06-06T09:22:58.821452738Z,1674984178821452738,33.33.33.82,ts-seat-service-5c95b49cff-tdsdz,server,173a9496d8132e36bffc1807eff3070c,5d6f14f3846e20dc,"{""log"":""17:22:58.820 INFO  s.s.SeatServiceImpl#166 TraceID: 173a9496d8132e36bffc1807eff3070c SpanID: 5d6f14f3846e20dc [getLeftTicketOfInterval][Get Order tickets result][result is \u003c200,Response(status=0, msg=Seat is Null., data=null),[vary:\""Origin,Access-Control-Request-Method,Access-Control-Request-Headers\"", x-content-type-options:\""nosniff\"", x-xss-protection:\""1; mode=block\"", cache-control:\""no-cache, no-store, max-age=0, must-revalidate\"", pragma:\""no-cache\"", expires:\""0\"", x-frame-options:\""DENY\"", content-type:\""application/json\"", date:\""Sun, 29 Jan 2023 09:22:58 GMT\"", x-envoy-upstream-service-time:\""2\"", server:\""envoy\"", transfer-encoding:\""chunked\""]\u003e]\n"",""stream"":""stdout"",""time"":""2025-06-06T09:22:58.821452738Z""}"
2025-06-06T09:22:58.816518791Z,1674984178816518791,33.33.33.82,ts-seat-service-5c95b49cff-tdsdz,server,173a9496d8132e36bffc1807eff3070c,5d6f14f3846e20dc,"{""log"":""17:22:58.816 INFO  s.s.SeatServiceImpl#154 TraceID: 173a9496d8132e36bffc1807eff3070c SpanID: 5d6f14f3846e20dc [getLeftTicketOfInterval][TrainNumber start with other capital][trainNumber:Z1234]\n"",""stream"":""stdout"",""time"":""2025-06-06T09:22:58.816518791Z""}"
2025-06-06T09:22:58.816219837Z,1674984178816219837,33.33.33.82,ts-seat-service-5c95b49cff-tdsdz,server,173a9496d8132e36bffc1807eff3070c,5d6f14f3846e20dc,"{""log"":""17:22:58.815 INFO  s.s.SeatServiceImpl#137 TraceID: 173a9496d8132e36bffc1807eff3070c SpanID: 5d6f14f3846e20dc [getLeftTicketOfInterval][Seat request][request:Seat(travelDate=2023-01-29 15:38:06, trainNumber=Z1234, startStation=shanghai, destStation=nanjing, seatType=3, totalNum=2147483647, stations=[shanghai, nanjing, shijiazhuang, taiyuan])]\n"",""stream"":""stdout"",""time"":""2025-06-06T09:22:58.816219837Z""}"
2025-06-06T09:22:58.815871521Z,1674984178815871521,33.33.33.82,ts-seat-service-5c95b49cff-tdsdz,server,173a9496d8132e36bffc1807eff3070c,5d6f14f3846e20dc,"{""log"":""17:22:58.815 INFO  s.c.SeatController#57 TraceID: 173a9496d8132e36bffc1807eff3070c SpanID: 5d6f14f3846e20dc [getLeftTicketOfInterval][Get left ticket of interval][TravelDate: 2023-01-29 15:38:06,TrainNumber: Z1234,SeatType: 3]\n"",""stream"":""stdout"",""time"":""2025-06-06T09:22:58.815871521Z""}"
2025-06-06T09:22:58.810392749Z,1674984178810392749,33.33.33.82,ts-seat-service-5c95b49cff-tdsdz,server,173a9496d8132e36bffc1807eff3070c,72c393791d98b1af,"{""log"":""17:22:58.809 INFO  s.s.SeatServiceImpl#217 TraceID: 173a9496d8132e36bffc1807eff3070c SpanID: 72c393791d98b1af [getDirectProportion][Configs is : Config(name=DirectTicketAllocationProportion, value=0.5, description=Allocation Proportion Of The Direct Ticket - From Start To End)]\n"",""stream"":""stdout"",""time"":""2025-06-06T09:22:58.810392749Z""}"
2025-06-06T09:22:58.801849359Z,1674984178801849359,33.33.33.82,ts-seat-service-5c95b49cff-tdsdz,server,173a9496d8132e36bffc1807eff3070c,72c393791d98b1af,"{""log"":""17:22:58.800 INFO  s.s.SeatServiceImpl#166 TraceID: 173a9496d8132e36bffc1807eff3070c SpanID: 72c393791d98b1af [getLeftTicketOfInterval][Get Order tickets result][result is \u003c200,Response(status=0, msg=Seat is Null., data=null),[vary:\""Origin,Access-Control-Request-Method,Access-Control-Request-Headers\"", x-content-type-options:\""nosniff\"", x-xss-protection:\""1; mode=block\"", cache-control:\""no-cache, no-store, max-age=0, must-revalidate\"", pragma:\""no-cache\"", expires:\""0\"", x-frame-options:\""DENY\"", content-type:\""application/json\"", date:\""Sun, 29 Jan 2023 09:22:58 GMT\"", x-envoy-upstream-service-time:\""5\"", server:\""envoy\"", transfer-encoding:\""chunked\""]\u003e]\n"",""stream"":""stdout"",""time"":""2025-06-06T09:22:58.801849359Z""}"
2025-06-06T09:22:58.792339673Z,1674984178792339673,33.33.33.82,ts-seat-service-5c95b49cff-tdsdz,server,173a9496d8132e36bffc1807eff3070c,72c393791d98b1af,"{""log"":""17:22:58.791 INFO  s.s.SeatServiceImpl#154 TraceID: 173a9496d8132e36bffc1807eff3070c SpanID: 72c393791d98b1af [getLeftTicketOfInterval][TrainNumber start with other capital][trainNumber:Z1234]\n"",""stream"":""stdout"",""time"":""2025-06-06T09:22:58.792339673Z""}"
2025-06-06T09:22:58.792039433Z,1674984178792039433,33.33.33.82,ts-seat-service-5c95b49cff-tdsdz,server,173a9496d8132e36bffc1807eff3070c,72c393791d98b1af,"{""log"":""17:22:58.791 INFO  s.s.SeatServiceImpl#137 TraceID: 173a9496d8132e36bffc1807eff3070c SpanID: 72c393791d98b1af [getLeftTicketOfInterval][Seat request][request:Seat(travelDate=2023-01-29 15:38:06, trainNumber=Z1234, startStation=shanghai, destStation=nanjing, seatType=2, totalNum=2147483647, stations=[shanghai, nanjing, shijiazhuang, taiyuan])]\n"",""stream"":""stdout"",""time"":""2025-06-06T09:22:58.792039433Z""}"
2025-06-06T09:22:58.791662636Z,1674984178791662636,33.33.33.82,ts-seat-service-5c95b49cff-tdsdz,server,173a9496d8132e36bffc1807eff3070c,72c393791d98b1af,"{""log"":""17:22:58.790 INFO  s.c.SeatController#57 TraceID: 173a9496d8132e36bffc1807eff3070c SpanID: 72c393791d98b1af [getLeftTicketOfInterval][Get left ticket of interval][TravelDate: 2023-01-29 15:38:06,TrainNumber: Z1234,SeatType: 2]\n"",""stream"":""stdout"",""time"":""2025-06-06T09:22:58.791662636Z""}"
2025-06-06T09:22:58.745126611Z,1674984178745126611,33.33.33.80,ts-route-service-b6c59fb57-zv8dt,server,173a9496d8132e36bffc1807eff3070c,82f518bcf3a268ff,"{""log"":""17:22:58.743 INFO  r.c.RouteController#53 TraceID: 173a9496d8132e36bffc1807eff3070c SpanID: 82f518bcf3a268ff [getRouteById][Query route by id][RouteId: [d693a2c5-ef87-4a3c-bef8-600b43f62c68, 1367db1f-461e-4ab7-87ad-2bcc05fd9cb7, 9fc9c261-3263-4bfa-82f8-bb44e06b2f52, 20eb7122-3a11-423f-b10a-be0dc5bce7db, 0b23bd3e-876a-4af3-b920-c50a90c90b04]]\n"",""stream"":""stdout"",""time"":""2025-06-06T09:22:58.745126611Z""}"
2025-06-06T09:22:58.764571806Z,1674984178764571806,33.33.33.79,ts-price-service-76846864d9-g465z,server,173a9496d8132e36bffc1807eff3070c,34096c0bdc77530d,"{""log"":""17:22:58.763 INFO  p.c.PriceController#46 TraceID: 173a9496d8132e36bffc1807eff3070c SpanID: 34096c0bdc77530d [findByRouteIdAndTrainType][Query price][routeId and Train Type: [0b23bd3e-876a-4af3-b920-c50a90c90b04:ZhiDa]]\n"",""stream"":""stdout"",""time"":""2025-06-06T09:22:58.764571806Z""}"
2025-06-06T09:22:58.819568561Z,1674984178819568561,33.33.33.155,ts-order-other-service-6cdbf9b4cc-h7mqk,server,173a9496d8132e36bffc1807eff3070c,25aafc2b09fcf566,"{""log"":""17:22:58.819 WARN  o.s.OrderOtherServiceImpl#72 TraceID: 173a9496d8132e36bffc1807eff3070c SpanID: 25aafc2b09fcf566 [getSoldTickets][Seat][No content][seat from date: 2023-01-29 15:38:06, train number: Z1234\n"",""stream"":""stdout"",""time"":""2025-06-06T09:22:58.819568561Z""}"
2025-06-06T09:22:58.81861152Z,1674984178818611520,33.33.33.155,ts-order-other-service-6cdbf9b4cc-h7mqk,server,173a9496d8132e36bffc1807eff3070c,25aafc2b09fcf566,"{""log"":""17:22:58.818 INFO  o.c.OrderOtherController#42 TraceID: 173a9496d8132e36bffc1807eff3070c SpanID: 25aafc2b09fcf566 [getSoldTickets][Get Sold Ticket][Travel Date: 2023-01-29 15:38:06]\n"",""stream"":""stdout"",""time"":""2025-06-06T09:22:58.81861152Z""}"
2025-06-06T09:22:58.798804847Z,1674984178798804847,33.33.33.155,ts-order-other-service-6cdbf9b4cc-h7mqk,server,173a9496d8132e36bffc1807eff3070c,3b36209db7de89a6,"{""log"":""17:22:58.798 WARN  o.s.OrderOtherServiceImpl#72 TraceID: 173a9496d8132e36bffc1807eff3070c SpanID: 3b36209db7de89a6 [getSoldTickets][Seat][No content][seat from date: 2023-01-29 15:38:06, train number: Z1234\n"",""stream"":""stdout"",""time"":""2025-06-06T09:22:58.798804847Z""}"
2025-06-06T09:22:58.797239616Z,1674984178797239616,33.33.33.155,ts-order-other-service-6cdbf9b4cc-h7mqk,server,173a9496d8132e36bffc1807eff3070c,3b36209db7de89a6,"{""log"":""17:22:58.796 INFO  o.c.OrderOtherController#42 TraceID: 173a9496d8132e36bffc1807eff3070c SpanID: 3b36209db7de89a6 [getSoldTickets][Get Sold Ticket][Travel Date: 2023-01-29 15:38:06]\n"",""stream"":""stdout"",""time"":""2025-06-06T09:22:58.797239616Z""}"
2025-06-06T09:22:58.82407813Z,1674984178824078130,33.33.33.115,ts-config-service-5fcd447d84-wxwjd,server,173a9496d8132e36bffc1807eff3070c,5d15ce26f5eef61f,"{""log"":""17:22:58.823 INFO  c.s.ConfigServiceImpl#65 TraceID: 173a9496d8132e36bffc1807eff3070c SpanID: 5d15ce26f5eef61f [query][Query config success][config name: DirectTicketAllocationProportion]\n"",""stream"":""stdout"",""time"":""2025-06-06T09:22:58.82407813Z""}"
2025-06-06T09:22:58.823325912Z,1674984178823325912,33.33.33.115,ts-config-service-5fcd447d84-wxwjd,server,173a9496d8132e36bffc1807eff3070c,5d15ce26f5eef61f,"{""log"":""17:22:58.823 INFO  c.c.ConfigController#67 TraceID: 173a9496d8132e36bffc1807eff3070c SpanID: 5d15ce26f5eef61f [retrieve][Retrieve config][configName: DirectTicketAllocationProportion]\n"",""stream"":""stdout"",""time"":""2025-06-06T09:22:58.823325912Z""}"
2025-06-06T09:22:58.807759308Z,1674984178807759308,33.33.33.115,ts-config-service-5fcd447d84-wxwjd,server,173a9496d8132e36bffc1807eff3070c,abdf340795993112,"{""log"":""17:22:58.807 INFO  c.s.ConfigServiceImpl#65 TraceID: 173a9496d8132e36bffc1807eff3070c SpanID: abdf340795993112 [query][Query config success][config name: DirectTicketAllocationProportion]\n"",""stream"":""stdout"",""time"":""2025-06-06T09:22:58.807759308Z""}"
2025-06-06T09:22:58.806318671Z,1674984178806318671,33.33.33.115,ts-config-service-5fcd447d84-wxwjd,server,173a9496d8132e36bffc1807eff3070c,abdf340795993112,"{""log"":""17:22:58.805 INFO  c.c.ConfigController#67 TraceID: 173a9496d8132e36bffc1807eff3070c SpanID: abdf340795993112 [retrieve][Retrieve config][configName: DirectTicketAllocationProportion]\n"",""stream"":""stdout"",""time"":""2025-06-06T09:22:58.806318671Z""}"
2025-06-06T09:22:58.769491588Z,1674984178769491588,33.33.33.76,ts-basic-service-5dc8d4f9fd-46997,server,173a9496d8132e36bffc1807eff3070c,0f7a97397ecf6c46,"{""log"":""17:22:58.769 INFO  f.m.s.BasicServiceImpl#320 TraceID: 173a9496d8132e36bffc1807eff3070c SpanID: 0f7a97397ecf6c46 [queryForTravels][all done][result map: {Z1234=TravelResult(status=true, percent=1.0, trainType=TrainType(id=e24bb484-516a-4aad-b37f-517e7139e913, name=ZhiDa, economyClass=2147483647, confortClass=2147483647, averageSpeed=120), route=Route(id=0b23bd3e-876a-4af3-b920-c50a90c90b04, stations=[shanghai, nanjing, shijiazhuang, taiyuan], distances=[0, 350, 1000, 1300], startStation=shanghai, endStation=taiyuan), prices={confortClass=350.0, economyClass=122.49999999999999})}]\n"",""stream"":""stdout"",""time"":""2025-06-06T09:22:58.769491588Z""}"
2025-06-06T09:22:58.769315677Z,1674984178769315677,33.33.33.76,ts-basic-service-5dc8d4f9fd-46997,server,173a9496d8132e36bffc1807eff3070c,0f7a97397ecf6c46,"{""log"":""17:22:58.768 INFO  f.m.s.BasicServiceImpl#481 TraceID: 173a9496d8132e36bffc1807eff3070c SpanID: 0f7a97397ecf6c46 [queryPriceConfigByRouteIdsAndTrainTypes][Get Price Config by routeId and trainType][Success][priceConfigs: {0b23bd3e-876a-4af3-b920-c50a90c90b04:ZhiDa={id=b90a6ad7-ffad-4624-9655-48e9e185fa6c, trainType=ZhiDa, routeId=0b23bd3e-876a-4af3-b920-c50a90c90b04, basicPriceRate=0.35, firstClassPriceRate=1.0}}]\n"",""stream"":""stdout"",""time"":""2025-06-06T09:22:58.769315677Z""}"
2025-06-06T09:22:58.759547969Z,1674984178759547969,33.33.33.76,ts-basic-service-5dc8d4f9fd-46997,server,173a9496d8132e36bffc1807eff3070c,0f7a97397ecf6c46,"{""log"":""17:22:58.759 INFO  f.m.s.BasicServiceImpl#459 TraceID: 173a9496d8132e36bffc1807eff3070c SpanID: 0f7a97397ecf6c46 [queryPriceConfigByRouteIdsAndTrainTypes][Query For Price Config][RouteId and TrainType: [0b23bd3e-876a-4af3-b920-c50a90c90b04:ZhiDa]]\n"",""stream"":""stdout"",""time"":""2025-06-06T09:22:58.759547969Z""}"
2025-06-06T09:22:58.75904479Z,1674984178759044790,33.33.33.76,ts-basic-service-5dc8d4f9fd-46997,server,173a9496d8132e36bffc1807eff3070c,0f7a97397ecf6c46,"{""log"":""17:22:58.758 ERROR  f.m.s.BasicServiceImpl#415 TraceID: 173a9496d8132e36bffc1807eff3070c SpanID: 0f7a97397ecf6c46 [getRoutesByRouteIds][Get Route By Ids Failed]\n"",""stream"":""stdout"",""time"":""2025-06-06T09:22:58.75904479Z""}"
2025-06-06T09:22:58.738458408Z,1674984178738458408,33.33.33.76,ts-basic-service-5dc8d4f9fd-46997,server,173a9496d8132e36bffc1807eff3070c,0f7a97397ecf6c46,"{""log"":""17:22:58.738 INFO  f.m.s.BasicServiceImpl#405 TraceID: 173a9496d8132e36bffc1807eff3070c SpanID: 0f7a97397ecf6c46 [getRoutesByRouteIds][Get Route By Ids][Route IDs: [d693a2c5-ef87-4a3c-bef8-600b43f62c68, 1367db1f-461e-4ab7-87ad-2bcc05fd9cb7, 9fc9c261-3263-4bfa-82f8-bb44e06b2f52, 20eb7122-3a11-423f-b10a-be0dc5bce7db, 0b23bd3e-876a-4af3-b920-c50a90c90b04]]\n"",""stream"":""stdout"",""time"":""2025-06-06T09:22:58.738458408Z""}"
2025-06-06T09:22:58.711688096Z,1674984178711688096,33.33.33.76,ts-basic-service-5dc8d4f9fd-46997,server,173a9496d8132e36bffc1807eff3070c,0f7a97397ecf6c46,"{""log"":""17:22:58.711 INFO  f.m.s.BasicServiceImpl#374 TraceID: 173a9496d8132e36bffc1807eff3070c SpanID: 0f7a97397ecf6c46 [queryTrainTypeByNames][Query Train Type][Train Type names: [TeKuai, ZhiDa, KuaiSu]]\n"",""stream"":""stdout"",""time"":""2025-06-06T09:22:58.711688096Z""}"
2025-06-06T09:22:58.704748242Z,1674984178704748242,33.33.33.76,ts-basic-service-5dc8d4f9fd-46997,server,173a9496d8132e36bffc1807eff3070c,0f7a97397ecf6c46,"{""log"":""17:22:58.704 INFO  f.m.s.BasicServiceImpl#343 TraceID: 173a9496d8132e36bffc1807eff3070c SpanID: 0f7a97397ecf6c46 [checkStationsExists][Check Stations Exists][stationNames: [nanjing, shanghai]]\n"",""stream"":""stdout"",""time"":""2025-06-06T09:22:58.704748242Z""}"
2025-06-06T09:22:58.704642393Z,1674984178704642393,33.33.33.76,ts-basic-service-5dc8d4f9fd-46997,server,173a9496d8132e36bffc1807eff3070c,0f7a97397ecf6c46,"{""log"":""17:22:58.703 INFO  f.m.c.BasicController#45 TraceID: 173a9496d8132e36bffc1807eff3070c SpanID: 0f7a97397ecf6c46 [queryForTravels][Query for travels][Travels: [Travel(trip=Trip(id=8a533bf9-bd12-4608-a8eb-606890982448, tripId=Z1234, trainTypeName=ZhiDa, routeId=0b23bd3e-876a-4af3-b920-c50a90c90b04, startStationName=shanghai, stationsName=nanjing, terminalStationName=beijing, startTime=2013-05-04 09:51:52, endTime=2013-05-04 15:51:52), startPlace=shanghai, endPlace=nanjing, departureTime=2023-01-29 15:38:06), Travel(trip=Trip(id=5c63588e-ad31-4ded-98ac-f4a1a78a36b2, tripId=Z1235, trainTypeName=ZhiDa, routeId=9fc9c261-3263-4bfa-82f8-bb44e06b2f52, startStationName=shanghai, stationsName=nanjing, terminalStationName=beijing, startTime=2013-05-04 11:31:52, endTime=2013-05-04 17:51:52), startPlace=shanghai, endPlace=nanjing, departureTime=2023-01-29 15:38:06), Travel(trip=Trip(id=e1367946-9ecd-4ee6-acbf-8b705e8df59d, tripId=Z1236, trainTypeName=ZhiDa, routeId=d693a2c5-ef87-4a3c-bef8-600b43f62c68, startStationName=shanghai, stationsName=nanjing, terminalStationName=beijing, startTime=2013-05-04 7:05:52, endTime=2013-05-04 12:51:52), startPlace=shanghai, endPlace=nanjing, departureTime=2023-01-29 15:38:06), Travel(trip=Trip(id=502d2768-8480-47fc-91fd-f647267dfac6, tripId=T1235, trainTypeName=TeKuai, routeId=20eb7122-3a11-423f-b10a-be0dc5bce7db, startStationName=shanghai, stationsName=nanjing, terminalStationName=beijing, startTime=2013-05-04 08:31:52, endTime=2013-05-04 17:21:52), startPlace=shanghai, endPlace=nanjing, departureTime=2023-01-29 15:38:06), Travel(trip=Trip(id=a3c9545b-1889-4ea1-9015-b9af1896bc01, tripId=K1345, trainTypeName=KuaiSu, routeId=1367db1f-461e-4ab7-87ad-2bcc05fd9cb7, startStationName=shanghai, stationsName=nanjing, terminalStationName=beijing, startTime=2013-05-04 07:51:52, endTime=2013-05-04 19:59:52), startPlace=shanghai, endPlace=nanjing, departureTime=2023-01-29 15:38:06)]]\n"",""stream"":""stdout"",""time"":""2025-06-06T09:22:58.704642393Z""}"
2025-06-06T09:23:06.997397809Z,1674984186997397809,33.33.33.167,ts-travel2-service-5c66d57d58-6mp2b,server,0f61d79f839156b30011b6ffee8a1423,494582415cbef09f,"{""log"":""17:23:06.997 INFO  t.s.TravelServiceImpl#372 TraceID: 0f61d79f839156b30011b6ffee8a1423 SpanID: 494582415cbef09f [getTickets][Calculate distance][calculate time：175  time: Sat May 04 12:46:52 CST 2013]\n"",""stream"":""stdout"",""time"":""2025-06-06T09:23:06.997397809Z""}"
2025-06-06T09:23:06.997266124Z,1674984186997266124,33.33.33.167,ts-travel2-service-5c66d57d58-6mp2b,server,0f61d79f839156b30011b6ffee8a1423,494582415cbef09f,"{""log"":""17:23:06.997 INFO  t.s.TravelServiceImpl#366 TraceID: 0f61d79f839156b30011b6ffee8a1423 SpanID: 494582415cbef09f [getTickets][Calculate distance][calculate time：0  time: Sat May 04 09:51:52 CST 2013]\n"",""stream"":""stdout"",""time"":""2025-06-06T09:23:06.997266124Z""}"
2025-06-06T09:23:06.997069546Z,1674984186997069546,33.33.33.167,ts-travel2-service-5c66d57d58-6mp2b,server,0f61d79f839156b30011b6ffee8a1423,494582415cbef09f,"{""log"":""17:23:06.996 INFO  t.s.TravelServiceImpl#469 TraceID: 0f61d79f839156b30011b6ffee8a1423 SpanID: 494582415cbef09f [getRestTicketNumber][Get Rest tickets num][num is: Response(status=1, msg=Get Left Ticket of Internal Success, data=1073741823)]\n"",""stream"":""stdout"",""time"":""2025-06-06T09:23:06.997069546Z""}"
2025-06-06T09:23:06.982164874Z,1674984186982164874,33.33.33.167,ts-travel2-service-5c66d57d58-6mp2b,server,0f61d79f839156b30011b6ffee8a1423,494582415cbef09f,"{""log"":""17:23:06.981 INFO  t.s.TravelServiceImpl#459 TraceID: 0f61d79f839156b30011b6ffee8a1423 SpanID: 494582415cbef09f [getRestTicketNumber][Seat request][request: Seat(travelDate=2023-01-29 15:38:06, trainNumber=Z1234, startStation=shanghai, destStation=nanjing, seatType=3, totalNum=2147483647, stations=[shanghai, nanjing, shijiazhuang, taiyuan])]\n"",""stream"":""stdout"",""time"":""2025-06-06T09:23:06.982164874Z""}"
2025-06-06T09:23:06.982023337Z,1674984186982023337,33.33.33.167,ts-travel2-service-5c66d57d58-6mp2b,server,0f61d79f839156b30011b6ffee8a1423,494582415cbef09f,"{""log"":""17:23:06.981 INFO  t.s.TravelServiceImpl#469 TraceID: 0f61d79f839156b30011b6ffee8a1423 SpanID: 494582415cbef09f [getRestTicketNumber][Get Rest tickets num][num is: Response(status=1, msg=Get Left Ticket of Internal Success, data=1073741823)]\n"",""stream"":""stdout"",""time"":""2025-06-06T09:23:06.982023337Z""}"
2025-06-06T09:23:06.948043679Z,1674984186948043679,33.33.33.167,ts-travel2-service-5c66d57d58-6mp2b,server,0f61d79f839156b30011b6ffee8a1423,494582415cbef09f,"{""log"":""17:23:06.947 INFO  t.s.TravelServiceImpl#459 TraceID: 0f61d79f839156b30011b6ffee8a1423 SpanID: 494582415cbef09f [getRestTicketNumber][Seat request][request: Seat(travelDate=2023-01-29 15:38:06, trainNumber=Z1234, startStation=shanghai, destStation=nanjing, seatType=2, totalNum=2147483647, stations=[shanghai, nanjing, shijiazhuang, taiyuan])]\n"",""stream"":""stdout"",""time"":""2025-06-06T09:23:06.948043679Z""}"
2025-06-06T09:23:06.677907856Z,1674984186677907856,33.33.33.167,ts-travel2-service-5c66d57d58-6mp2b,server,0f61d79f839156b30011b6ffee8a1423,494582415cbef09f,"{""log"":""17:23:06.677 INFO  t.s.TravelServiceImpl#260 TraceID: 0f61d79f839156b30011b6ffee8a1423 SpanID: 494582415cbef09f [getTicketsByBatch][before get basic][trips: [Trip(id=8a533bf9-bd12-4608-a8eb-606890982448, tripId=Z1234, trainTypeName=ZhiDa, routeId=0b23bd3e-876a-4af3-b920-c50a90c90b04, startStationName=shanghai, stationsName=nanjing, terminalStationName=beijing, startTime=2013-05-04 09:51:52, endTime=2013-05-04 15:51:52), Trip(id=5c63588e-ad31-4ded-98ac-f4a1a78a36b2, tripId=Z1235, trainTypeName=ZhiDa, routeId=9fc9c261-3263-4bfa-82f8-bb44e06b2f52, startStationName=shanghai, stationsName=nanjing, terminalStationName=beijing, startTime=2013-05-04 11:31:52, endTime=2013-05-04 17:51:52), Trip(id=e1367946-9ecd-4ee6-acbf-8b705e8df59d, tripId=Z1236, trainTypeName=ZhiDa, routeId=d693a2c5-ef87-4a3c-bef8-600b43f62c68, startStationName=shanghai, stationsName=nanjing, terminalStationName=beijing, startTime=2013-05-04 7:05:52, endTime=2013-05-04 12:51:52), Trip(id=502d2768-8480-47fc-91fd-f647267dfac6, tripId=T1235, trainTypeName=TeKuai, routeId=20eb7122-3a11-423f-b10a-be0dc5bce7db, startStationName=shanghai, stationsName=nanjing, terminalStationName=beijing, startTime=2013-05-04 08:31:52, endTime=2013-05-04 17:21:52), Trip(id=a3c9545b-1889-4ea1-9015-b9af1896bc01, tripId=K1345, trainTypeName=KuaiSu, routeId=1367db1f-461e-4ab7-87ad-2bcc05fd9cb7, startStationName=shanghai, stationsName=nanjing, terminalStationName=beijing, startTime=2013-05-04 07:51:52, endTime=2013-05-04 19:59:52)]]\n"",""stream"":""stdout"",""time"":""2025-06-06T09:23:06.677907856Z""}"
2025-06-06T09:23:06.67410276Z,1674984186674102760,33.33.33.167,ts-travel2-service-5c66d57d58-6mp2b,server,0f61d79f839156b30011b6ffee8a1423,494582415cbef09f,"{""log"":""17:23:06.673 INFO  t.c.Travel2Controller#115 TraceID: 0f61d79f839156b30011b6ffee8a1423 SpanID: 494582415cbef09f [query][Query TripResponse]\n"",""stream"":""stdout"",""time"":""2025-06-06T09:23:06.67410276Z""}"
2025-06-06T09:23:06.921134171Z,1674984186921134171,33.33.33.79,ts-train-service-86f5f97bc9-dkqmf,server,0f61d79f839156b30011b6ffee8a1423,8ed3d7e3d24fee4b,"{""log"":""17:23:06.920 INFO  t.c.TrainController#72 TraceID: 0f61d79f839156b30011b6ffee8a1423 SpanID: 8ed3d7e3d24fee4b [retrieveByNames][Retrieve train][TrainTypeNames: [TeKuai, ZhiDa, KuaiSu]]\n"",""stream"":""stdout"",""time"":""2025-06-06T09:23:06.921134171Z""}"
2025-06-06T09:23:06.68733891Z,1674984186687338910,33.33.33.76,ts-station-service-7f4f5f6f77-5qb6j,server,0f61d79f839156b30011b6ffee8a1423,53e883a0389e414c,"{""log"":""17:23:06.686 INFO  f.m.c.StationController#71 TraceID: 0f61d79f839156b30011b6ffee8a1423 SpanID: 53e883a0389e414c [queryForIdBatch][Query stations for id batch][StationNameNumbers: 2]\n"",""stream"":""stdout"",""time"":""2025-06-06T09:23:06.68733891Z""}"
2025-06-06T09:23:06.995496183Z,1674984186995496183,33.33.33.82,ts-seat-service-5c95b49cff-tdsdz,server,0f61d79f839156b30011b6ffee8a1423,c87098e34bc1bd25,"{""log"":""17:23:06.994 INFO  s.s.SeatServiceImpl#217 TraceID: 0f61d79f839156b30011b6ffee8a1423 SpanID: c87098e34bc1bd25 [getDirectProportion][Configs is : Config(name=DirectTicketAllocationProportion, value=0.5, description=Allocation Proportion Of The Direct Ticket - From Start To End)]\n"",""stream"":""stdout"",""time"":""2025-06-06T09:23:06.995496183Z""}"
2025-06-06T09:23:06.991257331Z,1674984186991257331,33.33.33.82,ts-seat-service-5c95b49cff-tdsdz,server,0f61d79f839156b30011b6ffee8a1423,c87098e34bc1bd25,"{""log"":""17:23:06.990 INFO  s.s.SeatServiceImpl#166 TraceID: 0f61d79f839156b30011b6ffee8a1423 SpanID: c87098e34bc1bd25 [getLeftTicketOfInterval][Get Order tickets result][result is \u003c200,Response(status=0, msg=Seat is Null., data=null),[vary:\""Origin,Access-Control-Request-Method,Access-Control-Request-Headers\"", x-content-type-options:\""nosniff\"", x-xss-protection:\""1; mode=block\"", cache-control:\""no-cache, no-store, max-age=0, must-revalidate\"", pragma:\""no-cache\"", expires:\""0\"", x-frame-options:\""DENY\"", content-type:\""application/json\"", date:\""Sun, 29 Jan 2023 09:23:06 GMT\"", x-envoy-upstream-service-time:\""3\"", server:\""envoy\"", transfer-encoding:\""chunked\""]\u003e]\n"",""stream"":""stdout"",""time"":""2025-06-06T09:23:06.991257331Z""}"
2025-06-06T09:23:06.985465925Z,1674984186985465925,33.33.33.82,ts-seat-service-5c95b49cff-tdsdz,server,0f61d79f839156b30011b6ffee8a1423,c87098e34bc1bd25,"{""log"":""17:23:06.984 INFO  s.s.SeatServiceImpl#154 TraceID: 0f61d79f839156b30011b6ffee8a1423 SpanID: c87098e34bc1bd25 [getLeftTicketOfInterval][TrainNumber start with other capital][trainNumber:Z1234]\n"",""stream"":""stdout"",""time"":""2025-06-06T09:23:06.985465925Z""}"
2025-06-06T09:23:06.985132551Z,1674984186985132551,33.33.33.82,ts-seat-service-5c95b49cff-tdsdz,server,0f61d79f839156b30011b6ffee8a1423,c87098e34bc1bd25,"{""log"":""17:23:06.984 INFO  s.s.SeatServiceImpl#137 TraceID: 0f61d79f839156b30011b6ffee8a1423 SpanID: c87098e34bc1bd25 [getLeftTicketOfInterval][Seat request][request:Seat(travelDate=2023-01-29 15:38:06, trainNumber=Z1234, startStation=shanghai, destStation=nanjing, seatType=3, totalNum=2147483647, stations=[shanghai, nanjing, shijiazhuang, taiyuan])]\n"",""stream"":""stdout"",""time"":""2025-06-06T09:23:06.985132551Z""}"
2025-06-06T09:23:06.984780765Z,1674984186984780765,33.33.33.82,ts-seat-service-5c95b49cff-tdsdz,server,0f61d79f839156b30011b6ffee8a1423,c87098e34bc1bd25,"{""log"":""17:23:06.984 INFO  s.c.SeatController#57 TraceID: 0f61d79f839156b30011b6ffee8a1423 SpanID: c87098e34bc1bd25 [getLeftTicketOfInterval][Get left ticket of interval][TravelDate: 2023-01-29 15:38:06,TrainNumber: Z1234,SeatType: 3]\n"",""stream"":""stdout"",""time"":""2025-06-06T09:23:06.984780765Z""}"
2025-06-06T09:23:06.980656344Z,1674984186980656344,33.33.33.82,ts-seat-service-5c95b49cff-tdsdz,server,0f61d79f839156b30011b6ffee8a1423,dfdcf4b9b7250479,"{""log"":""17:23:06.979 INFO  s.s.SeatServiceImpl#217 TraceID: 0f61d79f839156b30011b6ffee8a1423 SpanID: dfdcf4b9b7250479 [getDirectProportion][Configs is : Config(name=DirectTicketAllocationProportion, value=0.5, description=Allocation Proportion Of The Direct Ticket - From Start To End)]\n"",""stream"":""stdout"",""time"":""2025-06-06T09:23:06.980656344Z""}"
2025-06-06T09:23:06.960989392Z,1674984186960989392,33.33.33.82,ts-seat-service-5c95b49cff-tdsdz,server,0f61d79f839156b30011b6ffee8a1423,dfdcf4b9b7250479,"{""log"":""17:23:06.960 INFO  s.s.SeatServiceImpl#166 TraceID: 0f61d79f839156b30011b6ffee8a1423 SpanID: dfdcf4b9b7250479 [getLeftTicketOfInterval][Get Order tickets result][result is \u003c200,Response(status=0, msg=Seat is Null., data=null),[vary:\""Origin,Access-Control-Request-Method,Access-Control-Request-Headers\"", x-content-type-options:\""nosniff\"", x-xss-protection:\""1; mode=block\"", cache-control:\""no-cache, no-store, max-age=0, must-revalidate\"", pragma:\""no-cache\"", expires:\""0\"", x-frame-options:\""DENY\"", content-type:\""application/json\"", date:\""Sun, 29 Jan 2023 09:23:06 GMT\"", x-envoy-upstream-service-time:\""3\"", server:\""envoy\"", transfer-encoding:\""chunked\""]\u003e]\n"",""stream"":""stdout"",""time"":""2025-06-06T09:23:06.960989392Z""}"
2025-06-06T09:23:06.953640161Z,1674984186953640161,33.33.33.82,ts-seat-service-5c95b49cff-tdsdz,server,0f61d79f839156b30011b6ffee8a1423,dfdcf4b9b7250479,"{""log"":""17:23:06.953 INFO  s.s.SeatServiceImpl#154 TraceID: 0f61d79f839156b30011b6ffee8a1423 SpanID: dfdcf4b9b7250479 [getLeftTicketOfInterval][TrainNumber start with other capital][trainNumber:Z1234]\n"",""stream"":""stdout"",""time"":""2025-06-06T09:23:06.953640161Z""}"
2025-06-06T09:23:06.953220882Z,1674984186953220882,33.33.33.82,ts-seat-service-5c95b49cff-tdsdz,server,0f61d79f839156b30011b6ffee8a1423,dfdcf4b9b7250479,"{""log"":""17:23:06.952 INFO  s.s.SeatServiceImpl#137 TraceID: 0f61d79f839156b30011b6ffee8a1423 SpanID: dfdcf4b9b7250479 [getLeftTicketOfInterval][Seat request][request:Seat(travelDate=2023-01-29 15:38:06, trainNumber=Z1234, startStation=shanghai, destStation=nanjing, seatType=2, totalNum=2147483647, stations=[shanghai, nanjing, shijiazhuang, taiyuan])]\n"",""stream"":""stdout"",""time"":""2025-06-06T09:23:06.953220882Z""}"
2025-06-06T09:23:06.952865591Z,1674984186952865591,33.33.33.82,ts-seat-service-5c95b49cff-tdsdz,server,0f61d79f839156b30011b6ffee8a1423,dfdcf4b9b7250479,"{""log"":""17:23:06.952 INFO  s.c.SeatController#57 TraceID: 0f61d79f839156b30011b6ffee8a1423 SpanID: dfdcf4b9b7250479 [getLeftTicketOfInterval][Get left ticket of interval][TravelDate: 2023-01-29 15:38:06,TrainNumber: Z1234,SeatType: 2]\n"",""stream"":""stdout"",""time"":""2025-06-06T09:23:06.952865591Z""}"
2025-06-06T09:23:06.928141615Z,1674984186928141615,33.33.33.80,ts-route-service-b6c59fb57-zv8dt,server,0f61d79f839156b30011b6ffee8a1423,6c6ab350e39ef2e6,"{""log"":""17:23:06.927 INFO  r.c.RouteController#53 TraceID: 0f61d79f839156b30011b6ffee8a1423 SpanID: 6c6ab350e39ef2e6 [getRouteById][Query route by id][RouteId: [d693a2c5-ef87-4a3c-bef8-600b43f62c68, 1367db1f-461e-4ab7-87ad-2bcc05fd9cb7, 9fc9c261-3263-4bfa-82f8-bb44e06b2f52, 20eb7122-3a11-423f-b10a-be0dc5bce7db, 0b23bd3e-876a-4af3-b920-c50a90c90b04]]\n"",""stream"":""stdout"",""time"":""2025-06-06T09:23:06.928141615Z""}"
2025-06-06T09:23:06.942705064Z,1674984186942705064,33.33.33.79,ts-price-service-76846864d9-g465z,server,0f61d79f839156b30011b6ffee8a1423,a29e25fb04362cd4,"{""log"":""17:23:06.941 INFO  p.c.PriceController#46 TraceID: 0f61d79f839156b30011b6ffee8a1423 SpanID: a29e25fb04362cd4 [findByRouteIdAndTrainType][Query price][routeId and Train Type: [0b23bd3e-876a-4af3-b920-c50a90c90b04:ZhiDa]]\n"",""stream"":""stdout"",""time"":""2025-06-06T09:23:06.942705064Z""}"
2025-06-06T09:23:06.989180967Z,1674984186989180967,33.33.33.155,ts-order-other-service-6cdbf9b4cc-h7mqk,server,0f61d79f839156b30011b6ffee8a1423,543da94276f719fd,"{""log"":""17:23:06.988 WARN  o.s.OrderOtherServiceImpl#72 TraceID: 0f61d79f839156b30011b6ffee8a1423 SpanID: 543da94276f719fd [getSoldTickets][Seat][No content][seat from date: 2023-01-29 15:38:06, train number: Z1234\n"",""stream"":""stdout"",""time"":""2025-06-06T09:23:06.989180967Z""}"
2025-06-06T09:23:06.987999071Z,1674984186987999071,33.33.33.155,ts-order-other-service-6cdbf9b4cc-h7mqk,server,0f61d79f839156b30011b6ffee8a1423,543da94276f719fd,"{""log"":""17:23:06.987 INFO  o.c.OrderOtherController#42 TraceID: 0f61d79f839156b30011b6ffee8a1423 SpanID: 543da94276f719fd [getSoldTickets][Get Sold Ticket][Travel Date: 2023-01-29 15:38:06]\n"",""stream"":""stdout"",""time"":""2025-06-06T09:23:06.987999071Z""}"
2025-06-06T09:23:06.958798067Z,1674984186958798067,33.33.33.155,ts-order-other-service-6cdbf9b4cc-h7mqk,server,0f61d79f839156b30011b6ffee8a1423,dc3e8fa492ce8b29,"{""log"":""17:23:06.958 WARN  o.s.OrderOtherServiceImpl#72 TraceID: 0f61d79f839156b30011b6ffee8a1423 SpanID: dc3e8fa492ce8b29 [getSoldTickets][Seat][No content][seat from date: 2023-01-29 15:38:06, train number: Z1234\n"",""stream"":""stdout"",""time"":""2025-06-06T09:23:06.958798067Z""}"
2025-06-06T09:23:06.957752347Z,1674984186957752347,33.33.33.155,ts-order-other-service-6cdbf9b4cc-h7mqk,server,0f61d79f839156b30011b6ffee8a1423,dc3e8fa492ce8b29,"{""log"":""17:23:06.957 INFO  o.c.OrderOtherController#42 TraceID: 0f61d79f839156b30011b6ffee8a1423 SpanID: dc3e8fa492ce8b29 [getSoldTickets][Get Sold Ticket][Travel Date: 2023-01-29 15:38:06]\n"",""stream"":""stdout"",""time"":""2025-06-06T09:23:06.957752347Z""}"
2025-06-06T09:23:06.993673054Z,1674984186993673054,33.33.33.115,ts-config-service-5fcd447d84-wxwjd,server,0f61d79f839156b30011b6ffee8a1423,32b61ba21489bf90,"{""log"":""17:23:06.993 INFO  c.s.ConfigServiceImpl#65 TraceID: 0f61d79f839156b30011b6ffee8a1423 SpanID: 32b61ba21489bf90 [query][Query config success][config name: DirectTicketAllocationProportion]\n"",""stream"":""stdout"",""time"":""2025-06-06T09:23:06.993673054Z""}"
2025-06-06T09:23:06.992930242Z,1674984186992930242,33.33.33.115,ts-config-service-5fcd447d84-wxwjd,server,0f61d79f839156b30011b6ffee8a1423,32b61ba21489bf90,"{""log"":""17:23:06.992 INFO  c.c.ConfigController#67 TraceID: 0f61d79f839156b30011b6ffee8a1423 SpanID: 32b61ba21489bf90 [retrieve][Retrieve config][configName: DirectTicketAllocationProportion]\n"",""stream"":""stdout"",""time"":""2025-06-06T09:23:06.992930242Z""}"
2025-06-06T09:23:06.965421028Z,1674984186965421028,33.33.33.115,ts-config-service-5fcd447d84-wxwjd,server,0f61d79f839156b30011b6ffee8a1423,42f5ee40b2f57692,"{""log"":""17:23:06.965 INFO  c.s.ConfigServiceImpl#65 TraceID: 0f61d79f839156b30011b6ffee8a1423 SpanID: 42f5ee40b2f57692 [query][Query config success][config name: DirectTicketAllocationProportion]\n"",""stream"":""stdout"",""time"":""2025-06-06T09:23:06.965421028Z""}"
2025-06-06T09:23:06.964738318Z,1674984186964738318,33.33.33.115,ts-config-service-5fcd447d84-wxwjd,server,0f61d79f839156b30011b6ffee8a1423,42f5ee40b2f57692,"{""log"":""17:23:06.964 INFO  c.c.ConfigController#67 TraceID: 0f61d79f839156b30011b6ffee8a1423 SpanID: 42f5ee40b2f57692 [retrieve][Retrieve config][configName: DirectTicketAllocationProportion]\n"",""stream"":""stdout"",""time"":""2025-06-06T09:23:06.964738318Z""}"
2025-06-06T09:23:06.946195779Z,1674984186946195779,33.33.33.76,ts-basic-service-5dc8d4f9fd-46997,server,0f61d79f839156b30011b6ffee8a1423,95be5b637b58366b,"{""log"":""17:23:06.945 INFO  f.m.s.BasicServiceImpl#320 TraceID: 0f61d79f839156b30011b6ffee8a1423 SpanID: 95be5b637b58366b [queryForTravels][all done][result map: {Z1234=TravelResult(status=true, percent=1.0, trainType=TrainType(id=e24bb484-516a-4aad-b37f-517e7139e913, name=ZhiDa, economyClass=2147483647, confortClass=2147483647, averageSpeed=120), route=Route(id=0b23bd3e-876a-4af3-b920-c50a90c90b04, stations=[shanghai, nanjing, shijiazhuang, taiyuan], distances=[0, 350, 1000, 1300], startStation=shanghai, endStation=taiyuan), prices={confortClass=350.0, economyClass=122.49999999999999})}]\n"",""stream"":""stdout"",""time"":""2025-06-06T09:23:06.946195779Z""}"
2025-06-06T09:23:06.946000215Z,1674984186946000215,33.33.33.76,ts-basic-service-5dc8d4f9fd-46997,server,0f61d79f839156b30011b6ffee8a1423,95be5b637b58366b,"{""log"":""17:23:06.945 INFO  f.m.s.BasicServiceImpl#481 TraceID: 0f61d79f839156b30011b6ffee8a1423 SpanID: 95be5b637b58366b [queryPriceConfigByRouteIdsAndTrainTypes][Get Price Config by routeId and trainType][Success][priceConfigs: {0b23bd3e-876a-4af3-b920-c50a90c90b04:ZhiDa={id=b90a6ad7-ffad-4624-9655-48e9e185fa6c, trainType=ZhiDa, routeId=0b23bd3e-876a-4af3-b920-c50a90c90b04, basicPriceRate=0.35, firstClassPriceRate=1.0}}]\n"",""stream"":""stdout"",""time"":""2025-06-06T09:23:06.946000215Z""}"
2025-06-06T09:23:06.939481666Z,1674984186939481666,33.33.33.76,ts-basic-service-5dc8d4f9fd-46997,server,0f61d79f839156b30011b6ffee8a1423,95be5b637b58366b,"{""log"":""17:23:06.939 INFO  f.m.s.BasicServiceImpl#459 TraceID: 0f61d79f839156b30011b6ffee8a1423 SpanID: 95be5b637b58366b [queryPriceConfigByRouteIdsAndTrainTypes][Query For Price Config][RouteId and TrainType: [0b23bd3e-876a-4af3-b920-c50a90c90b04:ZhiDa]]\n"",""stream"":""stdout"",""time"":""2025-06-06T09:23:06.939481666Z""}"
2025-06-06T09:23:06.939061646Z,1674984186939061646,33.33.33.76,ts-basic-service-5dc8d4f9fd-46997,server,0f61d79f839156b30011b6ffee8a1423,95be5b637b58366b,"{""log"":""17:23:06.938 ERROR  f.m.s.BasicServiceImpl#415 TraceID: 0f61d79f839156b30011b6ffee8a1423 SpanID: 95be5b637b58366b [getRoutesByRouteIds][Get Route By Ids Failed]\n"",""stream"":""stdout"",""time"":""2025-06-06T09:23:06.939061646Z""}"
2025-06-06T09:23:06.924610486Z,1674984186924610486,33.33.33.76,ts-basic-service-5dc8d4f9fd-46997,server,0f61d79f839156b30011b6ffee8a1423,95be5b637b58366b,"{""log"":""17:23:06.924 INFO  f.m.s.BasicServiceImpl#405 TraceID: 0f61d79f839156b30011b6ffee8a1423 SpanID: 95be5b637b58366b [getRoutesByRouteIds][Get Route By Ids][Route IDs: [d693a2c5-ef87-4a3c-bef8-600b43f62c68, 1367db1f-461e-4ab7-87ad-2bcc05fd9cb7, 9fc9c261-3263-4bfa-82f8-bb44e06b2f52, 20eb7122-3a11-423f-b10a-be0dc5bce7db, 0b23bd3e-876a-4af3-b920-c50a90c90b04]]\n"",""stream"":""stdout"",""time"":""2025-06-06T09:23:06.924610486Z""}"
2025-06-06T09:23:06.690393721Z,1674984186690393721,33.33.33.76,ts-basic-service-5dc8d4f9fd-46997,server,0f61d79f839156b30011b6ffee8a1423,95be5b637b58366b,"{""log"":""17:23:06.690 INFO  f.m.s.BasicServiceImpl#374 TraceID: 0f61d79f839156b30011b6ffee8a1423 SpanID: 95be5b637b58366b [queryTrainTypeByNames][Query Train Type][Train Type names: [TeKuai, ZhiDa, KuaiSu]]\n"",""stream"":""stdout"",""time"":""2025-06-06T09:23:06.690393721Z""}"
2025-06-06T09:23:06.682691648Z,1674984186682691648,33.33.33.76,ts-basic-service-5dc8d4f9fd-46997,server,0f61d79f839156b30011b6ffee8a1423,95be5b637b58366b,"{""log"":""17:23:06.682 INFO  f.m.s.BasicServiceImpl#343 TraceID: 0f61d79f839156b30011b6ffee8a1423 SpanID: 95be5b637b58366b [checkStationsExists][Check Stations Exists][stationNames: [nanjing, shanghai]]\n"",""stream"":""stdout"",""time"":""2025-06-06T09:23:06.682691648Z""}"
2025-06-06T09:23:06.682641549Z,1674984186682641549,33.33.33.76,ts-basic-service-5dc8d4f9fd-46997,server,0f61d79f839156b30011b6ffee8a1423,95be5b637b58366b,"{""log"":""17:23:06.681 INFO  f.m.c.BasicController#45 TraceID: 0f61d79f839156b30011b6ffee8a1423 SpanID: 95be5b637b58366b [queryForTravels][Query for travels][Travels: [Travel(trip=Trip(id=8a533bf9-bd12-4608-a8eb-606890982448, tripId=Z1234, trainTypeName=ZhiDa, routeId=0b23bd3e-876a-4af3-b920-c50a90c90b04, startStationName=shanghai, stationsName=nanjing, terminalStationName=beijing, startTime=2013-05-04 09:51:52, endTime=2013-05-04 15:51:52), startPlace=shanghai, endPlace=nanjing, departureTime=2023-01-29 15:38:06), Travel(trip=Trip(id=5c63588e-ad31-4ded-98ac-f4a1a78a36b2, tripId=Z1235, trainTypeName=ZhiDa, routeId=9fc9c261-3263-4bfa-82f8-bb44e06b2f52, startStationName=shanghai, stationsName=nanjing, terminalStationName=beijing, startTime=2013-05-04 11:31:52, endTime=2013-05-04 17:51:52), startPlace=shanghai, endPlace=nanjing, departureTime=2023-01-29 15:38:06), Travel(trip=Trip(id=e1367946-9ecd-4ee6-acbf-8b705e8df59d, tripId=Z1236, trainTypeName=ZhiDa, routeId=d693a2c5-ef87-4a3c-bef8-600b43f62c68, startStationName=shanghai, stationsName=nanjing, terminalStationName=beijing, startTime=2013-05-04 7:05:52, endTime=2013-05-04 12:51:52), startPlace=shanghai, endPlace=nanjing, departureTime=2023-01-29 15:38:06), Travel(trip=Trip(id=502d2768-8480-47fc-91fd-f647267dfac6, tripId=T1235, trainTypeName=TeKuai, routeId=20eb7122-3a11-423f-b10a-be0dc5bce7db, startStationName=shanghai, stationsName=nanjing, terminalStationName=beijing, startTime=2013-05-04 08:31:52, endTime=2013-05-04 17:21:52), startPlace=shanghai, endPlace=nanjing, departureTime=2023-01-29 15:38:06), Travel(trip=Trip(id=a3c9545b-1889-4ea1-9015-b9af1896bc01, tripId=K1345, trainTypeName=KuaiSu, routeId=1367db1f-461e-4ab7-87ad-2bcc05fd9cb7, startStationName=shanghai, stationsName=nanjing, terminalStationName=beijing, startTime=2013-05-04 07:51:52, endTime=2013-05-04 19:59:52), startPlace=shanghai, endPlace=nanjing, departureTime=2023-01-29 15:38:06)]]\n"",""stream"":""stdout"",""time"":""2025-06-06T09:23:06.682641549Z""}"
2025-06-06T09:22:50.766293053Z,1674984170766293053,33.33.33.167,ts-travel2-service-5c66d57d58-6mp2b,server,660f47759dc8b4139d8165d1868c56a7,f342cc40c9883060,"{""log"":""17:22:50.766 INFO  t.s.TravelServiceImpl#372 TraceID: 660f47759dc8b4139d8165d1868c56a7 SpanID: f342cc40c9883060 [getTickets][Calculate distance][calculate time：175  time: Sat May 04 12:46:52 CST 2013]\n"",""stream"":""stdout"",""time"":""2025-06-06T09:22:50.766293053Z""}"
2025-06-06T09:22:50.766157473Z,1674984170766157473,33.33.33.167,ts-travel2-service-5c66d57d58-6mp2b,server,660f47759dc8b4139d8165d1868c56a7,f342cc40c9883060,"{""log"":""17:22:50.765 INFO  t.s.TravelServiceImpl#366 TraceID: 660f47759dc8b4139d8165d1868c56a7 SpanID: f342cc40c9883060 [getTickets][Calculate distance][calculate time：0  time: Sat May 04 09:51:52 CST 2013]\n"",""stream"":""stdout"",""time"":""2025-06-06T09:22:50.766157473Z""}"
2025-06-06T09:22:50.765972556Z,1674984170765972556,33.33.33.167,ts-travel2-service-5c66d57d58-6mp2b,server,660f47759dc8b4139d8165d1868c56a7,f342cc40c9883060,"{""log"":""17:22:50.765 INFO  t.s.TravelServiceImpl#469 TraceID: 660f47759dc8b4139d8165d1868c56a7 SpanID: f342cc40c9883060 [getRestTicketNumber][Get Rest tickets num][num is: Response(status=1, msg=Get Left Ticket of Internal Success, data=1073741823)]\n"",""stream"":""stdout"",""time"":""2025-06-06T09:22:50.765972556Z""}"
2025-06-06T09:22:50.725605538Z,1674984170725605538,33.33.33.167,ts-travel2-service-5c66d57d58-6mp2b,server,660f47759dc8b4139d8165d1868c56a7,f342cc40c9883060,"{""log"":""17:22:50.725 INFO  t.s.TravelServiceImpl#459 TraceID: 660f47759dc8b4139d8165d1868c56a7 SpanID: f342cc40c9883060 [getRestTicketNumber][Seat request][request: Seat(travelDate=2023-01-29 15:38:06, trainNumber=Z1234, startStation=shanghai, destStation=nanjing, seatType=3, totalNum=2147483647, stations=[shanghai, nanjing, shijiazhuang, taiyuan])]\n"",""stream"":""stdout"",""time"":""2025-06-06T09:22:50.725605538Z""}"
2025-06-06T09:22:50.7254808Z,1674984170725480800,33.33.33.167,ts-travel2-service-5c66d57d58-6mp2b,server,660f47759dc8b4139d8165d1868c56a7,f342cc40c9883060,"{""log"":""17:22:50.725 INFO  t.s.TravelServiceImpl#469 TraceID: 660f47759dc8b4139d8165d1868c56a7 SpanID: f342cc40c9883060 [getRestTicketNumber][Get Rest tickets num][num is: Response(status=1, msg=Get Left Ticket of Internal Success, data=1073741823)]\n"",""stream"":""stdout"",""time"":""2025-06-06T09:22:50.7254808Z""}"
2025-06-06T09:22:50.699827996Z,1674984170699827996,33.33.33.167,ts-travel2-service-5c66d57d58-6mp2b,server,660f47759dc8b4139d8165d1868c56a7,f342cc40c9883060,"{""log"":""17:22:50.699 INFO  t.s.TravelServiceImpl#459 TraceID: 660f47759dc8b4139d8165d1868c56a7 SpanID: f342cc40c9883060 [getRestTicketNumber][Seat request][request: Seat(travelDate=2023-01-29 15:38:06, trainNumber=Z1234, startStation=shanghai, destStation=nanjing, seatType=2, totalNum=2147483647, stations=[shanghai, nanjing, shijiazhuang, taiyuan])]\n"",""stream"":""stdout"",""time"":""2025-06-06T09:22:50.699827996Z""}"
2025-06-06T09:22:50.599546389Z,1674984170599546389,33.33.33.167,ts-travel2-service-5c66d57d58-6mp2b,server,660f47759dc8b4139d8165d1868c56a7,f342cc40c9883060,"{""log"":""17:22:50.599 INFO  t.s.TravelServiceImpl#260 TraceID: 660f47759dc8b4139d8165d1868c56a7 SpanID: f342cc40c9883060 [getTicketsByBatch][before get basic][trips: [Trip(id=8a533bf9-bd12-4608-a8eb-606890982448, tripId=Z1234, trainTypeName=ZhiDa, routeId=0b23bd3e-876a-4af3-b920-c50a90c90b04, startStationName=shanghai, stationsName=nanjing, terminalStationName=beijing, startTime=2013-05-04 09:51:52, endTime=2013-05-04 15:51:52), Trip(id=5c63588e-ad31-4ded-98ac-f4a1a78a36b2, tripId=Z1235, trainTypeName=ZhiDa, routeId=9fc9c261-3263-4bfa-82f8-bb44e06b2f52, startStationName=shanghai, stationsName=nanjing, terminalStationName=beijing, startTime=2013-05-04 11:31:52, endTime=2013-05-04 17:51:52), Trip(id=e1367946-9ecd-4ee6-acbf-8b705e8df59d, tripId=Z1236, trainTypeName=ZhiDa, routeId=d693a2c5-ef87-4a3c-bef8-600b43f62c68, startStationName=shanghai, stationsName=nanjing, terminalStationName=beijing, startTime=2013-05-04 7:05:52, endTime=2013-05-04 12:51:52), Trip(id=502d2768-8480-47fc-91fd-f647267dfac6, tripId=T1235, trainTypeName=TeKuai, routeId=20eb7122-3a11-423f-b10a-be0dc5bce7db, startStationName=shanghai, stationsName=nanjing, terminalStationName=beijing, startTime=2013-05-04 08:31:52, endTime=2013-05-04 17:21:52), Trip(id=a3c9545b-1889-4ea1-9015-b9af1896bc01, tripId=K1345, trainTypeName=KuaiSu, routeId=1367db1f-461e-4ab7-87ad-2bcc05fd9cb7, startStationName=shanghai, stationsName=nanjing, terminalStationName=beijing, startTime=2013-05-04 07:51:52, endTime=2013-05-04 19:59:52)]]\n"",""stream"":""stdout"",""time"":""2025-06-06T09:22:50.599546389Z""}"
2025-06-06T09:22:50.595592665Z,1674984170595592665,33.33.33.167,ts-travel2-service-5c66d57d58-6mp2b,server,660f47759dc8b4139d8165d1868c56a7,f342cc40c9883060,"{""log"":""17:22:50.595 INFO  t.c.Travel2Controller#115 TraceID: 660f47759dc8b4139d8165d1868c56a7 SpanID: f342cc40c9883060 [query][Query TripResponse]\n"",""stream"":""stdout"",""time"":""2025-06-06T09:22:50.595592665Z""}"
2025-06-06T09:22:50.637534111Z,1674984170637534111,33.33.33.79,ts-train-service-86f5f97bc9-dkqmf,server,660f47759dc8b4139d8165d1868c56a7,ed71c1765f8dd1fb,"{""log"":""17:22:50.636 INFO  t.c.TrainController#72 TraceID: 660f47759dc8b4139d8165d1868c56a7 SpanID: ed71c1765f8dd1fb [retrieveByNames][Retrieve train][TrainTypeNames: [TeKuai, ZhiDa, KuaiSu]]\n"",""stream"":""stdout"",""time"":""2025-06-06T09:22:50.637534111Z""}"
2025-06-06T09:22:50.608439251Z,1674984170608439251,33.33.33.76,ts-station-service-7f4f5f6f77-5qb6j,server,660f47759dc8b4139d8165d1868c56a7,7bf4a5a088e924ee,"{""log"":""17:22:50.607 INFO  f.m.c.StationController#71 TraceID: 660f47759dc8b4139d8165d1868c56a7 SpanID: 7bf4a5a088e924ee [queryForIdBatch][Query stations for id batch][StationNameNumbers: 2]\n"",""stream"":""stdout"",""time"":""2025-06-06T09:22:50.608439251Z""}"
2025-06-06T09:22:50.764243844Z,1674984170764243844,33.33.33.82,ts-seat-service-5c95b49cff-tdsdz,server,660f47759dc8b4139d8165d1868c56a7,67bd33ce2f7c7b3c,"{""log"":""17:22:50.763 INFO  s.s.SeatServiceImpl#217 TraceID: 660f47759dc8b4139d8165d1868c56a7 SpanID: 67bd33ce2f7c7b3c [getDirectProportion][Configs is : Config(name=DirectTicketAllocationProportion, value=0.5, description=Allocation Proportion Of The Direct Ticket - From Start To End)]\n"",""stream"":""stdout"",""time"":""2025-06-06T09:22:50.764243844Z""}"
2025-06-06T09:22:50.73509452Z,1674984170735094520,33.33.33.82,ts-seat-service-5c95b49cff-tdsdz,server,660f47759dc8b4139d8165d1868c56a7,67bd33ce2f7c7b3c,"{""log"":""17:22:50.734 INFO  s.s.SeatServiceImpl#166 TraceID: 660f47759dc8b4139d8165d1868c56a7 SpanID: 67bd33ce2f7c7b3c [getLeftTicketOfInterval][Get Order tickets result][result is \u003c200,Response(status=0, msg=Seat is Null., data=null),[vary:\""Origin,Access-Control-Request-Method,Access-Control-Request-Headers\"", x-content-type-options:\""nosniff\"", x-xss-protection:\""1; mode=block\"", cache-control:\""no-cache, no-store, max-age=0, must-revalidate\"", pragma:\""no-cache\"", expires:\""0\"", x-frame-options:\""DENY\"", content-type:\""application/json\"", date:\""Sun, 29 Jan 2023 09:22:50 GMT\"", x-envoy-upstream-service-time:\""3\"", server:\""envoy\"", transfer-encoding:\""chunked\""]\u003e]\n"",""stream"":""stdout"",""time"":""2025-06-06T09:22:50.73509452Z""}"
2025-06-06T09:22:50.729612357Z,1674984170729612357,33.33.33.82,ts-seat-service-5c95b49cff-tdsdz,server,660f47759dc8b4139d8165d1868c56a7,67bd33ce2f7c7b3c,"{""log"":""17:22:50.729 INFO  s.s.SeatServiceImpl#154 TraceID: 660f47759dc8b4139d8165d1868c56a7 SpanID: 67bd33ce2f7c7b3c [getLeftTicketOfInterval][TrainNumber start with other capital][trainNumber:Z1234]\n"",""stream"":""stdout"",""time"":""2025-06-06T09:22:50.729612357Z""}"
2025-06-06T09:22:50.72914082Z,1674984170729140820,33.33.33.82,ts-seat-service-5c95b49cff-tdsdz,server,660f47759dc8b4139d8165d1868c56a7,67bd33ce2f7c7b3c,"{""log"":""17:22:50.728 INFO  s.s.SeatServiceImpl#137 TraceID: 660f47759dc8b4139d8165d1868c56a7 SpanID: 67bd33ce2f7c7b3c [getLeftTicketOfInterval][Seat request][request:Seat(travelDate=2023-01-29 15:38:06, trainNumber=Z1234, startStation=shanghai, destStation=nanjing, seatType=3, totalNum=2147483647, stations=[shanghai, nanjing, shijiazhuang, taiyuan])]\n"",""stream"":""stdout"",""time"":""2025-06-06T09:22:50.72914082Z""}"
2025-06-06T09:22:50.728744403Z,1674984170728744403,33.33.33.82,ts-seat-service-5c95b49cff-tdsdz,server,660f47759dc8b4139d8165d1868c56a7,67bd33ce2f7c7b3c,"{""log"":""17:22:50.727 INFO  s.c.SeatController#57 TraceID: 660f47759dc8b4139d8165d1868c56a7 SpanID: 67bd33ce2f7c7b3c [getLeftTicketOfInterval][Get left ticket of interval][TravelDate: 2023-01-29 15:38:06,TrainNumber: Z1234,SeatType: 3]\n"",""stream"":""stdout"",""time"":""2025-06-06T09:22:50.728744403Z""}"
2025-06-06T09:22:50.723605121Z,1674984170723605121,33.33.33.82,ts-seat-service-5c95b49cff-tdsdz,server,660f47759dc8b4139d8165d1868c56a7,79df350503a2237f,"{""log"":""17:22:50.722 INFO  s.s.SeatServiceImpl#217 TraceID: 660f47759dc8b4139d8165d1868c56a7 SpanID: 79df350503a2237f [getDirectProportion][Configs is : Config(name=DirectTicketAllocationProportion, value=0.5, description=Allocation Proportion Of The Direct Ticket - From Start To End)]\n"",""stream"":""stdout"",""time"":""2025-06-06T09:22:50.723605121Z""}"
2025-06-06T09:22:50.715066465Z,1674984170715066465,33.33.33.82,ts-seat-service-5c95b49cff-tdsdz,server,660f47759dc8b4139d8165d1868c56a7,79df350503a2237f,"{""log"":""17:22:50.713 INFO  s.s.SeatServiceImpl#166 TraceID: 660f47759dc8b4139d8165d1868c56a7 SpanID: 79df350503a2237f [getLeftTicketOfInterval][Get Order tickets result][result is \u003c200,Response(status=0, msg=Seat is Null., data=null),[vary:\""Origin,Access-Control-Request-Method,Access-Control-Request-Headers\"", x-content-type-options:\""nosniff\"", x-xss-protection:\""1; mode=block\"", cache-control:\""no-cache, no-store, max-age=0, must-revalidate\"", pragma:\""no-cache\"", expires:\""0\"", x-frame-options:\""DENY\"", content-type:\""application/json\"", date:\""Sun, 29 Jan 2023 09:22:50 GMT\"", x-envoy-upstream-service-time:\""4\"", server:\""envoy\"", transfer-encoding:\""chunked\""]\u003e]\n"",""stream"":""stdout"",""time"":""2025-06-06T09:22:50.715066465Z""}"
2025-06-06T09:22:50.706213059Z,1674984170706213059,33.33.33.82,ts-seat-service-5c95b49cff-tdsdz,server,660f47759dc8b4139d8165d1868c56a7,79df350503a2237f,"{""log"":""17:22:50.705 INFO  s.s.SeatServiceImpl#154 TraceID: 660f47759dc8b4139d8165d1868c56a7 SpanID: 79df350503a2237f [getLeftTicketOfInterval][TrainNumber start with other capital][trainNumber:Z1234]\n"",""stream"":""stdout"",""time"":""2025-06-06T09:22:50.706213059Z""}"
2025-06-06T09:22:50.705900195Z,1674984170705900195,33.33.33.82,ts-seat-service-5c95b49cff-tdsdz,server,660f47759dc8b4139d8165d1868c56a7,79df350503a2237f,"{""log"":""17:22:50.705 INFO  s.s.SeatServiceImpl#137 TraceID: 660f47759dc8b4139d8165d1868c56a7 SpanID: 79df350503a2237f [getLeftTicketOfInterval][Seat request][request:Seat(travelDate=2023-01-29 15:38:06, trainNumber=Z1234, startStation=shanghai, destStation=nanjing, seatType=2, totalNum=2147483647, stations=[shanghai, nanjing, shijiazhuang, taiyuan])]\n"",""stream"":""stdout"",""time"":""2025-06-06T09:22:50.705900195Z""}"
2025-06-06T09:22:50.705446329Z,1674984170705446329,33.33.33.82,ts-seat-service-5c95b49cff-tdsdz,server,660f47759dc8b4139d8165d1868c56a7,79df350503a2237f,"{""log"":""17:22:50.704 INFO  s.c.SeatController#57 TraceID: 660f47759dc8b4139d8165d1868c56a7 SpanID: 79df350503a2237f [getLeftTicketOfInterval][Get left ticket of interval][TravelDate: 2023-01-29 15:38:06,TrainNumber: Z1234,SeatType: 2]\n"",""stream"":""stdout"",""time"":""2025-06-06T09:22:50.705446329Z""}"
2025-06-06T09:22:50.671502605Z,1674984170671502605,33.33.33.80,ts-route-service-b6c59fb57-zv8dt,server,660f47759dc8b4139d8165d1868c56a7,f3f04d9bd199147b,"{""log"":""17:22:50.670 INFO  r.c.RouteController#53 TraceID: 660f47759dc8b4139d8165d1868c56a7 SpanID: f3f04d9bd199147b [getRouteById][Query route by id][RouteId: [d693a2c5-ef87-4a3c-bef8-600b43f62c68, 1367db1f-461e-4ab7-87ad-2bcc05fd9cb7, 9fc9c261-3263-4bfa-82f8-bb44e06b2f52, 20eb7122-3a11-423f-b10a-be0dc5bce7db, 0b23bd3e-876a-4af3-b920-c50a90c90b04]]\n"",""stream"":""stdout"",""time"":""2025-06-06T09:22:50.671502605Z""}"
2025-06-06T09:22:50.692501722Z,1674984170692501722,33.33.33.79,ts-price-service-76846864d9-g465z,server,660f47759dc8b4139d8165d1868c56a7,610b43ff58c7e2ec,"{""log"":""17:22:50.691 INFO  p.c.PriceController#46 TraceID: 660f47759dc8b4139d8165d1868c56a7 SpanID: 610b43ff58c7e2ec [findByRouteIdAndTrainType][Query price][routeId and Train Type: [0b23bd3e-876a-4af3-b920-c50a90c90b04:ZhiDa]]\n"",""stream"":""stdout"",""time"":""2025-06-06T09:22:50.692501722Z""}"
2025-06-06T09:22:50.733005974Z,1674984170733005974,33.33.33.155,ts-order-other-service-6cdbf9b4cc-h7mqk,server,660f47759dc8b4139d8165d1868c56a7,70a5dfc7021cf05c,"{""log"":""17:22:50.732 WARN  o.s.OrderOtherServiceImpl#72 TraceID: 660f47759dc8b4139d8165d1868c56a7 SpanID: 70a5dfc7021cf05c [getSoldTickets][Seat][No content][seat from date: 2023-01-29 15:38:06, train number: Z1234\n"",""stream"":""stdout"",""time"":""2025-06-06T09:22:50.733005974Z""}"
2025-06-06T09:22:50.731883793Z,1674984170731883793,33.33.33.155,ts-order-other-service-6cdbf9b4cc-h7mqk,server,660f47759dc8b4139d8165d1868c56a7,70a5dfc7021cf05c,"{""log"":""17:22:50.731 INFO  o.c.OrderOtherController#42 TraceID: 660f47759dc8b4139d8165d1868c56a7 SpanID: 70a5dfc7021cf05c [getSoldTickets][Get Sold Ticket][Travel Date: 2023-01-29 15:38:06]\n"",""stream"":""stdout"",""time"":""2025-06-06T09:22:50.731883793Z""}"
2025-06-06T09:22:50.71235227Z,1674984170712352270,33.33.33.155,ts-order-other-service-6cdbf9b4cc-h7mqk,server,660f47759dc8b4139d8165d1868c56a7,7b72c00e00d50836,"{""log"":""17:22:50.712 WARN  o.s.OrderOtherServiceImpl#72 TraceID: 660f47759dc8b4139d8165d1868c56a7 SpanID: 7b72c00e00d50836 [getSoldTickets][Seat][No content][seat from date: 2023-01-29 15:38:06, train number: Z1234\n"",""stream"":""stdout"",""time"":""2025-06-06T09:22:50.71235227Z""}"
2025-06-06T09:22:50.710939867Z,1674984170710939867,33.33.33.155,ts-order-other-service-6cdbf9b4cc-h7mqk,server,660f47759dc8b4139d8165d1868c56a7,7b72c00e00d50836,"{""log"":""17:22:50.710 INFO  o.c.OrderOtherController#42 TraceID: 660f47759dc8b4139d8165d1868c56a7 SpanID: 7b72c00e00d50836 [getSoldTickets][Get Sold Ticket][Travel Date: 2023-01-29 15:38:06]\n"",""stream"":""stdout"",""time"":""2025-06-06T09:22:50.710939867Z""}"
2025-06-06T09:22:50.737943407Z,1674984170737943407,33.33.33.115,ts-config-service-5fcd447d84-wxwjd,server,660f47759dc8b4139d8165d1868c56a7,bc61fde73a04ae58,"{""log"":""17:22:50.737 INFO  c.s.ConfigServiceImpl#65 TraceID: 660f47759dc8b4139d8165d1868c56a7 SpanID: bc61fde73a04ae58 [query][Query config success][config name: DirectTicketAllocationProportion]\n"",""stream"":""stdout"",""time"":""2025-06-06T09:22:50.737943407Z""}"
2025-06-06T09:22:50.737052869Z,1674984170737052869,33.33.33.115,ts-config-service-5fcd447d84-wxwjd,server,660f47759dc8b4139d8165d1868c56a7,bc61fde73a04ae58,"{""log"":""17:22:50.736 INFO  c.c.ConfigController#67 TraceID: 660f47759dc8b4139d8165d1868c56a7 SpanID: bc61fde73a04ae58 [retrieve][Retrieve config][configName: DirectTicketAllocationProportion]\n"",""stream"":""stdout"",""time"":""2025-06-06T09:22:50.737052869Z""}"
2025-06-06T09:22:50.721153017Z,1674984170721153017,33.33.33.115,ts-config-service-5fcd447d84-wxwjd,server,660f47759dc8b4139d8165d1868c56a7,51dbbea0edcf9803,"{""log"":""17:22:50.720 INFO  c.s.ConfigServiceImpl#65 TraceID: 660f47759dc8b4139d8165d1868c56a7 SpanID: 51dbbea0edcf9803 [query][Query config success][config name: DirectTicketAllocationProportion]\n"",""stream"":""stdout"",""time"":""2025-06-06T09:22:50.721153017Z""}"
2025-06-06T09:22:50.719840976Z,1674984170719840976,33.33.33.115,ts-config-service-5fcd447d84-wxwjd,server,660f47759dc8b4139d8165d1868c56a7,51dbbea0edcf9803,"{""log"":""17:22:50.719 INFO  c.c.ConfigController#67 TraceID: 660f47759dc8b4139d8165d1868c56a7 SpanID: 51dbbea0edcf9803 [retrieve][Retrieve config][configName: DirectTicketAllocationProportion]\n"",""stream"":""stdout"",""time"":""2025-06-06T09:22:50.719840976Z""}"
2025-06-06T09:22:50.697298499Z,1674984170697298499,33.33.33.76,ts-basic-service-5dc8d4f9fd-46997,server,660f47759dc8b4139d8165d1868c56a7,5a4cdb8a15e3d5a0,"{""log"":""17:22:50.697 INFO  f.m.s.BasicServiceImpl#320 TraceID: 660f47759dc8b4139d8165d1868c56a7 SpanID: 5a4cdb8a15e3d5a0 [queryForTravels][all done][result map: {Z1234=TravelResult(status=true, percent=1.0, trainType=TrainType(id=e24bb484-516a-4aad-b37f-517e7139e913, name=ZhiDa, economyClass=2147483647, confortClass=2147483647, averageSpeed=120), route=Route(id=0b23bd3e-876a-4af3-b920-c50a90c90b04, stations=[shanghai, nanjing, shijiazhuang, taiyuan], distances=[0, 350, 1000, 1300], startStation=shanghai, endStation=taiyuan), prices={confortClass=350.0, economyClass=122.49999999999999})}]\n"",""stream"":""stdout"",""time"":""2025-06-06T09:22:50.697298499Z""}"
2025-06-06T09:22:50.697104912Z,1674984170697104912,33.33.33.76,ts-basic-service-5dc8d4f9fd-46997,server,660f47759dc8b4139d8165d1868c56a7,5a4cdb8a15e3d5a0,"{""log"":""17:22:50.696 INFO  f.m.s.BasicServiceImpl#481 TraceID: 660f47759dc8b4139d8165d1868c56a7 SpanID: 5a4cdb8a15e3d5a0 [queryPriceConfigByRouteIdsAndTrainTypes][Get Price Config by routeId and trainType][Success][priceConfigs: {0b23bd3e-876a-4af3-b920-c50a90c90b04:ZhiDa={id=b90a6ad7-ffad-4624-9655-48e9e185fa6c, trainType=ZhiDa, routeId=0b23bd3e-876a-4af3-b920-c50a90c90b04, basicPriceRate=0.35, firstClassPriceRate=1.0}}]\n"",""stream"":""stdout"",""time"":""2025-06-06T09:22:50.697104912Z""}"
2025-06-06T09:22:50.687328743Z,1674984170687328743,33.33.33.76,ts-basic-service-5dc8d4f9fd-46997,server,660f47759dc8b4139d8165d1868c56a7,5a4cdb8a15e3d5a0,"{""log"":""17:22:50.687 INFO  f.m.s.BasicServiceImpl#459 TraceID: 660f47759dc8b4139d8165d1868c56a7 SpanID: 5a4cdb8a15e3d5a0 [queryPriceConfigByRouteIdsAndTrainTypes][Query For Price Config][RouteId and TrainType: [0b23bd3e-876a-4af3-b920-c50a90c90b04:ZhiDa]]\n"",""stream"":""stdout"",""time"":""2025-06-06T09:22:50.687328743Z""}"
2025-06-06T09:22:50.686777147Z,1674984170686777147,33.33.33.76,ts-basic-service-5dc8d4f9fd-46997,server,660f47759dc8b4139d8165d1868c56a7,5a4cdb8a15e3d5a0,"{""log"":""17:22:50.686 ERROR  f.m.s.BasicServiceImpl#415 TraceID: 660f47759dc8b4139d8165d1868c56a7 SpanID: 5a4cdb8a15e3d5a0 [getRoutesByRouteIds][Get Route By Ids Failed]\n"",""stream"":""stdout"",""time"":""2025-06-06T09:22:50.686777147Z""}"
2025-06-06T09:22:50.642416029Z,1674984170642416029,33.33.33.76,ts-basic-service-5dc8d4f9fd-46997,server,660f47759dc8b4139d8165d1868c56a7,5a4cdb8a15e3d5a0,"{""log"":""17:22:50.641 INFO  f.m.s.BasicServiceImpl#405 TraceID: 660f47759dc8b4139d8165d1868c56a7 SpanID: 5a4cdb8a15e3d5a0 [getRoutesByRouteIds][Get Route By Ids][Route IDs: [d693a2c5-ef87-4a3c-bef8-600b43f62c68, 1367db1f-461e-4ab7-87ad-2bcc05fd9cb7, 9fc9c261-3263-4bfa-82f8-bb44e06b2f52, 20eb7122-3a11-423f-b10a-be0dc5bce7db, 0b23bd3e-876a-4af3-b920-c50a90c90b04]]\n"",""stream"":""stdout"",""time"":""2025-06-06T09:22:50.642416029Z""}"
2025-06-06T09:22:50.61147883Z,1674984170611478830,33.33.33.76,ts-basic-service-5dc8d4f9fd-46997,server,660f47759dc8b4139d8165d1868c56a7,5a4cdb8a15e3d5a0,"{""log"":""17:22:50.611 INFO  f.m.s.BasicServiceImpl#374 TraceID: 660f47759dc8b4139d8165d1868c56a7 SpanID: 5a4cdb8a15e3d5a0 [queryTrainTypeByNames][Query Train Type][Train Type names: [TeKuai, ZhiDa, KuaiSu]]\n"",""stream"":""stdout"",""time"":""2025-06-06T09:22:50.61147883Z""}"
2025-06-06T09:22:50.604288842Z,1674984170604288842,33.33.33.76,ts-basic-service-5dc8d4f9fd-46997,server,660f47759dc8b4139d8165d1868c56a7,5a4cdb8a15e3d5a0,"{""log"":""17:22:50.604 INFO  f.m.s.BasicServiceImpl#343 TraceID: 660f47759dc8b4139d8165d1868c56a7 SpanID: 5a4cdb8a15e3d5a0 [checkStationsExists][Check Stations Exists][stationNames: [nanjing, shanghai]]\n"",""stream"":""stdout"",""time"":""2025-06-06T09:22:50.604288842Z""}"
2025-06-06T09:22:50.604194832Z,1674984170604194832,33.33.33.76,ts-basic-service-5dc8d4f9fd-46997,server,660f47759dc8b4139d8165d1868c56a7,5a4cdb8a15e3d5a0,"{""log"":""17:22:50.603 INFO  f.m.c.BasicController#45 TraceID: 660f47759dc8b4139d8165d1868c56a7 SpanID: 5a4cdb8a15e3d5a0 [queryForTravels][Query for travels][Travels: [Travel(trip=Trip(id=8a533bf9-bd12-4608-a8eb-606890982448, tripId=Z1234, trainTypeName=ZhiDa, routeId=0b23bd3e-876a-4af3-b920-c50a90c90b04, startStationName=shanghai, stationsName=nanjing, terminalStationName=beijing, startTime=2013-05-04 09:51:52, endTime=2013-05-04 15:51:52), startPlace=shanghai, endPlace=nanjing, departureTime=2023-01-29 15:38:06), Travel(trip=Trip(id=5c63588e-ad31-4ded-98ac-f4a1a78a36b2, tripId=Z1235, trainTypeName=ZhiDa, routeId=9fc9c261-3263-4bfa-82f8-bb44e06b2f52, startStationName=shanghai, stationsName=nanjing, terminalStationName=beijing, startTime=2013-05-04 11:31:52, endTime=2013-05-04 17:51:52), startPlace=shanghai, endPlace=nanjing, departureTime=2023-01-29 15:38:06), Travel(trip=Trip(id=e1367946-9ecd-4ee6-acbf-8b705e8df59d, tripId=Z1236, trainTypeName=ZhiDa, routeId=d693a2c5-ef87-4a3c-bef8-600b43f62c68, startStationName=shanghai, stationsName=nanjing, terminalStationName=beijing, startTime=2013-05-04 7:05:52, endTime=2013-05-04 12:51:52), startPlace=shanghai, endPlace=nanjing, departureTime=2023-01-29 15:38:06), Travel(trip=Trip(id=502d2768-8480-47fc-91fd-f647267dfac6, tripId=T1235, trainTypeName=TeKuai, routeId=20eb7122-3a11-423f-b10a-be0dc5bce7db, startStationName=shanghai, stationsName=nanjing, terminalStationName=beijing, startTime=2013-05-04 08:31:52, endTime=2013-05-04 17:21:52), startPlace=shanghai, endPlace=nanjing, departureTime=2023-01-29 15:38:06), Travel(trip=Trip(id=a3c9545b-1889-4ea1-9015-b9af1896bc01, tripId=K1345, trainTypeName=KuaiSu, routeId=1367db1f-461e-4ab7-87ad-2bcc05fd9cb7, startStationName=shanghai, stationsName=nanjing, terminalStationName=beijing, startTime=2013-05-04 07:51:52, endTime=2013-05-04 19:59:52), startPlace=shanghai, endPlace=nanjing, departureTime=2023-01-29 15:38:06)]]\n"",""stream"":""stdout"",""time"":""2025-06-06T09:22:50.604194832Z""}"
2025-06-06T09:22:56.545786431Z,1674984176545786431,33.33.33.167,ts-travel2-service-5c66d57d58-6mp2b,server,7710165b811fb5c72e37773a08ed7089,1f33b750b5bb1565,"{""log"":""17:22:56.545 INFO  t.s.TravelServiceImpl#372 TraceID: 7710165b811fb5c72e37773a08ed7089 SpanID: 1f33b750b5bb1565 [getTickets][Calculate distance][calculate time：175  time: Sat May 04 12:46:52 CST 2013]\n"",""stream"":""stdout"",""time"":""2025-06-06T09:22:56.545786431Z""}"
2025-06-06T09:22:56.545663242Z,1674984176545663242,33.33.33.167,ts-travel2-service-5c66d57d58-6mp2b,server,7710165b811fb5c72e37773a08ed7089,1f33b750b5bb1565,"{""log"":""17:22:56.545 INFO  t.s.TravelServiceImpl#366 TraceID: 7710165b811fb5c72e37773a08ed7089 SpanID: 1f33b750b5bb1565 [getTickets][Calculate distance][calculate time：0  time: Sat May 04 09:51:52 CST 2013]\n"",""stream"":""stdout"",""time"":""2025-06-06T09:22:56.545663242Z""}"
2025-06-06T09:22:56.545470597Z,1674984176545470597,33.33.33.167,ts-travel2-service-5c66d57d58-6mp2b,server,7710165b811fb5c72e37773a08ed7089,1f33b750b5bb1565,"{""log"":""17:22:56.545 INFO  t.s.TravelServiceImpl#469 TraceID: 7710165b811fb5c72e37773a08ed7089 SpanID: 1f33b750b5bb1565 [getRestTicketNumber][Get Rest tickets num][num is: Response(status=1, msg=Get Left Ticket of Internal Success, data=1073741823)]\n"",""stream"":""stdout"",""time"":""2025-06-06T09:22:56.545470597Z""}"
2025-06-06T09:22:56.530703998Z,1674984176530703998,33.33.33.167,ts-travel2-service-5c66d57d58-6mp2b,server,7710165b811fb5c72e37773a08ed7089,1f33b750b5bb1565,"{""log"":""17:22:56.530 INFO  t.s.TravelServiceImpl#459 TraceID: 7710165b811fb5c72e37773a08ed7089 SpanID: 1f33b750b5bb1565 [getRestTicketNumber][Seat request][request: Seat(travelDate=2023-01-29 15:38:06, trainNumber=Z1234, startStation=shanghai, destStation=nanjing, seatType=3, totalNum=2147483647, stations=[shanghai, nanjing, shijiazhuang, taiyuan])]\n"",""stream"":""stdout"",""time"":""2025-06-06T09:22:56.530703998Z""}"
2025-06-06T09:22:56.530572347Z,1674984176530572347,33.33.33.167,ts-travel2-service-5c66d57d58-6mp2b,server,7710165b811fb5c72e37773a08ed7089,1f33b750b5bb1565,"{""log"":""17:22:56.530 INFO  t.s.TravelServiceImpl#469 TraceID: 7710165b811fb5c72e37773a08ed7089 SpanID: 1f33b750b5bb1565 [getRestTicketNumber][Get Rest tickets num][num is: Response(status=1, msg=Get Left Ticket of Internal Success, data=1073741823)]\n"",""stream"":""stdout"",""time"":""2025-06-06T09:22:56.530572347Z""}"
2025-06-06T09:22:56.506272625Z,1674984176506272625,33.33.33.167,ts-travel2-service-5c66d57d58-6mp2b,server,7710165b811fb5c72e37773a08ed7089,1f33b750b5bb1565,"{""log"":""17:22:56.505 INFO  t.s.TravelServiceImpl#459 TraceID: 7710165b811fb5c72e37773a08ed7089 SpanID: 1f33b750b5bb1565 [getRestTicketNumber][Seat request][request: Seat(travelDate=2023-01-29 15:38:06, trainNumber=Z1234, startStation=shanghai, destStation=nanjing, seatType=2, totalNum=2147483647, stations=[shanghai, nanjing, shijiazhuang, taiyuan])]\n"",""stream"":""stdout"",""time"":""2025-06-06T09:22:56.506272625Z""}"
2025-06-06T09:22:56.45161437Z,1674984176451614370,33.33.33.167,ts-travel2-service-5c66d57d58-6mp2b,server,7710165b811fb5c72e37773a08ed7089,1f33b750b5bb1565,"{""log"":""17:22:56.450 INFO  t.s.TravelServiceImpl#260 TraceID: 7710165b811fb5c72e37773a08ed7089 SpanID: 1f33b750b5bb1565 [getTicketsByBatch][before get basic][trips: [Trip(id=8a533bf9-bd12-4608-a8eb-606890982448, tripId=Z1234, trainTypeName=ZhiDa, routeId=0b23bd3e-876a-4af3-b920-c50a90c90b04, startStationName=shanghai, stationsName=nanjing, terminalStationName=beijing, startTime=2013-05-04 09:51:52, endTime=2013-05-04 15:51:52), Trip(id=5c63588e-ad31-4ded-98ac-f4a1a78a36b2, tripId=Z1235, trainTypeName=ZhiDa, routeId=9fc9c261-3263-4bfa-82f8-bb44e06b2f52, startStationName=shanghai, stationsName=nanjing, terminalStationName=beijing, startTime=2013-05-04 11:31:52, endTime=2013-05-04 17:51:52), Trip(id=e1367946-9ecd-4ee6-acbf-8b705e8df59d, tripId=Z1236, trainTypeName=ZhiDa, routeId=d693a2c5-ef87-4a3c-bef8-600b43f62c68, startStationName=shanghai, stationsName=nanjing, terminalStationName=beijing, startTime=2013-05-04 7:05:52, endTime=2013-05-04 12:51:52), Trip(id=502d2768-8480-47fc-91fd-f647267dfac6, tripId=T1235, trainTypeName=TeKuai, routeId=20eb7122-3a11-423f-b10a-be0dc5bce7db, startStationName=shanghai, stationsName=nanjing, terminalStationName=beijing, startTime=2013-05-04 08:31:52, endTime=2013-05-04 17:21:52), Trip(id=a3c9545b-1889-4ea1-9015-b9af1896bc01, tripId=K1345, trainTypeName=KuaiSu, routeId=1367db1f-461e-4ab7-87ad-2bcc05fd9cb7, startStationName=shanghai, stationsName=nanjing, terminalStationName=beijing, startTime=2013-05-04 07:51:52, endTime=2013-05-04 19:59:52)]]\n"",""stream"":""stdout"",""time"":""2025-06-06T09:22:56.45161437Z""}"
2025-06-06T09:22:56.445585201Z,1674984176445585201,33.33.33.167,ts-travel2-service-5c66d57d58-6mp2b,server,7710165b811fb5c72e37773a08ed7089,1f33b750b5bb1565,"{""log"":""17:22:56.444 INFO  t.c.Travel2Controller#115 TraceID: 7710165b811fb5c72e37773a08ed7089 SpanID: 1f33b750b5bb1565 [query][Query TripResponse]\n"",""stream"":""stdout"",""time"":""2025-06-06T09:22:56.445585201Z""}"
2025-06-06T09:22:56.469758035Z,1674984176469758035,33.33.33.79,ts-train-service-86f5f97bc9-dkqmf,server,7710165b811fb5c72e37773a08ed7089,8483d1dc65109cf1,"{""log"":""17:22:56.468 INFO  t.c.TrainController#72 TraceID: 7710165b811fb5c72e37773a08ed7089 SpanID: 8483d1dc65109cf1 [retrieveByNames][Retrieve train][TrainTypeNames: [TeKuai, ZhiDa, KuaiSu]]\n"",""stream"":""stdout"",""time"":""2025-06-06T09:22:56.469758035Z""}"
2025-06-06T09:22:56.460797475Z,1674984176460797475,33.33.33.76,ts-station-service-7f4f5f6f77-5qb6j,server,7710165b811fb5c72e37773a08ed7089,86dc370e41c19ba5,"{""log"":""17:22:56.460 INFO  f.m.c.StationController#71 TraceID: 7710165b811fb5c72e37773a08ed7089 SpanID: 86dc370e41c19ba5 [queryForIdBatch][Query stations for id batch][StationNameNumbers: 2]\n"",""stream"":""stdout"",""time"":""2025-06-06T09:22:56.460797475Z""}"
2025-06-06T09:22:56.543789129Z,1674984176543789129,33.33.33.82,ts-seat-service-5c95b49cff-tdsdz,server,7710165b811fb5c72e37773a08ed7089,1049a93d662a228e,"{""log"":""17:22:56.543 INFO  s.s.SeatServiceImpl#217 TraceID: 7710165b811fb5c72e37773a08ed7089 SpanID: 1049a93d662a228e [getDirectProportion][Configs is : Config(name=DirectTicketAllocationProportion, value=0.5, description=Allocation Proportion Of The Direct Ticket - From Start To End)]\n"",""stream"":""stdout"",""time"":""2025-06-06T09:22:56.543789129Z""}"
2025-06-06T09:22:56.539301709Z,1674984176539301709,33.33.33.82,ts-seat-service-5c95b49cff-tdsdz,server,7710165b811fb5c72e37773a08ed7089,1049a93d662a228e,"{""log"":""17:22:56.538 INFO  s.s.SeatServiceImpl#166 TraceID: 7710165b811fb5c72e37773a08ed7089 SpanID: 1049a93d662a228e [getLeftTicketOfInterval][Get Order tickets result][result is \u003c200,Response(status=0, msg=Seat is Null., data=null),[vary:\""Origin,Access-Control-Request-Method,Access-Control-Request-Headers\"", x-content-type-options:\""nosniff\"", x-xss-protection:\""1; mode=block\"", cache-control:\""no-cache, no-store, max-age=0, must-revalidate\"", pragma:\""no-cache\"", expires:\""0\"", x-frame-options:\""DENY\"", content-type:\""application/json\"", date:\""Sun, 29 Jan 2023 09:22:56 GMT\"", x-envoy-upstream-service-time:\""2\"", server:\""envoy\"", transfer-encoding:\""chunked\""]\u003e]\n"",""stream"":""stdout"",""time"":""2025-06-06T09:22:56.539301709Z""}"
2025-06-06T09:22:56.534416153Z,1674984176534416153,33.33.33.82,ts-seat-service-5c95b49cff-tdsdz,server,7710165b811fb5c72e37773a08ed7089,1049a93d662a228e,"{""log"":""17:22:56.533 INFO  s.s.SeatServiceImpl#154 TraceID: 7710165b811fb5c72e37773a08ed7089 SpanID: 1049a93d662a228e [getLeftTicketOfInterval][TrainNumber start with other capital][trainNumber:Z1234]\n"",""stream"":""stdout"",""time"":""2025-06-06T09:22:56.534416153Z""}"
2025-06-06T09:22:56.533954626Z,1674984176533954626,33.33.33.82,ts-seat-service-5c95b49cff-tdsdz,server,7710165b811fb5c72e37773a08ed7089,1049a93d662a228e,"{""log"":""17:22:56.533 INFO  s.s.SeatServiceImpl#137 TraceID: 7710165b811fb5c72e37773a08ed7089 SpanID: 1049a93d662a228e [getLeftTicketOfInterval][Seat request][request:Seat(travelDate=2023-01-29 15:38:06, trainNumber=Z1234, startStation=shanghai, destStation=nanjing, seatType=3, totalNum=2147483647, stations=[shanghai, nanjing, shijiazhuang, taiyuan])]\n"",""stream"":""stdout"",""time"":""2025-06-06T09:22:56.533954626Z""}"
2025-06-06T09:22:56.533533084Z,1674984176533533084,33.33.33.82,ts-seat-service-5c95b49cff-tdsdz,server,7710165b811fb5c72e37773a08ed7089,1049a93d662a228e,"{""log"":""17:22:56.532 INFO  s.c.SeatController#57 TraceID: 7710165b811fb5c72e37773a08ed7089 SpanID: 1049a93d662a228e [getLeftTicketOfInterval][Get left ticket of interval][TravelDate: 2023-01-29 15:38:06,TrainNumber: Z1234,SeatType: 3]\n"",""stream"":""stdout"",""time"":""2025-06-06T09:22:56.533533084Z""}"
2025-06-06T09:22:56.528722126Z,1674984176528722126,33.33.33.82,ts-seat-service-5c95b49cff-tdsdz,server,7710165b811fb5c72e37773a08ed7089,eae29e7710e24c6a,"{""log"":""17:22:56.528 INFO  s.s.SeatServiceImpl#217 TraceID: 7710165b811fb5c72e37773a08ed7089 SpanID: eae29e7710e24c6a [getDirectProportion][Configs is : Config(name=DirectTicketAllocationProportion, value=0.5, description=Allocation Proportion Of The Direct Ticket - From Start To End)]\n"",""stream"":""stdout"",""time"":""2025-06-06T09:22:56.528722126Z""}"
2025-06-06T09:22:56.52136628Z,1674984176521366280,33.33.33.82,ts-seat-service-5c95b49cff-tdsdz,server,7710165b811fb5c72e37773a08ed7089,eae29e7710e24c6a,"{""log"":""17:22:56.520 INFO  s.s.SeatServiceImpl#166 TraceID: 7710165b811fb5c72e37773a08ed7089 SpanID: eae29e7710e24c6a [getLeftTicketOfInterval][Get Order tickets result][result is \u003c200,Response(status=0, msg=Seat is Null., data=null),[vary:\""Origin,Access-Control-Request-Method,Access-Control-Request-Headers\"", x-content-type-options:\""nosniff\"", x-xss-protection:\""1; mode=block\"", cache-control:\""no-cache, no-store, max-age=0, must-revalidate\"", pragma:\""no-cache\"", expires:\""0\"", x-frame-options:\""DENY\"", content-type:\""application/json\"", date:\""Sun, 29 Jan 2023 09:22:56 GMT\"", x-envoy-upstream-service-time:\""4\"", server:\""envoy\"", transfer-encoding:\""chunked\""]\u003e]\n"",""stream"":""stdout"",""time"":""2025-06-06T09:22:56.52136628Z""}"
2025-06-06T09:22:56.512701131Z,1674984176512701131,33.33.33.82,ts-seat-service-5c95b49cff-tdsdz,server,7710165b811fb5c72e37773a08ed7089,eae29e7710e24c6a,"{""log"":""17:22:56.512 INFO  s.s.SeatServiceImpl#154 TraceID: 7710165b811fb5c72e37773a08ed7089 SpanID: eae29e7710e24c6a [getLeftTicketOfInterval][TrainNumber start with other capital][trainNumber:Z1234]\n"",""stream"":""stdout"",""time"":""2025-06-06T09:22:56.512701131Z""}"
2025-06-06T09:22:56.512303414Z,1674984176512303414,33.33.33.82,ts-seat-service-5c95b49cff-tdsdz,server,7710165b811fb5c72e37773a08ed7089,eae29e7710e24c6a,"{""log"":""17:22:56.511 INFO  s.s.SeatServiceImpl#137 TraceID: 7710165b811fb5c72e37773a08ed7089 SpanID: eae29e7710e24c6a [getLeftTicketOfInterval][Seat request][request:Seat(travelDate=2023-01-29 15:38:06, trainNumber=Z1234, startStation=shanghai, destStation=nanjing, seatType=2, totalNum=2147483647, stations=[shanghai, nanjing, shijiazhuang, taiyuan])]\n"",""stream"":""stdout"",""time"":""2025-06-06T09:22:56.512303414Z""}"
2025-06-06T09:22:56.511834613Z,1674984176511834613,33.33.33.82,ts-seat-service-5c95b49cff-tdsdz,server,7710165b811fb5c72e37773a08ed7089,eae29e7710e24c6a,"{""log"":""17:22:56.510 INFO  s.c.SeatController#57 TraceID: 7710165b811fb5c72e37773a08ed7089 SpanID: eae29e7710e24c6a [getLeftTicketOfInterval][Get left ticket of interval][TravelDate: 2023-01-29 15:38:06,TrainNumber: Z1234,SeatType: 2]\n"",""stream"":""stdout"",""time"":""2025-06-06T09:22:56.511834613Z""}"
2025-06-06T09:22:56.480106643Z,1674984176480106643,33.33.33.80,ts-route-service-b6c59fb57-zv8dt,server,7710165b811fb5c72e37773a08ed7089,5df65a1e59e281a5,"{""log"":""17:22:56.478 INFO  r.c.RouteController#53 TraceID: 7710165b811fb5c72e37773a08ed7089 SpanID: 5df65a1e59e281a5 [getRouteById][Query route by id][RouteId: [d693a2c5-ef87-4a3c-bef8-600b43f62c68, 1367db1f-461e-4ab7-87ad-2bcc05fd9cb7, 9fc9c261-3263-4bfa-82f8-bb44e06b2f52, 20eb7122-3a11-423f-b10a-be0dc5bce7db, 0b23bd3e-876a-4af3-b920-c50a90c90b04]]\n"",""stream"":""stdout"",""time"":""2025-06-06T09:22:56.480106643Z""}"
2025-06-06T09:22:56.49903891Z,1674984176499038910,33.33.33.79,ts-price-service-76846864d9-g465z,server,7710165b811fb5c72e37773a08ed7089,8074232d678c776b,"{""log"":""17:22:56.498 INFO  p.c.PriceController#46 TraceID: 7710165b811fb5c72e37773a08ed7089 SpanID: 8074232d678c776b [findByRouteIdAndTrainType][Query price][routeId and Train Type: [0b23bd3e-876a-4af3-b920-c50a90c90b04:ZhiDa]]\n"",""stream"":""stdout"",""time"":""2025-06-06T09:22:56.49903891Z""}"
2025-06-06T09:22:56.537460221Z,1674984176537460221,33.33.33.155,ts-order-other-service-6cdbf9b4cc-h7mqk,server,7710165b811fb5c72e37773a08ed7089,972341e281f7b0d9,"{""log"":""17:22:56.537 WARN  o.s.OrderOtherServiceImpl#72 TraceID: 7710165b811fb5c72e37773a08ed7089 SpanID: 972341e281f7b0d9 [getSoldTickets][Seat][No content][seat from date: 2023-01-29 15:38:06, train number: Z1234\n"",""stream"":""stdout"",""time"":""2025-06-06T09:22:56.537460221Z""}"
2025-06-06T09:22:56.536515572Z,1674984176536515572,33.33.33.155,ts-order-other-service-6cdbf9b4cc-h7mqk,server,7710165b811fb5c72e37773a08ed7089,972341e281f7b0d9,"{""log"":""17:22:56.536 INFO  o.c.OrderOtherController#42 TraceID: 7710165b811fb5c72e37773a08ed7089 SpanID: 972341e281f7b0d9 [getSoldTickets][Get Sold Ticket][Travel Date: 2023-01-29 15:38:06]\n"",""stream"":""stdout"",""time"":""2025-06-06T09:22:56.536515572Z""}"
2025-06-06T09:22:56.519030638Z,1674984176519030638,33.33.33.155,ts-order-other-service-6cdbf9b4cc-h7mqk,server,7710165b811fb5c72e37773a08ed7089,7ca9f2ec353f4b1b,"{""log"":""17:22:56.518 WARN  o.s.OrderOtherServiceImpl#72 TraceID: 7710165b811fb5c72e37773a08ed7089 SpanID: 7ca9f2ec353f4b1b [getSoldTickets][Seat][No content][seat from date: 2023-01-29 15:38:06, train number: Z1234\n"",""stream"":""stdout"",""time"":""2025-06-06T09:22:56.519030638Z""}"
2025-06-06T09:22:56.517506766Z,1674984176517506766,33.33.33.155,ts-order-other-service-6cdbf9b4cc-h7mqk,server,7710165b811fb5c72e37773a08ed7089,7ca9f2ec353f4b1b,"{""log"":""17:22:56.516 INFO  o.c.OrderOtherController#42 TraceID: 7710165b811fb5c72e37773a08ed7089 SpanID: 7ca9f2ec353f4b1b [getSoldTickets][Get Sold Ticket][Travel Date: 2023-01-29 15:38:06]\n"",""stream"":""stdout"",""time"":""2025-06-06T09:22:56.517506766Z""}"
2025-06-06T09:22:56.541947848Z,1674984176541947848,33.33.33.115,ts-config-service-5fcd447d84-wxwjd,server,7710165b811fb5c72e37773a08ed7089,c0e647caa8b77597,"{""log"":""17:22:56.541 INFO  c.s.ConfigServiceImpl#65 TraceID: 7710165b811fb5c72e37773a08ed7089 SpanID: c0e647caa8b77597 [query][Query config success][config name: DirectTicketAllocationProportion]\n"",""stream"":""stdout"",""time"":""2025-06-06T09:22:56.541947848Z""}"
2025-06-06T09:22:56.541127995Z,1674984176541127995,33.33.33.115,ts-config-service-5fcd447d84-wxwjd,server,7710165b811fb5c72e37773a08ed7089,c0e647caa8b77597,"{""log"":""17:22:56.540 INFO  c.c.ConfigController#67 TraceID: 7710165b811fb5c72e37773a08ed7089 SpanID: c0e647caa8b77597 [retrieve][Retrieve config][configName: DirectTicketAllocationProportion]\n"",""stream"":""stdout"",""time"":""2025-06-06T09:22:56.541127995Z""}"
2025-06-06T09:22:56.526719852Z,1674984176526719852,33.33.33.115,ts-config-service-5fcd447d84-wxwjd,server,7710165b811fb5c72e37773a08ed7089,edc2c874c11ab37e,"{""log"":""17:22:56.526 INFO  c.s.ConfigServiceImpl#65 TraceID: 7710165b811fb5c72e37773a08ed7089 SpanID: edc2c874c11ab37e [query][Query config success][config name: DirectTicketAllocationProportion]\n"",""stream"":""stdout"",""time"":""2025-06-06T09:22:56.526719852Z""}"
2025-06-06T09:22:56.525412821Z,1674984176525412821,33.33.33.115,ts-config-service-5fcd447d84-wxwjd,server,7710165b811fb5c72e37773a08ed7089,edc2c874c11ab37e,"{""log"":""17:22:56.524 INFO  c.c.ConfigController#67 TraceID: 7710165b811fb5c72e37773a08ed7089 SpanID: edc2c874c11ab37e [retrieve][Retrieve config][configName: DirectTicketAllocationProportion]\n"",""stream"":""stdout"",""time"":""2025-06-06T09:22:56.525412821Z""}"
2025-06-06T09:22:56.503826591Z,1674984176503826591,33.33.33.76,ts-basic-service-5dc8d4f9fd-46997,server,7710165b811fb5c72e37773a08ed7089,7569431c92f9b6de,"{""log"":""17:22:56.503 INFO  f.m.s.BasicServiceImpl#320 TraceID: 7710165b811fb5c72e37773a08ed7089 SpanID: 7569431c92f9b6de [queryForTravels][all done][result map: {Z1234=TravelResult(status=true, percent=1.0, trainType=TrainType(id=e24bb484-516a-4aad-b37f-517e7139e913, name=ZhiDa, economyClass=2147483647, confortClass=2147483647, averageSpeed=120), route=Route(id=0b23bd3e-876a-4af3-b920-c50a90c90b04, stations=[shanghai, nanjing, shijiazhuang, taiyuan], distances=[0, 350, 1000, 1300], startStation=shanghai, endStation=taiyuan), prices={confortClass=350.0, economyClass=122.49999999999999})}]\n"",""stream"":""stdout"",""time"":""2025-06-06T09:22:56.503826591Z""}"
2025-06-06T09:22:56.503650419Z,1674984176503650419,33.33.33.76,ts-basic-service-5dc8d4f9fd-46997,server,7710165b811fb5c72e37773a08ed7089,7569431c92f9b6de,"{""log"":""17:22:56.503 INFO  f.m.s.BasicServiceImpl#481 TraceID: 7710165b811fb5c72e37773a08ed7089 SpanID: 7569431c92f9b6de [queryPriceConfigByRouteIdsAndTrainTypes][Get Price Config by routeId and trainType][Success][priceConfigs: {0b23bd3e-876a-4af3-b920-c50a90c90b04:ZhiDa={id=b90a6ad7-ffad-4624-9655-48e9e185fa6c, trainType=ZhiDa, routeId=0b23bd3e-876a-4af3-b920-c50a90c90b04, basicPriceRate=0.35, firstClassPriceRate=1.0}}]\n"",""stream"":""stdout"",""time"":""2025-06-06T09:22:56.503650419Z""}"
2025-06-06T09:22:56.493896547Z,1674984176493896547,33.33.33.76,ts-basic-service-5dc8d4f9fd-46997,server,7710165b811fb5c72e37773a08ed7089,7569431c92f9b6de,"{""log"":""17:22:56.493 INFO  f.m.s.BasicServiceImpl#459 TraceID: 7710165b811fb5c72e37773a08ed7089 SpanID: 7569431c92f9b6de [queryPriceConfigByRouteIdsAndTrainTypes][Query For Price Config][RouteId and TrainType: [0b23bd3e-876a-4af3-b920-c50a90c90b04:ZhiDa]]\n"",""stream"":""stdout"",""time"":""2025-06-06T09:22:56.493896547Z""}"
2025-06-06T09:22:56.493421188Z,1674984176493421188,33.33.33.76,ts-basic-service-5dc8d4f9fd-46997,server,7710165b811fb5c72e37773a08ed7089,7569431c92f9b6de,"{""log"":""17:22:56.493 ERROR  f.m.s.BasicServiceImpl#415 TraceID: 7710165b811fb5c72e37773a08ed7089 SpanID: 7569431c92f9b6de [getRoutesByRouteIds][Get Route By Ids Failed]\n"",""stream"":""stdout"",""time"":""2025-06-06T09:22:56.493421188Z""}"
2025-06-06T09:22:56.474224684Z,1674984176474224684,33.33.33.76,ts-basic-service-5dc8d4f9fd-46997,server,7710165b811fb5c72e37773a08ed7089,7569431c92f9b6de,"{""log"":""17:22:56.473 INFO  f.m.s.BasicServiceImpl#405 TraceID: 7710165b811fb5c72e37773a08ed7089 SpanID: 7569431c92f9b6de [getRoutesByRouteIds][Get Route By Ids][Route IDs: [d693a2c5-ef87-4a3c-bef8-600b43f62c68, 1367db1f-461e-4ab7-87ad-2bcc05fd9cb7, 9fc9c261-3263-4bfa-82f8-bb44e06b2f52, 20eb7122-3a11-423f-b10a-be0dc5bce7db, 0b23bd3e-876a-4af3-b920-c50a90c90b04]]\n"",""stream"":""stdout"",""time"":""2025-06-06T09:22:56.474224684Z""}"
2025-06-06T09:22:56.464124024Z,1674984176464124024,33.33.33.76,ts-basic-service-5dc8d4f9fd-46997,server,7710165b811fb5c72e37773a08ed7089,7569431c92f9b6de,"{""log"":""17:22:56.463 INFO  f.m.s.BasicServiceImpl#374 TraceID: 7710165b811fb5c72e37773a08ed7089 SpanID: 7569431c92f9b6de [queryTrainTypeByNames][Query Train Type][Train Type names: [TeKuai, ZhiDa, KuaiSu]]\n"",""stream"":""stdout"",""time"":""2025-06-06T09:22:56.464124024Z""}"
2025-06-06T09:22:56.456496281Z,1674984176456496281,33.33.33.76,ts-basic-service-5dc8d4f9fd-46997,server,7710165b811fb5c72e37773a08ed7089,7569431c92f9b6de,"{""log"":""17:22:56.456 INFO  f.m.s.BasicServiceImpl#343 TraceID: 7710165b811fb5c72e37773a08ed7089 SpanID: 7569431c92f9b6de [checkStationsExists][Check Stations Exists][stationNames: [nanjing, shanghai]]\n"",""stream"":""stdout"",""time"":""2025-06-06T09:22:56.456496281Z""}"
2025-06-06T09:22:56.456412733Z,1674984176456412733,33.33.33.76,ts-basic-service-5dc8d4f9fd-46997,server,7710165b811fb5c72e37773a08ed7089,7569431c92f9b6de,"{""log"":""17:22:56.455 INFO  f.m.c.BasicController#45 TraceID: 7710165b811fb5c72e37773a08ed7089 SpanID: 7569431c92f9b6de [queryForTravels][Query for travels][Travels: [Travel(trip=Trip(id=8a533bf9-bd12-4608-a8eb-606890982448, tripId=Z1234, trainTypeName=ZhiDa, routeId=0b23bd3e-876a-4af3-b920-c50a90c90b04, startStationName=shanghai, stationsName=nanjing, terminalStationName=beijing, startTime=2013-05-04 09:51:52, endTime=2013-05-04 15:51:52), startPlace=shanghai, endPlace=nanjing, departureTime=2023-01-29 15:38:06), Travel(trip=Trip(id=5c63588e-ad31-4ded-98ac-f4a1a78a36b2, tripId=Z1235, trainTypeName=ZhiDa, routeId=9fc9c261-3263-4bfa-82f8-bb44e06b2f52, startStationName=shanghai, stationsName=nanjing, terminalStationName=beijing, startTime=2013-05-04 11:31:52, endTime=2013-05-04 17:51:52), startPlace=shanghai, endPlace=nanjing, departureTime=2023-01-29 15:38:06), Travel(trip=Trip(id=e1367946-9ecd-4ee6-acbf-8b705e8df59d, tripId=Z1236, trainTypeName=ZhiDa, routeId=d693a2c5-ef87-4a3c-bef8-600b43f62c68, startStationName=shanghai, stationsName=nanjing, terminalStationName=beijing, startTime=2013-05-04 7:05:52, endTime=2013-05-04 12:51:52), startPlace=shanghai, endPlace=nanjing, departureTime=2023-01-29 15:38:06), Travel(trip=Trip(id=502d2768-8480-47fc-91fd-f647267dfac6, tripId=T1235, trainTypeName=TeKuai, routeId=20eb7122-3a11-423f-b10a-be0dc5bce7db, startStationName=shanghai, stationsName=nanjing, terminalStationName=beijing, startTime=2013-05-04 08:31:52, endTime=2013-05-04 17:21:52), startPlace=shanghai, endPlace=nanjing, departureTime=2023-01-29 15:38:06), Travel(trip=Trip(id=a3c9545b-1889-4ea1-9015-b9af1896bc01, tripId=K1345, trainTypeName=KuaiSu, routeId=1367db1f-461e-4ab7-87ad-2bcc05fd9cb7, startStationName=shanghai, stationsName=nanjing, terminalStationName=beijing, startTime=2013-05-04 07:51:52, endTime=2013-05-04 19:59:52), startPlace=shanghai, endPlace=nanjing, departureTime=2023-01-29 15:38:06)]]\n"",""stream"":""stdout"",""time"":""2025-06-06T09:22:56.456412733Z""}"
2025-06-06T09:22:51.337651485Z,1674984171337651485,33.33.33.167,ts-travel2-service-5c66d57d58-6mp2b,server,6daf80b52c635b321cbccc5325fc8f70,a5192762f3713fbe,"{""log"":""17:22:51.337 INFO  t.s.TravelServiceImpl#372 TraceID: 6daf80b52c635b321cbccc5325fc8f70 SpanID: a5192762f3713fbe [getTickets][Calculate distance][calculate time：175  time: Sat May 04 12:46:52 CST 2013]\n"",""stream"":""stdout"",""time"":""2025-06-06T09:22:51.337651485Z""}"
2025-06-06T09:22:51.337511137Z,1674984171337511137,33.33.33.167,ts-travel2-service-5c66d57d58-6mp2b,server,6daf80b52c635b321cbccc5325fc8f70,a5192762f3713fbe,"{""log"":""17:22:51.337 INFO  t.s.TravelServiceImpl#366 TraceID: 6daf80b52c635b321cbccc5325fc8f70 SpanID: a5192762f3713fbe [getTickets][Calculate distance][calculate time：0  time: Sat May 04 09:51:52 CST 2013]\n"",""stream"":""stdout"",""time"":""2025-06-06T09:22:51.337511137Z""}"
2025-06-06T09:22:51.337340189Z,1674984171337340189,33.33.33.167,ts-travel2-service-5c66d57d58-6mp2b,server,6daf80b52c635b321cbccc5325fc8f70,a5192762f3713fbe,"{""log"":""17:22:51.336 INFO  t.s.TravelServiceImpl#469 TraceID: 6daf80b52c635b321cbccc5325fc8f70 SpanID: a5192762f3713fbe [getRestTicketNumber][Get Rest tickets num][num is: Response(status=1, msg=Get Left Ticket of Internal Success, data=1073741823)]\n"",""stream"":""stdout"",""time"":""2025-06-06T09:22:51.337340189Z""}"
2025-06-06T09:22:51.322543389Z,1674984171322543389,33.33.33.167,ts-travel2-service-5c66d57d58-6mp2b,server,6daf80b52c635b321cbccc5325fc8f70,a5192762f3713fbe,"{""log"":""17:22:51.322 INFO  t.s.TravelServiceImpl#459 TraceID: 6daf80b52c635b321cbccc5325fc8f70 SpanID: a5192762f3713fbe [getRestTicketNumber][Seat request][request: Seat(travelDate=2023-01-29 15:38:06, trainNumber=Z1234, startStation=shanghai, destStation=nanjing, seatType=3, totalNum=2147483647, stations=[shanghai, nanjing, shijiazhuang, taiyuan])]\n"",""stream"":""stdout"",""time"":""2025-06-06T09:22:51.322543389Z""}"
2025-06-06T09:22:51.322440946Z,1674984171322440946,33.33.33.167,ts-travel2-service-5c66d57d58-6mp2b,server,6daf80b52c635b321cbccc5325fc8f70,a5192762f3713fbe,"{""log"":""17:22:51.321 INFO  t.s.TravelServiceImpl#469 TraceID: 6daf80b52c635b321cbccc5325fc8f70 SpanID: a5192762f3713fbe [getRestTicketNumber][Get Rest tickets num][num is: Response(status=1, msg=Get Left Ticket of Internal Success, data=1073741823)]\n"",""stream"":""stdout"",""time"":""2025-06-06T09:22:51.322440946Z""}"
2025-06-06T09:22:51.250521859Z,1674984171250521859,33.33.33.167,ts-travel2-service-5c66d57d58-6mp2b,server,6daf80b52c635b321cbccc5325fc8f70,a5192762f3713fbe,"{""log"":""17:22:51.249 INFO  t.s.TravelServiceImpl#459 TraceID: 6daf80b52c635b321cbccc5325fc8f70 SpanID: a5192762f3713fbe [getRestTicketNumber][Seat request][request: Seat(travelDate=2023-01-29 15:38:06, trainNumber=Z1234, startStation=shanghai, destStation=nanjing, seatType=2, totalNum=2147483647, stations=[shanghai, nanjing, shijiazhuang, taiyuan])]\n"",""stream"":""stdout"",""time"":""2025-06-06T09:22:51.250521859Z""}"
2025-06-06T09:22:51.208835644Z,1674984171208835644,33.33.33.167,ts-travel2-service-5c66d57d58-6mp2b,server,6daf80b52c635b321cbccc5325fc8f70,a5192762f3713fbe,"{""log"":""17:22:51.208 INFO  t.s.TravelServiceImpl#260 TraceID: 6daf80b52c635b321cbccc5325fc8f70 SpanID: a5192762f3713fbe [getTicketsByBatch][before get basic][trips: [Trip(id=8a533bf9-bd12-4608-a8eb-606890982448, tripId=Z1234, trainTypeName=ZhiDa, routeId=0b23bd3e-876a-4af3-b920-c50a90c90b04, startStationName=shanghai, stationsName=nanjing, terminalStationName=beijing, startTime=2013-05-04 09:51:52, endTime=2013-05-04 15:51:52), Trip(id=5c63588e-ad31-4ded-98ac-f4a1a78a36b2, tripId=Z1235, trainTypeName=ZhiDa, routeId=9fc9c261-3263-4bfa-82f8-bb44e06b2f52, startStationName=shanghai, stationsName=nanjing, terminalStationName=beijing, startTime=2013-05-04 11:31:52, endTime=2013-05-04 17:51:52), Trip(id=e1367946-9ecd-4ee6-acbf-8b705e8df59d, tripId=Z1236, trainTypeName=ZhiDa, routeId=d693a2c5-ef87-4a3c-bef8-600b43f62c68, startStationName=shanghai, stationsName=nanjing, terminalStationName=beijing, startTime=2013-05-04 7:05:52, endTime=2013-05-04 12:51:52), Trip(id=502d2768-8480-47fc-91fd-f647267dfac6, tripId=T1235, trainTypeName=TeKuai, routeId=20eb7122-3a11-423f-b10a-be0dc5bce7db, startStationName=shanghai, stationsName=nanjing, terminalStationName=beijing, startTime=2013-05-04 08:31:52, endTime=2013-05-04 17:21:52), Trip(id=a3c9545b-1889-4ea1-9015-b9af1896bc01, tripId=K1345, trainTypeName=KuaiSu, routeId=1367db1f-461e-4ab7-87ad-2bcc05fd9cb7, startStationName=shanghai, stationsName=nanjing, terminalStationName=beijing, startTime=2013-05-04 07:51:52, endTime=2013-05-04 19:59:52)]]\n"",""stream"":""stdout"",""time"":""2025-06-06T09:22:51.208835644Z""}"
2025-06-06T09:22:51.205304428Z,1674984171205304428,33.33.33.167,ts-travel2-service-5c66d57d58-6mp2b,server,6daf80b52c635b321cbccc5325fc8f70,a5192762f3713fbe,"{""log"":""17:22:51.204 INFO  t.c.Travel2Controller#115 TraceID: 6daf80b52c635b321cbccc5325fc8f70 SpanID: a5192762f3713fbe [query][Query TripResponse]\n"",""stream"":""stdout"",""time"":""2025-06-06T09:22:51.205304428Z""}"
2025-06-06T09:22:51.219598462Z,1674984171219598462,33.33.33.79,ts-train-service-86f5f97bc9-dkqmf,server,6daf80b52c635b321cbccc5325fc8f70,95a53f2aca4145c7,"{""log"":""17:22:51.218 INFO  t.c.TrainController#72 TraceID: 6daf80b52c635b321cbccc5325fc8f70 SpanID: 95a53f2aca4145c7 [retrieveByNames][Retrieve train][TrainTypeNames: [TeKuai, ZhiDa, KuaiSu]]\n"",""stream"":""stdout"",""time"":""2025-06-06T09:22:51.219598462Z""}"
2025-06-06T09:22:51.213630383Z,1674984171213630383,33.33.33.76,ts-station-service-7f4f5f6f77-5qb6j,server,6daf80b52c635b321cbccc5325fc8f70,fba007f4ad739e26,"{""log"":""17:22:51.213 INFO  f.m.c.StationController#71 TraceID: 6daf80b52c635b321cbccc5325fc8f70 SpanID: fba007f4ad739e26 [queryForIdBatch][Query stations for id batch][StationNameNumbers: 2]\n"",""stream"":""stdout"",""time"":""2025-06-06T09:22:51.213630383Z""}"
2025-06-06T09:22:51.3357698Z,1674984171335769800,33.33.33.82,ts-seat-service-5c95b49cff-tdsdz,server,6daf80b52c635b321cbccc5325fc8f70,728d716075311950,"{""log"":""17:22:51.335 INFO  s.s.SeatServiceImpl#217 TraceID: 6daf80b52c635b321cbccc5325fc8f70 SpanID: 728d716075311950 [getDirectProportion][Configs is : Config(name=DirectTicketAllocationProportion, value=0.5, description=Allocation Proportion Of The Direct Ticket - From Start To End)]\n"",""stream"":""stdout"",""time"":""2025-06-06T09:22:51.3357698Z""}"
2025-06-06T09:22:51.332199209Z,1674984171332199209,33.33.33.82,ts-seat-service-5c95b49cff-tdsdz,server,6daf80b52c635b321cbccc5325fc8f70,728d716075311950,"{""log"":""17:22:51.330 INFO  s.s.SeatServiceImpl#166 TraceID: 6daf80b52c635b321cbccc5325fc8f70 SpanID: 728d716075311950 [getLeftTicketOfInterval][Get Order tickets result][result is \u003c200,Response(status=0, msg=Seat is Null., data=null),[vary:\""Origin,Access-Control-Request-Method,Access-Control-Request-Headers\"", x-content-type-options:\""nosniff\"", x-xss-protection:\""1; mode=block\"", cache-control:\""no-cache, no-store, max-age=0, must-revalidate\"", pragma:\""no-cache\"", expires:\""0\"", x-frame-options:\""DENY\"", content-type:\""application/json\"", date:\""Sun, 29 Jan 2023 09:22:50 GMT\"", x-envoy-upstream-service-time:\""3\"", server:\""envoy\"", transfer-encoding:\""chunked\""]\u003e]\n"",""stream"":""stdout"",""time"":""2025-06-06T09:22:51.332199209Z""}"
2025-06-06T09:22:51.325972651Z,1674984171325972651,33.33.33.82,ts-seat-service-5c95b49cff-tdsdz,server,6daf80b52c635b321cbccc5325fc8f70,728d716075311950,"{""log"":""17:22:51.325 INFO  s.s.SeatServiceImpl#154 TraceID: 6daf80b52c635b321cbccc5325fc8f70 SpanID: 728d716075311950 [getLeftTicketOfInterval][TrainNumber start with other capital][trainNumber:Z1234]\n"",""stream"":""stdout"",""time"":""2025-06-06T09:22:51.325972651Z""}"
2025-06-06T09:22:51.325739588Z,1674984171325739588,33.33.33.82,ts-seat-service-5c95b49cff-tdsdz,server,6daf80b52c635b321cbccc5325fc8f70,728d716075311950,"{""log"":""17:22:51.325 INFO  s.s.SeatServiceImpl#137 TraceID: 6daf80b52c635b321cbccc5325fc8f70 SpanID: 728d716075311950 [getLeftTicketOfInterval][Seat request][request:Seat(travelDate=2023-01-29 15:38:06, trainNumber=Z1234, startStation=shanghai, destStation=nanjing, seatType=3, totalNum=2147483647, stations=[shanghai, nanjing, shijiazhuang, taiyuan])]\n"",""stream"":""stdout"",""time"":""2025-06-06T09:22:51.325739588Z""}"
2025-06-06T09:22:51.325476478Z,1674984171325476478,33.33.33.82,ts-seat-service-5c95b49cff-tdsdz,server,6daf80b52c635b321cbccc5325fc8f70,728d716075311950,"{""log"":""17:22:51.324 INFO  s.c.SeatController#57 TraceID: 6daf80b52c635b321cbccc5325fc8f70 SpanID: 728d716075311950 [getLeftTicketOfInterval][Get left ticket of interval][TravelDate: 2023-01-29 15:38:06,TrainNumber: Z1234,SeatType: 3]\n"",""stream"":""stdout"",""time"":""2025-06-06T09:22:51.325476478Z""}"
2025-06-06T09:22:51.319870158Z,1674984171319870158,33.33.33.82,ts-seat-service-5c95b49cff-tdsdz,server,6daf80b52c635b321cbccc5325fc8f70,630047e538271840,"{""log"":""17:22:51.319 INFO  s.s.SeatServiceImpl#217 TraceID: 6daf80b52c635b321cbccc5325fc8f70 SpanID: 630047e538271840 [getDirectProportion][Configs is : Config(name=DirectTicketAllocationProportion, value=0.5, description=Allocation Proportion Of The Direct Ticket - From Start To End)]\n"",""stream"":""stdout"",""time"":""2025-06-06T09:22:51.319870158Z""}"
2025-06-06T09:22:51.295005173Z,1674984171295005173,33.33.33.82,ts-seat-service-5c95b49cff-tdsdz,server,6daf80b52c635b321cbccc5325fc8f70,630047e538271840,"{""log"":""17:22:51.294 INFO  s.s.SeatServiceImpl#166 TraceID: 6daf80b52c635b321cbccc5325fc8f70 SpanID: 630047e538271840 [getLeftTicketOfInterval][Get Order tickets result][result is \u003c200,Response(status=0, msg=Seat is Null., data=null),[vary:\""Origin,Access-Control-Request-Method,Access-Control-Request-Headers\"", x-content-type-options:\""nosniff\"", x-xss-protection:\""1; mode=block\"", cache-control:\""no-cache, no-store, max-age=0, must-revalidate\"", pragma:\""no-cache\"", expires:\""0\"", x-frame-options:\""DENY\"", content-type:\""application/json\"", date:\""Sun, 29 Jan 2023 09:22:50 GMT\"", x-envoy-upstream-service-time:\""37\"", server:\""envoy\"", transfer-encoding:\""chunked\""]\u003e]\n"",""stream"":""stdout"",""time"":""2025-06-06T09:22:51.295005173Z""}"
2025-06-06T09:22:51.255282948Z,1674984171255282948,33.33.33.82,ts-seat-service-5c95b49cff-tdsdz,server,6daf80b52c635b321cbccc5325fc8f70,630047e538271840,"{""log"":""17:22:51.254 INFO  s.s.SeatServiceImpl#154 TraceID: 6daf80b52c635b321cbccc5325fc8f70 SpanID: 630047e538271840 [getLeftTicketOfInterval][TrainNumber start with other capital][trainNumber:Z1234]\n"",""stream"":""stdout"",""time"":""2025-06-06T09:22:51.255282948Z""}"
2025-06-06T09:22:51.25495918Z,1674984171254959180,33.33.33.82,ts-seat-service-5c95b49cff-tdsdz,server,6daf80b52c635b321cbccc5325fc8f70,630047e538271840,"{""log"":""17:22:51.254 INFO  s.s.SeatServiceImpl#137 TraceID: 6daf80b52c635b321cbccc5325fc8f70 SpanID: 630047e538271840 [getLeftTicketOfInterval][Seat request][request:Seat(travelDate=2023-01-29 15:38:06, trainNumber=Z1234, startStation=shanghai, destStation=nanjing, seatType=2, totalNum=2147483647, stations=[shanghai, nanjing, shijiazhuang, taiyuan])]\n"",""stream"":""stdout"",""time"":""2025-06-06T09:22:51.25495918Z""}"
2025-06-06T09:22:51.254528165Z,1674984171254528165,33.33.33.82,ts-seat-service-5c95b49cff-tdsdz,server,6daf80b52c635b321cbccc5325fc8f70,630047e538271840,"{""log"":""17:22:51.253 INFO  s.c.SeatController#57 TraceID: 6daf80b52c635b321cbccc5325fc8f70 SpanID: 630047e538271840 [getLeftTicketOfInterval][Get left ticket of interval][TravelDate: 2023-01-29 15:38:06,TrainNumber: Z1234,SeatType: 2]\n"",""stream"":""stdout"",""time"":""2025-06-06T09:22:51.254528165Z""}"
2025-06-06T09:22:51.227251684Z,1674984171227251684,33.33.33.80,ts-route-service-b6c59fb57-zv8dt,server,6daf80b52c635b321cbccc5325fc8f70,a7c3fa3ceb84d4ac,"{""log"":""17:22:51.226 INFO  r.c.RouteController#53 TraceID: 6daf80b52c635b321cbccc5325fc8f70 SpanID: a7c3fa3ceb84d4ac [getRouteById][Query route by id][RouteId: [d693a2c5-ef87-4a3c-bef8-600b43f62c68, 1367db1f-461e-4ab7-87ad-2bcc05fd9cb7, 9fc9c261-3263-4bfa-82f8-bb44e06b2f52, 20eb7122-3a11-423f-b10a-be0dc5bce7db, 0b23bd3e-876a-4af3-b920-c50a90c90b04]]\n"",""stream"":""stdout"",""time"":""2025-06-06T09:22:51.227251684Z""}"
2025-06-06T09:22:51.244029574Z,1674984171244029574,33.33.33.79,ts-price-service-76846864d9-g465z,server,6daf80b52c635b321cbccc5325fc8f70,267c69e1d278ade4,"{""log"":""17:22:51.243 INFO  p.c.PriceController#46 TraceID: 6daf80b52c635b321cbccc5325fc8f70 SpanID: 267c69e1d278ade4 [findByRouteIdAndTrainType][Query price][routeId and Train Type: [0b23bd3e-876a-4af3-b920-c50a90c90b04:ZhiDa]]\n"",""stream"":""stdout"",""time"":""2025-06-06T09:22:51.244029574Z""}"
2025-06-06T09:22:51.329736755Z,1674984171329736755,33.33.33.155,ts-order-other-service-6cdbf9b4cc-h7mqk,server,6daf80b52c635b321cbccc5325fc8f70,4548011fd057ad78,"{""log"":""17:22:51.329 WARN  o.s.OrderOtherServiceImpl#72 TraceID: 6daf80b52c635b321cbccc5325fc8f70 SpanID: 4548011fd057ad78 [getSoldTickets][Seat][No content][seat from date: 2023-01-29 15:38:06, train number: Z1234\n"",""stream"":""stdout"",""time"":""2025-06-06T09:22:51.329736755Z""}"
2025-06-06T09:22:51.328472758Z,1674984171328472758,33.33.33.155,ts-order-other-service-6cdbf9b4cc-h7mqk,server,6daf80b52c635b321cbccc5325fc8f70,4548011fd057ad78,"{""log"":""17:22:51.328 INFO  o.c.OrderOtherController#42 TraceID: 6daf80b52c635b321cbccc5325fc8f70 SpanID: 4548011fd057ad78 [getSoldTickets][Get Sold Ticket][Travel Date: 2023-01-29 15:38:06]\n"",""stream"":""stdout"",""time"":""2025-06-06T09:22:51.328472758Z""}"
2025-06-06T09:22:51.292882315Z,1674984171292882315,33.33.33.155,ts-order-other-service-6cdbf9b4cc-h7mqk,server,6daf80b52c635b321cbccc5325fc8f70,8bc7002d8ef119bd,"{""log"":""17:22:51.292 WARN  o.s.OrderOtherServiceImpl#72 TraceID: 6daf80b52c635b321cbccc5325fc8f70 SpanID: 8bc7002d8ef119bd [getSoldTickets][Seat][No content][seat from date: 2023-01-29 15:38:06, train number: Z1234\n"",""stream"":""stdout"",""time"":""2025-06-06T09:22:51.292882315Z""}"
2025-06-06T09:22:51.258300086Z,1674984171258300086,33.33.33.155,ts-order-other-service-6cdbf9b4cc-h7mqk,server,6daf80b52c635b321cbccc5325fc8f70,8bc7002d8ef119bd,"{""log"":""17:22:51.257 INFO  o.c.OrderOtherController#42 TraceID: 6daf80b52c635b321cbccc5325fc8f70 SpanID: 8bc7002d8ef119bd [getSoldTickets][Get Sold Ticket][Travel Date: 2023-01-29 15:38:06]\n"",""stream"":""stdout"",""time"":""2025-06-06T09:22:51.258300086Z""}"
2025-06-06T09:22:51.334430594Z,1674984171334430594,33.33.33.115,ts-config-service-5fcd447d84-wxwjd,server,6daf80b52c635b321cbccc5325fc8f70,94da1bfdf657aef3,"{""log"":""17:22:51.334 INFO  c.s.ConfigServiceImpl#65 TraceID: 6daf80b52c635b321cbccc5325fc8f70 SpanID: 94da1bfdf657aef3 [query][Query config success][config name: DirectTicketAllocationProportion]\n"",""stream"":""stdout"",""time"":""2025-06-06T09:22:51.334430594Z""}"
2025-06-06T09:22:51.333497615Z,1674984171333497615,33.33.33.115,ts-config-service-5fcd447d84-wxwjd,server,6daf80b52c635b321cbccc5325fc8f70,94da1bfdf657aef3,"{""log"":""17:22:51.333 INFO  c.c.ConfigController#67 TraceID: 6daf80b52c635b321cbccc5325fc8f70 SpanID: 94da1bfdf657aef3 [retrieve][Retrieve config][configName: DirectTicketAllocationProportion]\n"",""stream"":""stdout"",""time"":""2025-06-06T09:22:51.333497615Z""}"
2025-06-06T09:22:51.298125615Z,1674984171298125615,33.33.33.115,ts-config-service-5fcd447d84-wxwjd,server,6daf80b52c635b321cbccc5325fc8f70,41544419513b8a1b,"{""log"":""17:22:51.297 INFO  c.s.ConfigServiceImpl#65 TraceID: 6daf80b52c635b321cbccc5325fc8f70 SpanID: 41544419513b8a1b [query][Query config success][config name: DirectTicketAllocationProportion]\n"",""stream"":""stdout"",""time"":""2025-06-06T09:22:51.298125615Z""}"
2025-06-06T09:22:51.297180405Z,1674984171297180405,33.33.33.115,ts-config-service-5fcd447d84-wxwjd,server,6daf80b52c635b321cbccc5325fc8f70,41544419513b8a1b,"{""log"":""17:22:51.296 INFO  c.c.ConfigController#67 TraceID: 6daf80b52c635b321cbccc5325fc8f70 SpanID: 41544419513b8a1b [retrieve][Retrieve config][configName: DirectTicketAllocationProportion]\n"",""stream"":""stdout"",""time"":""2025-06-06T09:22:51.297180405Z""}"
2025-06-06T09:22:51.248043186Z,1674984171248043186,33.33.33.76,ts-basic-service-5dc8d4f9fd-46997,server,6daf80b52c635b321cbccc5325fc8f70,2898c4f8e42b4b30,"{""log"":""17:22:51.247 INFO  f.m.s.BasicServiceImpl#320 TraceID: 6daf80b52c635b321cbccc5325fc8f70 SpanID: 2898c4f8e42b4b30 [queryForTravels][all done][result map: {Z1234=TravelResult(status=true, percent=1.0, trainType=TrainType(id=e24bb484-516a-4aad-b37f-517e7139e913, name=ZhiDa, economyClass=2147483647, confortClass=2147483647, averageSpeed=120), route=Route(id=0b23bd3e-876a-4af3-b920-c50a90c90b04, stations=[shanghai, nanjing, shijiazhuang, taiyuan], distances=[0, 350, 1000, 1300], startStation=shanghai, endStation=taiyuan), prices={confortClass=350.0, economyClass=122.49999999999999})}]\n"",""stream"":""stdout"",""time"":""2025-06-06T09:22:51.248043186Z""}"
2025-06-06T09:22:51.24789814Z,1674984171247898140,33.33.33.76,ts-basic-service-5dc8d4f9fd-46997,server,6daf80b52c635b321cbccc5325fc8f70,2898c4f8e42b4b30,"{""log"":""17:22:51.247 INFO  f.m.s.BasicServiceImpl#481 TraceID: 6daf80b52c635b321cbccc5325fc8f70 SpanID: 2898c4f8e42b4b30 [queryPriceConfigByRouteIdsAndTrainTypes][Get Price Config by routeId and trainType][Success][priceConfigs: {0b23bd3e-876a-4af3-b920-c50a90c90b04:ZhiDa={id=b90a6ad7-ffad-4624-9655-48e9e185fa6c, trainType=ZhiDa, routeId=0b23bd3e-876a-4af3-b920-c50a90c90b04, basicPriceRate=0.35, firstClassPriceRate=1.0}}]\n"",""stream"":""stdout"",""time"":""2025-06-06T09:22:51.24789814Z""}"
2025-06-06T09:22:51.240171851Z,1674984171240171851,33.33.33.76,ts-basic-service-5dc8d4f9fd-46997,server,6daf80b52c635b321cbccc5325fc8f70,2898c4f8e42b4b30,"{""log"":""17:22:51.239 INFO  f.m.s.BasicServiceImpl#459 TraceID: 6daf80b52c635b321cbccc5325fc8f70 SpanID: 2898c4f8e42b4b30 [queryPriceConfigByRouteIdsAndTrainTypes][Query For Price Config][RouteId and TrainType: [0b23bd3e-876a-4af3-b920-c50a90c90b04:ZhiDa]]\n"",""stream"":""stdout"",""time"":""2025-06-06T09:22:51.240171851Z""}"
2025-06-06T09:22:51.239603118Z,1674984171239603118,33.33.33.76,ts-basic-service-5dc8d4f9fd-46997,server,6daf80b52c635b321cbccc5325fc8f70,2898c4f8e42b4b30,"{""log"":""17:22:51.239 ERROR  f.m.s.BasicServiceImpl#415 TraceID: 6daf80b52c635b321cbccc5325fc8f70 SpanID: 2898c4f8e42b4b30 [getRoutesByRouteIds][Get Route By Ids Failed]\n"",""stream"":""stdout"",""time"":""2025-06-06T09:22:51.239603118Z""}"
2025-06-06T09:22:51.223267895Z,1674984171223267895,33.33.33.76,ts-basic-service-5dc8d4f9fd-46997,server,6daf80b52c635b321cbccc5325fc8f70,2898c4f8e42b4b30,"{""log"":""17:22:51.223 INFO  f.m.s.BasicServiceImpl#405 TraceID: 6daf80b52c635b321cbccc5325fc8f70 SpanID: 2898c4f8e42b4b30 [getRoutesByRouteIds][Get Route By Ids][Route IDs: [d693a2c5-ef87-4a3c-bef8-600b43f62c68, 1367db1f-461e-4ab7-87ad-2bcc05fd9cb7, 9fc9c261-3263-4bfa-82f8-bb44e06b2f52, 20eb7122-3a11-423f-b10a-be0dc5bce7db, 0b23bd3e-876a-4af3-b920-c50a90c90b04]]\n"",""stream"":""stdout"",""time"":""2025-06-06T09:22:51.223267895Z""}"
2025-06-06T09:22:51.215954686Z,1674984171215954686,33.33.33.76,ts-basic-service-5dc8d4f9fd-46997,server,6daf80b52c635b321cbccc5325fc8f70,2898c4f8e42b4b30,"{""log"":""17:22:51.215 INFO  f.m.s.BasicServiceImpl#374 TraceID: 6daf80b52c635b321cbccc5325fc8f70 SpanID: 2898c4f8e42b4b30 [queryTrainTypeByNames][Query Train Type][Train Type names: [TeKuai, ZhiDa, KuaiSu]]\n"",""stream"":""stdout"",""time"":""2025-06-06T09:22:51.215954686Z""}"
2025-06-06T09:22:51.211525894Z,1674984171211525894,33.33.33.76,ts-basic-service-5dc8d4f9fd-46997,server,6daf80b52c635b321cbccc5325fc8f70,2898c4f8e42b4b30,"{""log"":""17:22:51.211 INFO  f.m.s.BasicServiceImpl#343 TraceID: 6daf80b52c635b321cbccc5325fc8f70 SpanID: 2898c4f8e42b4b30 [checkStationsExists][Check Stations Exists][stationNames: [nanjing, shanghai]]\n"",""stream"":""stdout"",""time"":""2025-06-06T09:22:51.211525894Z""}"
2025-06-06T09:22:51.211424196Z,1674984171211424196,33.33.33.76,ts-basic-service-5dc8d4f9fd-46997,server,6daf80b52c635b321cbccc5325fc8f70,2898c4f8e42b4b30,"{""log"":""17:22:51.210 INFO  f.m.c.BasicController#45 TraceID: 6daf80b52c635b321cbccc5325fc8f70 SpanID: 2898c4f8e42b4b30 [queryForTravels][Query for travels][Travels: [Travel(trip=Trip(id=8a533bf9-bd12-4608-a8eb-606890982448, tripId=Z1234, trainTypeName=ZhiDa, routeId=0b23bd3e-876a-4af3-b920-c50a90c90b04, startStationName=shanghai, stationsName=nanjing, terminalStationName=beijing, startTime=2013-05-04 09:51:52, endTime=2013-05-04 15:51:52), startPlace=shanghai, endPlace=nanjing, departureTime=2023-01-29 15:38:06), Travel(trip=Trip(id=5c63588e-ad31-4ded-98ac-f4a1a78a36b2, tripId=Z1235, trainTypeName=ZhiDa, routeId=9fc9c261-3263-4bfa-82f8-bb44e06b2f52, startStationName=shanghai, stationsName=nanjing, terminalStationName=beijing, startTime=2013-05-04 11:31:52, endTime=2013-05-04 17:51:52), startPlace=shanghai, endPlace=nanjing, departureTime=2023-01-29 15:38:06), Travel(trip=Trip(id=e1367946-9ecd-4ee6-acbf-8b705e8df59d, tripId=Z1236, trainTypeName=ZhiDa, routeId=d693a2c5-ef87-4a3c-bef8-600b43f62c68, startStationName=shanghai, stationsName=nanjing, terminalStationName=beijing, startTime=2013-05-04 7:05:52, endTime=2013-05-04 12:51:52), startPlace=shanghai, endPlace=nanjing, departureTime=2023-01-29 15:38:06), Travel(trip=Trip(id=502d2768-8480-47fc-91fd-f647267dfac6, tripId=T1235, trainTypeName=TeKuai, routeId=20eb7122-3a11-423f-b10a-be0dc5bce7db, startStationName=shanghai, stationsName=nanjing, terminalStationName=beijing, startTime=2013-05-04 08:31:52, endTime=2013-05-04 17:21:52), startPlace=shanghai, endPlace=nanjing, departureTime=2023-01-29 15:38:06), Travel(trip=Trip(id=a3c9545b-1889-4ea1-9015-b9af1896bc01, tripId=K1345, trainTypeName=KuaiSu, routeId=1367db1f-461e-4ab7-87ad-2bcc05fd9cb7, startStationName=shanghai, stationsName=nanjing, terminalStationName=beijing, startTime=2013-05-04 07:51:52, endTime=2013-05-04 19:59:52), startPlace=shanghai, endPlace=nanjing, departureTime=2023-01-29 15:38:06)]]\n"",""stream"":""stdout"",""time"":""2025-06-06T09:22:51.211424196Z""}"
2025-06-06T09:23:07.238880077Z,1674984187238880077,33.33.33.167,ts-travel2-service-5c66d57d58-6mp2b,server,ac435900684a80062a633f542ccbe936,8c31dbc72c8878b7,"{""log"":""17:23:07.238 INFO  t.s.TravelServiceImpl#372 TraceID: ac435900684a80062a633f542ccbe936 SpanID: 8c31dbc72c8878b7 [getTickets][Calculate distance][calculate time：175  time: Sat May 04 12:46:52 CST 2013]\n"",""stream"":""stdout"",""time"":""2025-06-06T09:23:07.238880077Z""}"
2025-06-06T09:23:07.238735133Z,1674984187238735133,33.33.33.167,ts-travel2-service-5c66d57d58-6mp2b,server,ac435900684a80062a633f542ccbe936,8c31dbc72c8878b7,"{""log"":""17:23:07.238 INFO  t.s.TravelServiceImpl#366 TraceID: ac435900684a80062a633f542ccbe936 SpanID: 8c31dbc72c8878b7 [getTickets][Calculate distance][calculate time：0  time: Sat May 04 09:51:52 CST 2013]\n"",""stream"":""stdout"",""time"":""2025-06-06T09:23:07.238735133Z""}"
2025-06-06T09:23:07.238562859Z,1674984187238562859,33.33.33.167,ts-travel2-service-5c66d57d58-6mp2b,server,ac435900684a80062a633f542ccbe936,8c31dbc72c8878b7,"{""log"":""17:23:07.238 INFO  t.s.TravelServiceImpl#469 TraceID: ac435900684a80062a633f542ccbe936 SpanID: 8c31dbc72c8878b7 [getRestTicketNumber][Get Rest tickets num][num is: Response(status=1, msg=Get Left Ticket of Internal Success, data=1073741823)]\n"",""stream"":""stdout"",""time"":""2025-06-06T09:23:07.238562859Z""}"
2025-06-06T09:23:06.981071422Z,1674984186981071422,33.33.33.167,ts-travel2-service-5c66d57d58-6mp2b,server,ac435900684a80062a633f542ccbe936,8c31dbc72c8878b7,"{""log"":""17:23:06.980 INFO  t.s.TravelServiceImpl#459 TraceID: ac435900684a80062a633f542ccbe936 SpanID: 8c31dbc72c8878b7 [getRestTicketNumber][Seat request][request: Seat(travelDate=2023-01-29 15:38:06, trainNumber=Z1234, startStation=shanghai, destStation=nanjing, seatType=3, totalNum=2147483647, stations=[shanghai, nanjing, shijiazhuang, taiyuan])]\n"",""stream"":""stdout"",""time"":""2025-06-06T09:23:06.981071422Z""}"
2025-06-06T09:23:06.980952571Z,1674984186980952571,33.33.33.167,ts-travel2-service-5c66d57d58-6mp2b,server,ac435900684a80062a633f542ccbe936,8c31dbc72c8878b7,"{""log"":""17:23:06.980 INFO  t.s.TravelServiceImpl#469 TraceID: ac435900684a80062a633f542ccbe936 SpanID: 8c31dbc72c8878b7 [getRestTicketNumber][Get Rest tickets num][num is: Response(status=1, msg=Get Left Ticket of Internal Success, data=1073741823)]\n"",""stream"":""stdout"",""time"":""2025-06-06T09:23:06.980952571Z""}"
2025-06-06T09:23:06.933695797Z,1674984186933695797,33.33.33.167,ts-travel2-service-5c66d57d58-6mp2b,server,ac435900684a80062a633f542ccbe936,8c31dbc72c8878b7,"{""log"":""17:23:06.933 INFO  t.s.TravelServiceImpl#459 TraceID: ac435900684a80062a633f542ccbe936 SpanID: 8c31dbc72c8878b7 [getRestTicketNumber][Seat request][request: Seat(travelDate=2023-01-29 15:38:06, trainNumber=Z1234, startStation=shanghai, destStation=nanjing, seatType=2, totalNum=2147483647, stations=[shanghai, nanjing, shijiazhuang, taiyuan])]\n"",""stream"":""stdout"",""time"":""2025-06-06T09:23:06.933695797Z""}"
2025-06-06T09:23:06.889152449Z,1674984186889152449,33.33.33.167,ts-travel2-service-5c66d57d58-6mp2b,server,ac435900684a80062a633f542ccbe936,8c31dbc72c8878b7,"{""log"":""17:23:06.888 INFO  t.s.TravelServiceImpl#260 TraceID: ac435900684a80062a633f542ccbe936 SpanID: 8c31dbc72c8878b7 [getTicketsByBatch][before get basic][trips: [Trip(id=8a533bf9-bd12-4608-a8eb-606890982448, tripId=Z1234, trainTypeName=ZhiDa, routeId=0b23bd3e-876a-4af3-b920-c50a90c90b04, startStationName=shanghai, stationsName=nanjing, terminalStationName=beijing, startTime=2013-05-04 09:51:52, endTime=2013-05-04 15:51:52), Trip(id=5c63588e-ad31-4ded-98ac-f4a1a78a36b2, tripId=Z1235, trainTypeName=ZhiDa, routeId=9fc9c261-3263-4bfa-82f8-bb44e06b2f52, startStationName=shanghai, stationsName=nanjing, terminalStationName=beijing, startTime=2013-05-04 11:31:52, endTime=2013-05-04 17:51:52), Trip(id=e1367946-9ecd-4ee6-acbf-8b705e8df59d, tripId=Z1236, trainTypeName=ZhiDa, routeId=d693a2c5-ef87-4a3c-bef8-600b43f62c68, startStationName=shanghai, stationsName=nanjing, terminalStationName=beijing, startTime=2013-05-04 7:05:52, endTime=2013-05-04 12:51:52), Trip(id=502d2768-8480-47fc-91fd-f647267dfac6, tripId=T1235, trainTypeName=TeKuai, routeId=20eb7122-3a11-423f-b10a-be0dc5bce7db, startStationName=shanghai, stationsName=nanjing, terminalStationName=beijing, startTime=2013-05-04 08:31:52, endTime=2013-05-04 17:21:52), Trip(id=a3c9545b-1889-4ea1-9015-b9af1896bc01, tripId=K1345, trainTypeName=KuaiSu, routeId=1367db1f-461e-4ab7-87ad-2bcc05fd9cb7, startStationName=shanghai, stationsName=nanjing, terminalStationName=beijing, startTime=2013-05-04 07:51:52, endTime=2013-05-04 19:59:52)]]\n"",""stream"":""stdout"",""time"":""2025-06-06T09:23:06.889152449Z""}"
2025-06-06T09:23:06.88512106Z,1674984186885121060,33.33.33.167,ts-travel2-service-5c66d57d58-6mp2b,server,ac435900684a80062a633f542ccbe936,8c31dbc72c8878b7,"{""log"":""17:23:06.884 INFO  t.c.Travel2Controller#115 TraceID: ac435900684a80062a633f542ccbe936 SpanID: 8c31dbc72c8878b7 [query][Query TripResponse]\n"",""stream"":""stdout"",""time"":""2025-06-06T09:23:06.88512106Z""}"
2025-06-06T09:23:06.902093721Z,1674984186902093721,33.33.33.79,ts-train-service-86f5f97bc9-dkqmf,server,ac435900684a80062a633f542ccbe936,70e79fa3fd912e6a,"{""log"":""17:23:06.900 INFO  t.c.TrainController#72 TraceID: ac435900684a80062a633f542ccbe936 SpanID: 70e79fa3fd912e6a [retrieveByNames][Retrieve train][TrainTypeNames: [TeKuai, ZhiDa, KuaiSu]]\n"",""stream"":""stdout"",""time"":""2025-06-06T09:23:06.902093721Z""}"
2025-06-06T09:23:06.895010443Z,1674984186895010443,33.33.33.76,ts-station-service-7f4f5f6f77-5qb6j,server,ac435900684a80062a633f542ccbe936,776ae6b90b12ab02,"{""log"":""17:23:06.894 INFO  f.m.c.StationController#71 TraceID: ac435900684a80062a633f542ccbe936 SpanID: 776ae6b90b12ab02 [queryForIdBatch][Query stations for id batch][StationNameNumbers: 2]\n"",""stream"":""stdout"",""time"":""2025-06-06T09:23:06.895010443Z""}"
2025-06-06T09:23:07.23633111Z,1674984187236331110,33.33.33.82,ts-seat-service-5c95b49cff-tdsdz,server,ac435900684a80062a633f542ccbe936,cb4f24bb24ef232a,"{""log"":""17:23:07.235 INFO  s.s.SeatServiceImpl#217 TraceID: ac435900684a80062a633f542ccbe936 SpanID: cb4f24bb24ef232a [getDirectProportion][Configs is : Config(name=DirectTicketAllocationProportion, value=0.5, description=Allocation Proportion Of The Direct Ticket - From Start To End)]\n"",""stream"":""stdout"",""time"":""2025-06-06T09:23:07.23633111Z""}"
2025-06-06T09:23:07.213798656Z,1674984187213798656,33.33.33.82,ts-seat-service-5c95b49cff-tdsdz,server,ac435900684a80062a633f542ccbe936,cb4f24bb24ef232a,"{""log"":""17:23:07.213 INFO  s.s.SeatServiceImpl#166 TraceID: ac435900684a80062a633f542ccbe936 SpanID: cb4f24bb24ef232a [getLeftTicketOfInterval][Get Order tickets result][result is \u003c200,Response(status=0, msg=Seat is Null., data=null),[vary:\""Origin,Access-Control-Request-Method,Access-Control-Request-Headers\"", x-content-type-options:\""nosniff\"", x-xss-protection:\""1; mode=block\"", cache-control:\""no-cache, no-store, max-age=0, must-revalidate\"", pragma:\""no-cache\"", expires:\""0\"", x-frame-options:\""DENY\"", content-type:\""application/json\"", date:\""Sun, 29 Jan 2023 09:23:07 GMT\"", x-envoy-upstream-service-time:\""4\"", server:\""envoy\"", transfer-encoding:\""chunked\""]\u003e]\n"",""stream"":""stdout"",""time"":""2025-06-06T09:23:07.213798656Z""}"
2025-06-06T09:23:07.207191103Z,1674984187207191103,33.33.33.82,ts-seat-service-5c95b49cff-tdsdz,server,ac435900684a80062a633f542ccbe936,cb4f24bb24ef232a,"{""log"":""17:23:07.206 INFO  s.s.SeatServiceImpl#154 TraceID: ac435900684a80062a633f542ccbe936 SpanID: cb4f24bb24ef232a [getLeftTicketOfInterval][TrainNumber start with other capital][trainNumber:Z1234]\n"",""stream"":""stdout"",""time"":""2025-06-06T09:23:07.207191103Z""}"
2025-06-06T09:23:07.20687232Z,1674984187206872320,33.33.33.82,ts-seat-service-5c95b49cff-tdsdz,server,ac435900684a80062a633f542ccbe936,cb4f24bb24ef232a,"{""log"":""17:23:07.206 INFO  s.s.SeatServiceImpl#137 TraceID: ac435900684a80062a633f542ccbe936 SpanID: cb4f24bb24ef232a [getLeftTicketOfInterval][Seat request][request:Seat(travelDate=2023-01-29 15:38:06, trainNumber=Z1234, startStation=shanghai, destStation=nanjing, seatType=3, totalNum=2147483647, stations=[shanghai, nanjing, shijiazhuang, taiyuan])]\n"",""stream"":""stdout"",""time"":""2025-06-06T09:23:07.20687232Z""}"
2025-06-06T09:23:07.206525039Z,1674984187206525039,33.33.33.82,ts-seat-service-5c95b49cff-tdsdz,server,ac435900684a80062a633f542ccbe936,cb4f24bb24ef232a,"{""log"":""17:23:07.205 INFO  s.c.SeatController#57 TraceID: ac435900684a80062a633f542ccbe936 SpanID: cb4f24bb24ef232a [getLeftTicketOfInterval][Get left ticket of interval][TravelDate: 2023-01-29 15:38:06,TrainNumber: Z1234,SeatType: 3]\n"",""stream"":""stdout"",""time"":""2025-06-06T09:23:07.206525039Z""}"
2025-06-06T09:23:06.978466339Z,1674984186978466339,33.33.33.82,ts-seat-service-5c95b49cff-tdsdz,server,ac435900684a80062a633f542ccbe936,5b07a503a770252c,"{""log"":""17:23:06.977 INFO  s.s.SeatServiceImpl#217 TraceID: ac435900684a80062a633f542ccbe936 SpanID: 5b07a503a770252c [getDirectProportion][Configs is : Config(name=DirectTicketAllocationProportion, value=0.5, description=Allocation Proportion Of The Direct Ticket - From Start To End)]\n"",""stream"":""stdout"",""time"":""2025-06-06T09:23:06.978466339Z""}"
2025-06-06T09:23:06.974064096Z,1674984186974064096,33.33.33.82,ts-seat-service-5c95b49cff-tdsdz,server,ac435900684a80062a633f542ccbe936,5b07a503a770252c,"{""log"":""17:23:06.973 INFO  s.s.SeatServiceImpl#166 TraceID: ac435900684a80062a633f542ccbe936 SpanID: 5b07a503a770252c [getLeftTicketOfInterval][Get Order tickets result][result is \u003c200,Response(status=0, msg=Seat is Null., data=null),[vary:\""Origin,Access-Control-Request-Method,Access-Control-Request-Headers\"", x-content-type-options:\""nosniff\"", x-xss-protection:\""1; mode=block\"", cache-control:\""no-cache, no-store, max-age=0, must-revalidate\"", pragma:\""no-cache\"", expires:\""0\"", x-frame-options:\""DENY\"", content-type:\""application/json\"", date:\""Sun, 29 Jan 2023 09:23:06 GMT\"", x-envoy-upstream-service-time:\""31\"", server:\""envoy\"", transfer-encoding:\""chunked\""]\u003e]\n"",""stream"":""stdout"",""time"":""2025-06-06T09:23:06.974064096Z""}"
2025-06-06T09:23:06.938943674Z,1674984186938943674,33.33.33.82,ts-seat-service-5c95b49cff-tdsdz,server,ac435900684a80062a633f542ccbe936,5b07a503a770252c,"{""log"":""17:23:06.938 INFO  s.s.SeatServiceImpl#154 TraceID: ac435900684a80062a633f542ccbe936 SpanID: 5b07a503a770252c [getLeftTicketOfInterval][TrainNumber start with other capital][trainNumber:Z1234]\n"",""stream"":""stdout"",""time"":""2025-06-06T09:23:06.938943674Z""}"
2025-06-06T09:23:06.938588734Z,1674984186938588734,33.33.33.82,ts-seat-service-5c95b49cff-tdsdz,server,ac435900684a80062a633f542ccbe936,5b07a503a770252c,"{""log"":""17:23:06.938 INFO  s.s.SeatServiceImpl#137 TraceID: ac435900684a80062a633f542ccbe936 SpanID: 5b07a503a770252c [getLeftTicketOfInterval][Seat request][request:Seat(travelDate=2023-01-29 15:38:06, trainNumber=Z1234, startStation=shanghai, destStation=nanjing, seatType=2, totalNum=2147483647, stations=[shanghai, nanjing, shijiazhuang, taiyuan])]\n"",""stream"":""stdout"",""time"":""2025-06-06T09:23:06.938588734Z""}"
2025-06-06T09:23:06.93826662Z,1674984186938266620,33.33.33.82,ts-seat-service-5c95b49cff-tdsdz,server,ac435900684a80062a633f542ccbe936,5b07a503a770252c,"{""log"":""17:23:06.937 INFO  s.c.SeatController#57 TraceID: ac435900684a80062a633f542ccbe936 SpanID: 5b07a503a770252c [getLeftTicketOfInterval][Get left ticket of interval][TravelDate: 2023-01-29 15:38:06,TrainNumber: Z1234,SeatType: 2]\n"",""stream"":""stdout"",""time"":""2025-06-06T09:23:06.93826662Z""}"
2025-06-06T09:23:06.909693936Z,1674984186909693936,33.33.33.80,ts-route-service-b6c59fb57-zv8dt,server,ac435900684a80062a633f542ccbe936,f50733eb8e7ef415,"{""log"":""17:23:06.908 INFO  r.c.RouteController#53 TraceID: ac435900684a80062a633f542ccbe936 SpanID: f50733eb8e7ef415 [getRouteById][Query route by id][RouteId: [d693a2c5-ef87-4a3c-bef8-600b43f62c68, 1367db1f-461e-4ab7-87ad-2bcc05fd9cb7, 9fc9c261-3263-4bfa-82f8-bb44e06b2f52, 20eb7122-3a11-423f-b10a-be0dc5bce7db, 0b23bd3e-876a-4af3-b920-c50a90c90b04]]\n"",""stream"":""stdout"",""time"":""2025-06-06T09:23:06.909693936Z""}"
2025-06-06T09:23:06.927434084Z,1674984186927434084,33.33.33.79,ts-price-service-76846864d9-g465z,server,ac435900684a80062a633f542ccbe936,dfbf5a5ab932e2a1,"{""log"":""17:23:06.926 INFO  p.c.PriceController#46 TraceID: ac435900684a80062a633f542ccbe936 SpanID: dfbf5a5ab932e2a1 [findByRouteIdAndTrainType][Query price][routeId and Train Type: [0b23bd3e-876a-4af3-b920-c50a90c90b04:ZhiDa]]\n"",""stream"":""stdout"",""time"":""2025-06-06T09:23:06.927434084Z""}"
2025-06-06T09:23:07.21154388Z,1674984187211543880,33.33.33.155,ts-order-other-service-6cdbf9b4cc-h7mqk,server,ac435900684a80062a633f542ccbe936,423c38c368652255,"{""log"":""17:23:07.211 WARN  o.s.OrderOtherServiceImpl#72 TraceID: ac435900684a80062a633f542ccbe936 SpanID: 423c38c368652255 [getSoldTickets][Seat][No content][seat from date: 2023-01-29 15:38:06, train number: Z1234\n"",""stream"":""stdout"",""time"":""2025-06-06T09:23:07.21154388Z""}"
2025-06-06T09:23:07.210395206Z,1674984187210395206,33.33.33.155,ts-order-other-service-6cdbf9b4cc-h7mqk,server,ac435900684a80062a633f542ccbe936,423c38c368652255,"{""log"":""17:23:07.209 INFO  o.c.OrderOtherController#42 TraceID: ac435900684a80062a633f542ccbe936 SpanID: 423c38c368652255 [getSoldTickets][Get Sold Ticket][Travel Date: 2023-01-29 15:38:06]\n"",""stream"":""stdout"",""time"":""2025-06-06T09:23:07.210395206Z""}"
2025-06-06T09:23:06.944436083Z,1674984186944436083,33.33.33.155,ts-order-other-service-6cdbf9b4cc-h7mqk,server,ac435900684a80062a633f542ccbe936,4e843aed53a1e25e,"{""log"":""17:23:06.944 WARN  o.s.OrderOtherServiceImpl#72 TraceID: ac435900684a80062a633f542ccbe936 SpanID: 4e843aed53a1e25e [getSoldTickets][Seat][No content][seat from date: 2023-01-29 15:38:06, train number: Z1234\n"",""stream"":""stdout"",""time"":""2025-06-06T09:23:06.944436083Z""}"
2025-06-06T09:23:06.943201357Z,1674984186943201357,33.33.33.155,ts-order-other-service-6cdbf9b4cc-h7mqk,server,ac435900684a80062a633f542ccbe936,4e843aed53a1e25e,"{""log"":""17:23:06.942 INFO  o.c.OrderOtherController#42 TraceID: ac435900684a80062a633f542ccbe936 SpanID: 4e843aed53a1e25e [getSoldTickets][Get Sold Ticket][Travel Date: 2023-01-29 15:38:06]\n"",""stream"":""stdout"",""time"":""2025-06-06T09:23:06.943201357Z""}"
2025-06-06T09:23:07.216783902Z,1674984187216783902,33.33.33.115,ts-config-service-5fcd447d84-wxwjd,server,ac435900684a80062a633f542ccbe936,b9e48125e041e97f,"{""log"":""17:23:07.216 INFO  c.s.ConfigServiceImpl#65 TraceID: ac435900684a80062a633f542ccbe936 SpanID: b9e48125e041e97f [query][Query config success][config name: DirectTicketAllocationProportion]\n"",""stream"":""stdout"",""time"":""2025-06-06T09:23:07.216783902Z""}"
2025-06-06T09:23:07.215909159Z,1674984187215909159,33.33.33.115,ts-config-service-5fcd447d84-wxwjd,server,ac435900684a80062a633f542ccbe936,b9e48125e041e97f,"{""log"":""17:23:07.215 INFO  c.c.ConfigController#67 TraceID: ac435900684a80062a633f542ccbe936 SpanID: b9e48125e041e97f [retrieve][Retrieve config][configName: DirectTicketAllocationProportion]\n"",""stream"":""stdout"",""time"":""2025-06-06T09:23:07.215909159Z""}"
2025-06-06T09:23:06.976865256Z,1674984186976865256,33.33.33.115,ts-config-service-5fcd447d84-wxwjd,server,ac435900684a80062a633f542ccbe936,8e447af15ebef2a1,"{""log"":""17:23:06.976 INFO  c.s.ConfigServiceImpl#65 TraceID: ac435900684a80062a633f542ccbe936 SpanID: 8e447af15ebef2a1 [query][Query config success][config name: DirectTicketAllocationProportion]\n"",""stream"":""stdout"",""time"":""2025-06-06T09:23:06.976865256Z""}"
2025-06-06T09:23:06.976122352Z,1674984186976122352,33.33.33.115,ts-config-service-5fcd447d84-wxwjd,server,ac435900684a80062a633f542ccbe936,8e447af15ebef2a1,"{""log"":""17:23:06.975 INFO  c.c.ConfigController#67 TraceID: ac435900684a80062a633f542ccbe936 SpanID: 8e447af15ebef2a1 [retrieve][Retrieve config][configName: DirectTicketAllocationProportion]\n"",""stream"":""stdout"",""time"":""2025-06-06T09:23:06.976122352Z""}"
2025-06-06T09:23:06.931330951Z,1674984186931330951,33.33.33.76,ts-basic-service-5dc8d4f9fd-46997,server,ac435900684a80062a633f542ccbe936,ea7f1416c6ce0205,"{""log"":""17:23:06.931 INFO  f.m.s.BasicServiceImpl#320 TraceID: ac435900684a80062a633f542ccbe936 SpanID: ea7f1416c6ce0205 [queryForTravels][all done][result map: {Z1234=TravelResult(status=true, percent=1.0, trainType=TrainType(id=e24bb484-516a-4aad-b37f-517e7139e913, name=ZhiDa, economyClass=2147483647, confortClass=2147483647, averageSpeed=120), route=Route(id=0b23bd3e-876a-4af3-b920-c50a90c90b04, stations=[shanghai, nanjing, shijiazhuang, taiyuan], distances=[0, 350, 1000, 1300], startStation=shanghai, endStation=taiyuan), prices={confortClass=350.0, economyClass=122.49999999999999})}]\n"",""stream"":""stdout"",""time"":""2025-06-06T09:23:06.931330951Z""}"
2025-06-06T09:23:06.93117237Z,1674984186931172370,33.33.33.76,ts-basic-service-5dc8d4f9fd-46997,server,ac435900684a80062a633f542ccbe936,ea7f1416c6ce0205,"{""log"":""17:23:06.930 INFO  f.m.s.BasicServiceImpl#481 TraceID: ac435900684a80062a633f542ccbe936 SpanID: ea7f1416c6ce0205 [queryPriceConfigByRouteIdsAndTrainTypes][Get Price Config by routeId and trainType][Success][priceConfigs: {0b23bd3e-876a-4af3-b920-c50a90c90b04:ZhiDa={id=b90a6ad7-ffad-4624-9655-48e9e185fa6c, trainType=ZhiDa, routeId=0b23bd3e-876a-4af3-b920-c50a90c90b04, basicPriceRate=0.35, firstClassPriceRate=1.0}}]\n"",""stream"":""stdout"",""time"":""2025-06-06T09:23:06.93117237Z""}"
2025-06-06T09:23:06.924057336Z,1674984186924057336,33.33.33.76,ts-basic-service-5dc8d4f9fd-46997,server,ac435900684a80062a633f542ccbe936,ea7f1416c6ce0205,"{""log"":""17:23:06.923 INFO  f.m.s.BasicServiceImpl#459 TraceID: ac435900684a80062a633f542ccbe936 SpanID: ea7f1416c6ce0205 [queryPriceConfigByRouteIdsAndTrainTypes][Query For Price Config][RouteId and TrainType: [0b23bd3e-876a-4af3-b920-c50a90c90b04:ZhiDa]]\n"",""stream"":""stdout"",""time"":""2025-06-06T09:23:06.924057336Z""}"
2025-06-06T09:23:06.92361262Z,1674984186923612620,33.33.33.76,ts-basic-service-5dc8d4f9fd-46997,server,ac435900684a80062a633f542ccbe936,ea7f1416c6ce0205,"{""log"":""17:23:06.923 ERROR  f.m.s.BasicServiceImpl#415 TraceID: ac435900684a80062a633f542ccbe936 SpanID: ea7f1416c6ce0205 [getRoutesByRouteIds][Get Route By Ids Failed]\n"",""stream"":""stdout"",""time"":""2025-06-06T09:23:06.92361262Z""}"
2025-06-06T09:23:06.906095069Z,1674984186906095069,33.33.33.76,ts-basic-service-5dc8d4f9fd-46997,server,ac435900684a80062a633f542ccbe936,ea7f1416c6ce0205,"{""log"":""17:23:06.905 INFO  f.m.s.BasicServiceImpl#405 TraceID: ac435900684a80062a633f542ccbe936 SpanID: ea7f1416c6ce0205 [getRoutesByRouteIds][Get Route By Ids][Route IDs: [d693a2c5-ef87-4a3c-bef8-600b43f62c68, 1367db1f-461e-4ab7-87ad-2bcc05fd9cb7, 9fc9c261-3263-4bfa-82f8-bb44e06b2f52, 20eb7122-3a11-423f-b10a-be0dc5bce7db, 0b23bd3e-876a-4af3-b920-c50a90c90b04]]\n"",""stream"":""stdout"",""time"":""2025-06-06T09:23:06.906095069Z""}"
2025-06-06T09:23:06.897576089Z,1674984186897576089,33.33.33.76,ts-basic-service-5dc8d4f9fd-46997,server,ac435900684a80062a633f542ccbe936,ea7f1416c6ce0205,"{""log"":""17:23:06.897 INFO  f.m.s.BasicServiceImpl#374 TraceID: ac435900684a80062a633f542ccbe936 SpanID: ea7f1416c6ce0205 [queryTrainTypeByNames][Query Train Type][Train Type names: [TeKuai, ZhiDa, KuaiSu]]\n"",""stream"":""stdout"",""time"":""2025-06-06T09:23:06.897576089Z""}"
2025-06-06T09:23:06.892993783Z,1674984186892993783,33.33.33.76,ts-basic-service-5dc8d4f9fd-46997,server,ac435900684a80062a633f542ccbe936,ea7f1416c6ce0205,"{""log"":""17:23:06.892 INFO  f.m.s.BasicServiceImpl#343 TraceID: ac435900684a80062a633f542ccbe936 SpanID: ea7f1416c6ce0205 [checkStationsExists][Check Stations Exists][stationNames: [nanjing, shanghai]]\n"",""stream"":""stdout"",""time"":""2025-06-06T09:23:06.892993783Z""}"
2025-06-06T09:23:06.892852743Z,1674984186892852743,33.33.33.76,ts-basic-service-5dc8d4f9fd-46997,server,ac435900684a80062a633f542ccbe936,ea7f1416c6ce0205,"{""log"":""17:23:06.892 INFO  f.m.c.BasicController#45 TraceID: ac435900684a80062a633f542ccbe936 SpanID: ea7f1416c6ce0205 [queryForTravels][Query for travels][Travels: [Travel(trip=Trip(id=8a533bf9-bd12-4608-a8eb-606890982448, tripId=Z1234, trainTypeName=ZhiDa, routeId=0b23bd3e-876a-4af3-b920-c50a90c90b04, startStationName=shanghai, stationsName=nanjing, terminalStationName=beijing, startTime=2013-05-04 09:51:52, endTime=2013-05-04 15:51:52), startPlace=shanghai, endPlace=nanjing, departureTime=2023-01-29 15:38:06), Travel(trip=Trip(id=5c63588e-ad31-4ded-98ac-f4a1a78a36b2, tripId=Z1235, trainTypeName=ZhiDa, routeId=9fc9c261-3263-4bfa-82f8-bb44e06b2f52, startStationName=shanghai, stationsName=nanjing, terminalStationName=beijing, startTime=2013-05-04 11:31:52, endTime=2013-05-04 17:51:52), startPlace=shanghai, endPlace=nanjing, departureTime=2023-01-29 15:38:06), Travel(trip=Trip(id=e1367946-9ecd-4ee6-acbf-8b705e8df59d, tripId=Z1236, trainTypeName=ZhiDa, routeId=d693a2c5-ef87-4a3c-bef8-600b43f62c68, startStationName=shanghai, stationsName=nanjing, terminalStationName=beijing, startTime=2013-05-04 7:05:52, endTime=2013-05-04 12:51:52), startPlace=shanghai, endPlace=nanjing, departureTime=2023-01-29 15:38:06), Travel(trip=Trip(id=502d2768-8480-47fc-91fd-f647267dfac6, tripId=T1235, trainTypeName=TeKuai, routeId=20eb7122-3a11-423f-b10a-be0dc5bce7db, startStationName=shanghai, stationsName=nanjing, terminalStationName=beijing, startTime=2013-05-04 08:31:52, endTime=2013-05-04 17:21:52), startPlace=shanghai, endPlace=nanjing, departureTime=2023-01-29 15:38:06), Travel(trip=Trip(id=a3c9545b-1889-4ea1-9015-b9af1896bc01, tripId=K1345, trainTypeName=KuaiSu, routeId=1367db1f-461e-4ab7-87ad-2bcc05fd9cb7, startStationName=shanghai, stationsName=nanjing, terminalStationName=beijing, startTime=2013-05-04 07:51:52, endTime=2013-05-04 19:59:52), startPlace=shanghai, endPlace=nanjing, departureTime=2023-01-29 15:38:06)]]\n"",""stream"":""stdout"",""time"":""2025-06-06T09:23:06.892852743Z""}"
2025-06-06T09:23:00.385041133Z,1674984180385041133,33.33.33.167,ts-travel2-service-5c66d57d58-6mp2b,server,d39d90106b2c4d845609d7db543986b9,8ed6be0155d57aad,"{""log"":""17:23:00.384 INFO  t.s.TravelServiceImpl#372 TraceID: d39d90106b2c4d845609d7db543986b9 SpanID: 8ed6be0155d57aad [getTickets][Calculate distance][calculate time：650  time: Sat May 04 17:55:52 CST 2013]\n"",""stream"":""stdout"",""time"":""2025-06-06T09:23:00.385041133Z""}"
2025-06-06T09:23:00.384888325Z,1674984180384888325,33.33.33.167,ts-travel2-service-5c66d57d58-6mp2b,server,d39d90106b2c4d845609d7db543986b9,8ed6be0155d57aad,"{""log"":""17:23:00.384 INFO  t.s.TravelServiceImpl#366 TraceID: d39d90106b2c4d845609d7db543986b9 SpanID: 8ed6be0155d57aad [getTickets][Calculate distance][calculate time：475  time: Sat May 04 15:00:52 CST 2013]\n"",""stream"":""stdout"",""time"":""2025-06-06T09:23:00.384888325Z""}"
2025-06-06T09:23:00.384682415Z,1674984180384682415,33.33.33.167,ts-travel2-service-5c66d57d58-6mp2b,server,d39d90106b2c4d845609d7db543986b9,8ed6be0155d57aad,"{""log"":""17:23:00.384 INFO  t.s.TravelServiceImpl#469 TraceID: d39d90106b2c4d845609d7db543986b9 SpanID: 8ed6be0155d57aad [getRestTicketNumber][Get Rest tickets num][num is: Response(status=1, msg=Get Left Ticket of Internal Success, data=1073741823)]\n"",""stream"":""stdout"",""time"":""2025-06-06T09:23:00.384682415Z""}"
2025-06-06T09:23:00.367180972Z,1674984180367180972,33.33.33.167,ts-travel2-service-5c66d57d58-6mp2b,server,d39d90106b2c4d845609d7db543986b9,8ed6be0155d57aad,"{""log"":""17:23:00.366 INFO  t.s.TravelServiceImpl#459 TraceID: d39d90106b2c4d845609d7db543986b9 SpanID: 8ed6be0155d57aad [getRestTicketNumber][Seat request][request: Seat(travelDate=2023-01-29 15:38:06, trainNumber=Z1236, startStation=nanjing, destStation=shanghai, seatType=3, totalNum=2147483647, stations=[taiyuan, shijiazhuang, nanjing, shanghai])]\n"",""stream"":""stdout"",""time"":""2025-06-06T09:23:00.367180972Z""}"
2025-06-06T09:23:00.367100284Z,1674984180367100284,33.33.33.167,ts-travel2-service-5c66d57d58-6mp2b,server,d39d90106b2c4d845609d7db543986b9,8ed6be0155d57aad,"{""log"":""17:23:00.366 INFO  t.s.TravelServiceImpl#469 TraceID: d39d90106b2c4d845609d7db543986b9 SpanID: 8ed6be0155d57aad [getRestTicketNumber][Get Rest tickets num][num is: Response(status=1, msg=Get Left Ticket of Internal Success, data=1073741823)]\n"",""stream"":""stdout"",""time"":""2025-06-06T09:23:00.367100284Z""}"
2025-06-06T09:23:00.31605649Z,1674984180316056490,33.33.33.167,ts-travel2-service-5c66d57d58-6mp2b,server,d39d90106b2c4d845609d7db543986b9,8ed6be0155d57aad,"{""log"":""17:23:00.315 INFO  t.s.TravelServiceImpl#459 TraceID: d39d90106b2c4d845609d7db543986b9 SpanID: 8ed6be0155d57aad [getRestTicketNumber][Seat request][request: Seat(travelDate=2023-01-29 15:38:06, trainNumber=Z1236, startStation=nanjing, destStation=shanghai, seatType=2, totalNum=2147483647, stations=[taiyuan, shijiazhuang, nanjing, shanghai])]\n"",""stream"":""stdout"",""time"":""2025-06-06T09:23:00.31605649Z""}"
2025-06-06T09:23:00.268473168Z,1674984180268473168,33.33.33.167,ts-travel2-service-5c66d57d58-6mp2b,server,d39d90106b2c4d845609d7db543986b9,8ed6be0155d57aad,"{""log"":""17:23:00.268 INFO  t.s.TravelServiceImpl#260 TraceID: d39d90106b2c4d845609d7db543986b9 SpanID: 8ed6be0155d57aad [getTicketsByBatch][before get basic][trips: [Trip(id=8a533bf9-bd12-4608-a8eb-606890982448, tripId=Z1234, trainTypeName=ZhiDa, routeId=0b23bd3e-876a-4af3-b920-c50a90c90b04, startStationName=shanghai, stationsName=nanjing, terminalStationName=beijing, startTime=2013-05-04 09:51:52, endTime=2013-05-04 15:51:52), Trip(id=5c63588e-ad31-4ded-98ac-f4a1a78a36b2, tripId=Z1235, trainTypeName=ZhiDa, routeId=9fc9c261-3263-4bfa-82f8-bb44e06b2f52, startStationName=shanghai, stationsName=nanjing, terminalStationName=beijing, startTime=2013-05-04 11:31:52, endTime=2013-05-04 17:51:52), Trip(id=e1367946-9ecd-4ee6-acbf-8b705e8df59d, tripId=Z1236, trainTypeName=ZhiDa, routeId=d693a2c5-ef87-4a3c-bef8-600b43f62c68, startStationName=shanghai, stationsName=nanjing, terminalStationName=beijing, startTime=2013-05-04 7:05:52, endTime=2013-05-04 12:51:52), Trip(id=502d2768-8480-47fc-91fd-f647267dfac6, tripId=T1235, trainTypeName=TeKuai, routeId=20eb7122-3a11-423f-b10a-be0dc5bce7db, startStationName=shanghai, stationsName=nanjing, terminalStationName=beijing, startTime=2013-05-04 08:31:52, endTime=2013-05-04 17:21:52), Trip(id=a3c9545b-1889-4ea1-9015-b9af1896bc01, tripId=K1345, trainTypeName=KuaiSu, routeId=1367db1f-461e-4ab7-87ad-2bcc05fd9cb7, startStationName=shanghai, stationsName=nanjing, terminalStationName=beijing, startTime=2013-05-04 07:51:52, endTime=2013-05-04 19:59:52)]]\n"",""stream"":""stdout"",""time"":""2025-06-06T09:23:00.268473168Z""}"
2025-06-06T09:23:00.264282464Z,1674984180264282464,33.33.33.167,ts-travel2-service-5c66d57d58-6mp2b,server,d39d90106b2c4d845609d7db543986b9,8ed6be0155d57aad,"{""log"":""17:23:00.263 INFO  t.c.Travel2Controller#115 TraceID: d39d90106b2c4d845609d7db543986b9 SpanID: 8ed6be0155d57aad [query][Query TripResponse]\n"",""stream"":""stdout"",""time"":""2025-06-06T09:23:00.264282464Z""}"
2025-06-06T09:23:00.280576747Z,1674984180280576747,33.33.33.79,ts-train-service-86f5f97bc9-dkqmf,server,d39d90106b2c4d845609d7db543986b9,db75c2c73697f1da,"{""log"":""17:23:00.279 INFO  t.c.TrainController#72 TraceID: d39d90106b2c4d845609d7db543986b9 SpanID: db75c2c73697f1da [retrieveByNames][Retrieve train][TrainTypeNames: [TeKuai, ZhiDa, KuaiSu]]\n"",""stream"":""stdout"",""time"":""2025-06-06T09:23:00.280576747Z""}"
2025-06-06T09:23:00.273861427Z,1674984180273861427,33.33.33.76,ts-station-service-7f4f5f6f77-5qb6j,server,d39d90106b2c4d845609d7db543986b9,722173b5eacf2ba7,"{""log"":""17:23:00.273 INFO  f.m.c.StationController#71 TraceID: d39d90106b2c4d845609d7db543986b9 SpanID: 722173b5eacf2ba7 [queryForIdBatch][Query stations for id batch][StationNameNumbers: 2]\n"",""stream"":""stdout"",""time"":""2025-06-06T09:23:00.273861427Z""}"
2025-06-06T09:23:00.383187569Z,1674984180383187569,33.33.33.82,ts-seat-service-5c95b49cff-tdsdz,server,d39d90106b2c4d845609d7db543986b9,d4e00fc335677b48,"{""log"":""17:23:00.382 INFO  s.s.SeatServiceImpl#217 TraceID: d39d90106b2c4d845609d7db543986b9 SpanID: d4e00fc335677b48 [getDirectProportion][Configs is : Config(name=DirectTicketAllocationProportion, value=0.5, description=Allocation Proportion Of The Direct Ticket - From Start To End)]\n"",""stream"":""stdout"",""time"":""2025-06-06T09:23:00.383187569Z""}"
2025-06-06T09:23:00.376953109Z,1674984180376953109,33.33.33.82,ts-seat-service-5c95b49cff-tdsdz,server,d39d90106b2c4d845609d7db543986b9,d4e00fc335677b48,"{""log"":""17:23:00.376 INFO  s.s.SeatServiceImpl#166 TraceID: d39d90106b2c4d845609d7db543986b9 SpanID: d4e00fc335677b48 [getLeftTicketOfInterval][Get Order tickets result][result is \u003c200,Response(status=0, msg=Seat is Null., data=null),[vary:\""Origin,Access-Control-Request-Method,Access-Control-Request-Headers\"", x-content-type-options:\""nosniff\"", x-xss-protection:\""1; mode=block\"", cache-control:\""no-cache, no-store, max-age=0, must-revalidate\"", pragma:\""no-cache\"", expires:\""0\"", x-frame-options:\""DENY\"", content-type:\""application/json\"", date:\""Sun, 29 Jan 2023 09:23:00 GMT\"", x-envoy-upstream-service-time:\""3\"", server:\""envoy\"", transfer-encoding:\""chunked\""]\u003e]\n"",""stream"":""stdout"",""time"":""2025-06-06T09:23:00.376953109Z""}"
2025-06-06T09:23:00.371212563Z,1674984180371212563,33.33.33.82,ts-seat-service-5c95b49cff-tdsdz,server,d39d90106b2c4d845609d7db543986b9,d4e00fc335677b48,"{""log"":""17:23:00.370 INFO  s.s.SeatServiceImpl#154 TraceID: d39d90106b2c4d845609d7db543986b9 SpanID: d4e00fc335677b48 [getLeftTicketOfInterval][TrainNumber start with other capital][trainNumber:Z1236]\n"",""stream"":""stdout"",""time"":""2025-06-06T09:23:00.371212563Z""}"
2025-06-06T09:23:00.37083906Z,1674984180370839060,33.33.33.82,ts-seat-service-5c95b49cff-tdsdz,server,d39d90106b2c4d845609d7db543986b9,d4e00fc335677b48,"{""log"":""17:23:00.370 INFO  s.s.SeatServiceImpl#137 TraceID: d39d90106b2c4d845609d7db543986b9 SpanID: d4e00fc335677b48 [getLeftTicketOfInterval][Seat request][request:Seat(travelDate=2023-01-29 15:38:06, trainNumber=Z1236, startStation=nanjing, destStation=shanghai, seatType=3, totalNum=2147483647, stations=[taiyuan, shijiazhuang, nanjing, shanghai])]\n"",""stream"":""stdout"",""time"":""2025-06-06T09:23:00.37083906Z""}"
2025-06-06T09:23:00.370479153Z,1674984180370479153,33.33.33.82,ts-seat-service-5c95b49cff-tdsdz,server,d39d90106b2c4d845609d7db543986b9,d4e00fc335677b48,"{""log"":""17:23:00.369 INFO  s.c.SeatController#57 TraceID: d39d90106b2c4d845609d7db543986b9 SpanID: d4e00fc335677b48 [getLeftTicketOfInterval][Get left ticket of interval][TravelDate: 2023-01-29 15:38:06,TrainNumber: Z1236,SeatType: 3]\n"",""stream"":""stdout"",""time"":""2025-06-06T09:23:00.370479153Z""}"
2025-06-06T09:23:00.364732906Z,1674984180364732906,33.33.33.82,ts-seat-service-5c95b49cff-tdsdz,server,d39d90106b2c4d845609d7db543986b9,18610a03d5143547,"{""log"":""17:23:00.363 INFO  s.s.SeatServiceImpl#217 TraceID: d39d90106b2c4d845609d7db543986b9 SpanID: 18610a03d5143547 [getDirectProportion][Configs is : Config(name=DirectTicketAllocationProportion, value=0.5, description=Allocation Proportion Of The Direct Ticket - From Start To End)]\n"",""stream"":""stdout"",""time"":""2025-06-06T09:23:00.364732906Z""}"
2025-06-06T09:23:00.329274441Z,1674984180329274441,33.33.33.82,ts-seat-service-5c95b49cff-tdsdz,server,d39d90106b2c4d845609d7db543986b9,18610a03d5143547,"{""log"":""17:23:00.328 INFO  s.s.SeatServiceImpl#166 TraceID: d39d90106b2c4d845609d7db543986b9 SpanID: 18610a03d5143547 [getLeftTicketOfInterval][Get Order tickets result][result is \u003c200,Response(status=0, msg=Seat is Null., data=null),[vary:\""Origin,Access-Control-Request-Method,Access-Control-Request-Headers\"", x-content-type-options:\""nosniff\"", x-xss-protection:\""1; mode=block\"", cache-control:\""no-cache, no-store, max-age=0, must-revalidate\"", pragma:\""no-cache\"", expires:\""0\"", x-frame-options:\""DENY\"", content-type:\""application/json\"", date:\""Sun, 29 Jan 2023 09:23:00 GMT\"", x-envoy-upstream-service-time:\""4\"", server:\""envoy\"", transfer-encoding:\""chunked\""]\u003e]\n"",""stream"":""stdout"",""time"":""2025-06-06T09:23:00.329274441Z""}"
2025-06-06T09:23:00.321745254Z,1674984180321745254,33.33.33.82,ts-seat-service-5c95b49cff-tdsdz,server,d39d90106b2c4d845609d7db543986b9,18610a03d5143547,"{""log"":""17:23:00.321 INFO  s.s.SeatServiceImpl#154 TraceID: d39d90106b2c4d845609d7db543986b9 SpanID: 18610a03d5143547 [getLeftTicketOfInterval][TrainNumber start with other capital][trainNumber:Z1236]\n"",""stream"":""stdout"",""time"":""2025-06-06T09:23:00.321745254Z""}"
2025-06-06T09:23:00.32136787Z,1674984180321367870,33.33.33.82,ts-seat-service-5c95b49cff-tdsdz,server,d39d90106b2c4d845609d7db543986b9,18610a03d5143547,"{""log"":""17:23:00.320 INFO  s.s.SeatServiceImpl#137 TraceID: d39d90106b2c4d845609d7db543986b9 SpanID: 18610a03d5143547 [getLeftTicketOfInterval][Seat request][request:Seat(travelDate=2023-01-29 15:38:06, trainNumber=Z1236, startStation=nanjing, destStation=shanghai, seatType=2, totalNum=2147483647, stations=[taiyuan, shijiazhuang, nanjing, shanghai])]\n"",""stream"":""stdout"",""time"":""2025-06-06T09:23:00.32136787Z""}"
2025-06-06T09:23:00.320937646Z,1674984180320937646,33.33.33.82,ts-seat-service-5c95b49cff-tdsdz,server,d39d90106b2c4d845609d7db543986b9,18610a03d5143547,"{""log"":""17:23:00.319 INFO  s.c.SeatController#57 TraceID: d39d90106b2c4d845609d7db543986b9 SpanID: 18610a03d5143547 [getLeftTicketOfInterval][Get left ticket of interval][TravelDate: 2023-01-29 15:38:06,TrainNumber: Z1236,SeatType: 2]\n"",""stream"":""stdout"",""time"":""2025-06-06T09:23:00.320937646Z""}"
2025-06-06T09:23:00.289595384Z,1674984180289595384,33.33.33.80,ts-route-service-b6c59fb57-zv8dt,server,d39d90106b2c4d845609d7db543986b9,2ad6867aefd1b41d,"{""log"":""17:23:00.288 INFO  r.c.RouteController#53 TraceID: d39d90106b2c4d845609d7db543986b9 SpanID: 2ad6867aefd1b41d [getRouteById][Query route by id][RouteId: [d693a2c5-ef87-4a3c-bef8-600b43f62c68, 1367db1f-461e-4ab7-87ad-2bcc05fd9cb7, 9fc9c261-3263-4bfa-82f8-bb44e06b2f52, 20eb7122-3a11-423f-b10a-be0dc5bce7db, 0b23bd3e-876a-4af3-b920-c50a90c90b04]]\n"",""stream"":""stdout"",""time"":""2025-06-06T09:23:00.289595384Z""}"
2025-06-06T09:23:00.308935625Z,1674984180308935625,33.33.33.79,ts-price-service-76846864d9-g465z,server,d39d90106b2c4d845609d7db543986b9,e189a8c60fbbd8d8,"{""log"":""17:23:00.308 INFO  p.c.PriceController#46 TraceID: d39d90106b2c4d845609d7db543986b9 SpanID: e189a8c60fbbd8d8 [findByRouteIdAndTrainType][Query price][routeId and Train Type: [d693a2c5-ef87-4a3c-bef8-600b43f62c68:ZhiDa]]\n"",""stream"":""stdout"",""time"":""2025-06-06T09:23:00.308935625Z""}"
2025-06-06T09:23:00.37478765Z,1674984180374787650,33.33.33.155,ts-order-other-service-6cdbf9b4cc-h7mqk,server,d39d90106b2c4d845609d7db543986b9,84cd1ddab5791c4e,"{""log"":""17:23:00.374 WARN  o.s.OrderOtherServiceImpl#72 TraceID: d39d90106b2c4d845609d7db543986b9 SpanID: 84cd1ddab5791c4e [getSoldTickets][Seat][No content][seat from date: 2023-01-29 15:38:06, train number: Z1236\n"",""stream"":""stdout"",""time"":""2025-06-06T09:23:00.37478765Z""}"
2025-06-06T09:23:00.373587451Z,1674984180373587451,33.33.33.155,ts-order-other-service-6cdbf9b4cc-h7mqk,server,d39d90106b2c4d845609d7db543986b9,84cd1ddab5791c4e,"{""log"":""17:23:00.373 INFO  o.c.OrderOtherController#42 TraceID: d39d90106b2c4d845609d7db543986b9 SpanID: 84cd1ddab5791c4e [getSoldTickets][Get Sold Ticket][Travel Date: 2023-01-29 15:38:06]\n"",""stream"":""stdout"",""time"":""2025-06-06T09:23:00.373587451Z""}"
2025-06-06T09:23:00.326761509Z,1674984180326761509,33.33.33.155,ts-order-other-service-6cdbf9b4cc-h7mqk,server,d39d90106b2c4d845609d7db543986b9,d884909962086e38,"{""log"":""17:23:00.326 WARN  o.s.OrderOtherServiceImpl#72 TraceID: d39d90106b2c4d845609d7db543986b9 SpanID: d884909962086e38 [getSoldTickets][Seat][No content][seat from date: 2023-01-29 15:38:06, train number: Z1236\n"",""stream"":""stdout"",""time"":""2025-06-06T09:23:00.326761509Z""}"
2025-06-06T09:23:00.325286972Z,1674984180325286972,33.33.33.155,ts-order-other-service-6cdbf9b4cc-h7mqk,server,d39d90106b2c4d845609d7db543986b9,d884909962086e38,"{""log"":""17:23:00.324 INFO  o.c.OrderOtherController#42 TraceID: d39d90106b2c4d845609d7db543986b9 SpanID: d884909962086e38 [getSoldTickets][Get Sold Ticket][Travel Date: 2023-01-29 15:38:06]\n"",""stream"":""stdout"",""time"":""2025-06-06T09:23:00.325286972Z""}"
2025-06-06T09:23:00.380905632Z,1674984180380905632,33.33.33.115,ts-config-service-5fcd447d84-wxwjd,server,d39d90106b2c4d845609d7db543986b9,3e544a9acba1d5ed,"{""log"":""17:23:00.380 INFO  c.s.ConfigServiceImpl#65 TraceID: d39d90106b2c4d845609d7db543986b9 SpanID: 3e544a9acba1d5ed [query][Query config success][config name: DirectTicketAllocationProportion]\n"",""stream"":""stdout"",""time"":""2025-06-06T09:23:00.380905632Z""}"
2025-06-06T09:23:00.379897752Z,1674984180379897752,33.33.33.115,ts-config-service-5fcd447d84-wxwjd,server,d39d90106b2c4d845609d7db543986b9,3e544a9acba1d5ed,"{""log"":""17:23:00.379 INFO  c.c.ConfigController#67 TraceID: d39d90106b2c4d845609d7db543986b9 SpanID: 3e544a9acba1d5ed [retrieve][Retrieve config][configName: DirectTicketAllocationProportion]\n"",""stream"":""stdout"",""time"":""2025-06-06T09:23:00.379897752Z""}"
2025-06-06T09:23:00.333313675Z,1674984180333313675,33.33.33.115,ts-config-service-5fcd447d84-wxwjd,server,d39d90106b2c4d845609d7db543986b9,73732f8bad33b669,"{""log"":""17:23:00.332 INFO  c.s.ConfigServiceImpl#65 TraceID: d39d90106b2c4d845609d7db543986b9 SpanID: 73732f8bad33b669 [query][Query config success][config name: DirectTicketAllocationProportion]\n"",""stream"":""stdout"",""time"":""2025-06-06T09:23:00.333313675Z""}"
2025-06-06T09:23:00.332081379Z,1674984180332081379,33.33.33.115,ts-config-service-5fcd447d84-wxwjd,server,d39d90106b2c4d845609d7db543986b9,73732f8bad33b669,"{""log"":""17:23:00.331 INFO  c.c.ConfigController#67 TraceID: d39d90106b2c4d845609d7db543986b9 SpanID: 73732f8bad33b669 [retrieve][Retrieve config][configName: DirectTicketAllocationProportion]\n"",""stream"":""stdout"",""time"":""2025-06-06T09:23:00.332081379Z""}"
2025-06-06T09:23:00.313751133Z,1674984180313751133,33.33.33.76,ts-basic-service-5dc8d4f9fd-46997,server,d39d90106b2c4d845609d7db543986b9,d269decac15c2bf7,"{""log"":""17:23:00.313 INFO  f.m.s.BasicServiceImpl#320 TraceID: d39d90106b2c4d845609d7db543986b9 SpanID: d269decac15c2bf7 [queryForTravels][all done][result map: {Z1236=TravelResult(status=true, percent=1.0, trainType=TrainType(id=e24bb484-516a-4aad-b37f-517e7139e913, name=ZhiDa, economyClass=2147483647, confortClass=2147483647, averageSpeed=120), route=Route(id=d693a2c5-ef87-4a3c-bef8-600b43f62c68, stations=[taiyuan, shijiazhuang, nanjing, shanghai], distances=[0, 300, 950, 1300], startStation=taiyuan, endStation=shanghai), prices={confortClass=350.0, economyClass=112.0})}]\n"",""stream"":""stdout"",""time"":""2025-06-06T09:23:00.313751133Z""}"
2025-06-06T09:23:00.313639153Z,1674984180313639153,33.33.33.76,ts-basic-service-5dc8d4f9fd-46997,server,d39d90106b2c4d845609d7db543986b9,d269decac15c2bf7,"{""log"":""17:23:00.313 INFO  f.m.s.BasicServiceImpl#481 TraceID: d39d90106b2c4d845609d7db543986b9 SpanID: d269decac15c2bf7 [queryPriceConfigByRouteIdsAndTrainTypes][Get Price Config by routeId and trainType][Success][priceConfigs: {d693a2c5-ef87-4a3c-bef8-600b43f62c68:ZhiDa={id=8b059dc5-01a2-4f8f-8f94-6c886b38bb34, trainType=ZhiDa, routeId=d693a2c5-ef87-4a3c-bef8-600b43f62c68, basicPriceRate=0.32, firstClassPriceRate=1.0}}]\n"",""stream"":""stdout"",""time"":""2025-06-06T09:23:00.313639153Z""}"
2025-06-06T09:23:00.305077717Z,1674984180305077717,33.33.33.76,ts-basic-service-5dc8d4f9fd-46997,server,d39d90106b2c4d845609d7db543986b9,d269decac15c2bf7,"{""log"":""17:23:00.304 INFO  f.m.s.BasicServiceImpl#459 TraceID: d39d90106b2c4d845609d7db543986b9 SpanID: d269decac15c2bf7 [queryPriceConfigByRouteIdsAndTrainTypes][Query For Price Config][RouteId and TrainType: [d693a2c5-ef87-4a3c-bef8-600b43f62c68:ZhiDa]]\n"",""stream"":""stdout"",""time"":""2025-06-06T09:23:00.305077717Z""}"
2025-06-06T09:23:00.304647867Z,1674984180304647867,33.33.33.76,ts-basic-service-5dc8d4f9fd-46997,server,d39d90106b2c4d845609d7db543986b9,d269decac15c2bf7,"{""log"":""17:23:00.304 ERROR  f.m.s.BasicServiceImpl#415 TraceID: d39d90106b2c4d845609d7db543986b9 SpanID: d269decac15c2bf7 [getRoutesByRouteIds][Get Route By Ids Failed]\n"",""stream"":""stdout"",""time"":""2025-06-06T09:23:00.304647867Z""}"
2025-06-06T09:23:00.284887874Z,1674984180284887874,33.33.33.76,ts-basic-service-5dc8d4f9fd-46997,server,d39d90106b2c4d845609d7db543986b9,d269decac15c2bf7,"{""log"":""17:23:00.284 INFO  f.m.s.BasicServiceImpl#405 TraceID: d39d90106b2c4d845609d7db543986b9 SpanID: d269decac15c2bf7 [getRoutesByRouteIds][Get Route By Ids][Route IDs: [d693a2c5-ef87-4a3c-bef8-600b43f62c68, 1367db1f-461e-4ab7-87ad-2bcc05fd9cb7, 9fc9c261-3263-4bfa-82f8-bb44e06b2f52, 20eb7122-3a11-423f-b10a-be0dc5bce7db, 0b23bd3e-876a-4af3-b920-c50a90c90b04]]\n"",""stream"":""stdout"",""time"":""2025-06-06T09:23:00.284887874Z""}"
2025-06-06T09:23:00.276611481Z,1674984180276611481,33.33.33.76,ts-basic-service-5dc8d4f9fd-46997,server,d39d90106b2c4d845609d7db543986b9,d269decac15c2bf7,"{""log"":""17:23:00.276 INFO  f.m.s.BasicServiceImpl#374 TraceID: d39d90106b2c4d845609d7db543986b9 SpanID: d269decac15c2bf7 [queryTrainTypeByNames][Query Train Type][Train Type names: [TeKuai, ZhiDa, KuaiSu]]\n"",""stream"":""stdout"",""time"":""2025-06-06T09:23:00.276611481Z""}"
2025-06-06T09:23:00.271515345Z,1674984180271515345,33.33.33.76,ts-basic-service-5dc8d4f9fd-46997,server,d39d90106b2c4d845609d7db543986b9,d269decac15c2bf7,"{""log"":""17:23:00.271 INFO  f.m.s.BasicServiceImpl#343 TraceID: d39d90106b2c4d845609d7db543986b9 SpanID: d269decac15c2bf7 [checkStationsExists][Check Stations Exists][stationNames: [nanjing, shanghai]]\n"",""stream"":""stdout"",""time"":""2025-06-06T09:23:00.271515345Z""}"
2025-06-06T09:23:00.271398638Z,1674984180271398638,33.33.33.76,ts-basic-service-5dc8d4f9fd-46997,server,d39d90106b2c4d845609d7db543986b9,d269decac15c2bf7,"{""log"":""17:23:00.270 INFO  f.m.c.BasicController#45 TraceID: d39d90106b2c4d845609d7db543986b9 SpanID: d269decac15c2bf7 [queryForTravels][Query for travels][Travels: [Travel(trip=Trip(id=8a533bf9-bd12-4608-a8eb-606890982448, tripId=Z1234, trainTypeName=ZhiDa, routeId=0b23bd3e-876a-4af3-b920-c50a90c90b04, startStationName=shanghai, stationsName=nanjing, terminalStationName=beijing, startTime=2013-05-04 09:51:52, endTime=2013-05-04 15:51:52), startPlace=nanjing, endPlace=shanghai, departureTime=2023-01-29 15:38:06), Travel(trip=Trip(id=5c63588e-ad31-4ded-98ac-f4a1a78a36b2, tripId=Z1235, trainTypeName=ZhiDa, routeId=9fc9c261-3263-4bfa-82f8-bb44e06b2f52, startStationName=shanghai, stationsName=nanjing, terminalStationName=beijing, startTime=2013-05-04 11:31:52, endTime=2013-05-04 17:51:52), startPlace=nanjing, endPlace=shanghai, departureTime=2023-01-29 15:38:06), Travel(trip=Trip(id=e1367946-9ecd-4ee6-acbf-8b705e8df59d, tripId=Z1236, trainTypeName=ZhiDa, routeId=d693a2c5-ef87-4a3c-bef8-600b43f62c68, startStationName=shanghai, stationsName=nanjing, terminalStationName=beijing, startTime=2013-05-04 7:05:52, endTime=2013-05-04 12:51:52), startPlace=nanjing, endPlace=shanghai, departureTime=2023-01-29 15:38:06), Travel(trip=Trip(id=502d2768-8480-47fc-91fd-f647267dfac6, tripId=T1235, trainTypeName=TeKuai, routeId=20eb7122-3a11-423f-b10a-be0dc5bce7db, startStationName=shanghai, stationsName=nanjing, terminalStationName=beijing, startTime=2013-05-04 08:31:52, endTime=2013-05-04 17:21:52), startPlace=nanjing, endPlace=shanghai, departureTime=2023-01-29 15:38:06), Travel(trip=Trip(id=a3c9545b-1889-4ea1-9015-b9af1896bc01, tripId=K1345, trainTypeName=KuaiSu, routeId=1367db1f-461e-4ab7-87ad-2bcc05fd9cb7, startStationName=shanghai, stationsName=nanjing, terminalStationName=beijing, startTime=2013-05-04 07:51:52, endTime=2013-05-04 19:59:52), startPlace=nanjing, endPlace=shanghai, departureTime=2023-01-29 15:38:06)]]\n"",""stream"":""stdout"",""time"":""2025-06-06T09:23:00.271398638Z""}"
2025-06-06T09:23:01.110217277Z,1674984181110217277,33.33.33.167,ts-travel2-service-5c66d57d58-6mp2b,server,ef0e4ade25db85eb41ed72fb05cdbe0a,185de4c20a84bd61,"{""log"":""17:23:01.110 INFO  t.s.TravelServiceImpl#372 TraceID: ef0e4ade25db85eb41ed72fb05cdbe0a SpanID: 185de4c20a84bd61 [getTickets][Calculate distance][calculate time：175  time: Sat May 04 12:46:52 CST 2013]\n"",""stream"":""stdout"",""time"":""2025-06-06T09:23:01.110217277Z""}"
2025-06-06T09:23:01.11007493Z,1674984181110074930,33.33.33.167,ts-travel2-service-5c66d57d58-6mp2b,server,ef0e4ade25db85eb41ed72fb05cdbe0a,185de4c20a84bd61,"{""log"":""17:23:01.109 INFO  t.s.TravelServiceImpl#366 TraceID: ef0e4ade25db85eb41ed72fb05cdbe0a SpanID: 185de4c20a84bd61 [getTickets][Calculate distance][calculate time：0  time: Sat May 04 09:51:52 CST 2013]\n"",""stream"":""stdout"",""time"":""2025-06-06T09:23:01.11007493Z""}"
2025-06-06T09:23:01.109894054Z,1674984181109894054,33.33.33.167,ts-travel2-service-5c66d57d58-6mp2b,server,ef0e4ade25db85eb41ed72fb05cdbe0a,185de4c20a84bd61,"{""log"":""17:23:01.109 INFO  t.s.TravelServiceImpl#469 TraceID: ef0e4ade25db85eb41ed72fb05cdbe0a SpanID: 185de4c20a84bd61 [getRestTicketNumber][Get Rest tickets num][num is: Response(status=1, msg=Get Left Ticket of Internal Success, data=1073741823)]\n"",""stream"":""stdout"",""time"":""2025-06-06T09:23:01.109894054Z""}"
2025-06-06T09:23:01.093207352Z,1674984181093207352,33.33.33.167,ts-travel2-service-5c66d57d58-6mp2b,server,ef0e4ade25db85eb41ed72fb05cdbe0a,185de4c20a84bd61,"{""log"":""17:23:01.092 INFO  t.s.TravelServiceImpl#459 TraceID: ef0e4ade25db85eb41ed72fb05cdbe0a SpanID: 185de4c20a84bd61 [getRestTicketNumber][Seat request][request: Seat(travelDate=2023-01-29 15:38:06, trainNumber=Z1234, startStation=shanghai, destStation=nanjing, seatType=3, totalNum=2147483647, stations=[shanghai, nanjing, shijiazhuang, taiyuan])]\n"",""stream"":""stdout"",""time"":""2025-06-06T09:23:01.093207352Z""}"
2025-06-06T09:23:01.093075788Z,1674984181093075788,33.33.33.167,ts-travel2-service-5c66d57d58-6mp2b,server,ef0e4ade25db85eb41ed72fb05cdbe0a,185de4c20a84bd61,"{""log"":""17:23:01.092 INFO  t.s.TravelServiceImpl#469 TraceID: ef0e4ade25db85eb41ed72fb05cdbe0a SpanID: 185de4c20a84bd61 [getRestTicketNumber][Get Rest tickets num][num is: Response(status=1, msg=Get Left Ticket of Internal Success, data=1073741823)]\n"",""stream"":""stdout"",""time"":""2025-06-06T09:23:01.093075788Z""}"
2025-06-06T09:23:01.058469525Z,1674984181058469525,33.33.33.167,ts-travel2-service-5c66d57d58-6mp2b,server,ef0e4ade25db85eb41ed72fb05cdbe0a,185de4c20a84bd61,"{""log"":""17:23:01.057 INFO  t.s.TravelServiceImpl#459 TraceID: ef0e4ade25db85eb41ed72fb05cdbe0a SpanID: 185de4c20a84bd61 [getRestTicketNumber][Seat request][request: Seat(travelDate=2023-01-29 15:38:06, trainNumber=Z1234, startStation=shanghai, destStation=nanjing, seatType=2, totalNum=2147483647, stations=[shanghai, nanjing, shijiazhuang, taiyuan])]\n"",""stream"":""stdout"",""time"":""2025-06-06T09:23:01.058469525Z""}"
2025-06-06T09:23:01.001395994Z,1674984181001395994,33.33.33.167,ts-travel2-service-5c66d57d58-6mp2b,server,ef0e4ade25db85eb41ed72fb05cdbe0a,185de4c20a84bd61,"{""log"":""17:23:01.001 INFO  t.s.TravelServiceImpl#260 TraceID: ef0e4ade25db85eb41ed72fb05cdbe0a SpanID: 185de4c20a84bd61 [getTicketsByBatch][before get basic][trips: [Trip(id=8a533bf9-bd12-4608-a8eb-606890982448, tripId=Z1234, trainTypeName=ZhiDa, routeId=0b23bd3e-876a-4af3-b920-c50a90c90b04, startStationName=shanghai, stationsName=nanjing, terminalStationName=beijing, startTime=2013-05-04 09:51:52, endTime=2013-05-04 15:51:52), Trip(id=5c63588e-ad31-4ded-98ac-f4a1a78a36b2, tripId=Z1235, trainTypeName=ZhiDa, routeId=9fc9c261-3263-4bfa-82f8-bb44e06b2f52, startStationName=shanghai, stationsName=nanjing, terminalStationName=beijing, startTime=2013-05-04 11:31:52, endTime=2013-05-04 17:51:52), Trip(id=e1367946-9ecd-4ee6-acbf-8b705e8df59d, tripId=Z1236, trainTypeName=ZhiDa, routeId=d693a2c5-ef87-4a3c-bef8-600b43f62c68, startStationName=shanghai, stationsName=nanjing, terminalStationName=beijing, startTime=2013-05-04 7:05:52, endTime=2013-05-04 12:51:52), Trip(id=502d2768-8480-47fc-91fd-f647267dfac6, tripId=T1235, trainTypeName=TeKuai, routeId=20eb7122-3a11-423f-b10a-be0dc5bce7db, startStationName=shanghai, stationsName=nanjing, terminalStationName=beijing, startTime=2013-05-04 08:31:52, endTime=2013-05-04 17:21:52), Trip(id=a3c9545b-1889-4ea1-9015-b9af1896bc01, tripId=K1345, trainTypeName=KuaiSu, routeId=1367db1f-461e-4ab7-87ad-2bcc05fd9cb7, startStationName=shanghai, stationsName=nanjing, terminalStationName=beijing, startTime=2013-05-04 07:51:52, endTime=2013-05-04 19:59:52)]]\n"",""stream"":""stdout"",""time"":""2025-06-06T09:23:01.001395994Z""}"
2025-06-06T09:23:00.997091233Z,1674984180997091233,33.33.33.167,ts-travel2-service-5c66d57d58-6mp2b,server,ef0e4ade25db85eb41ed72fb05cdbe0a,185de4c20a84bd61,"{""log"":""17:23:00.996 INFO  t.c.Travel2Controller#115 TraceID: ef0e4ade25db85eb41ed72fb05cdbe0a SpanID: 185de4c20a84bd61 [query][Query TripResponse]\n"",""stream"":""stdout"",""time"":""2025-06-06T09:23:00.997091233Z""}"
2025-06-06T09:23:01.020695693Z,1674984181020695693,33.33.33.79,ts-train-service-86f5f97bc9-dkqmf,server,ef0e4ade25db85eb41ed72fb05cdbe0a,04348ac9403c15ae,"{""log"":""17:23:01.019 INFO  t.c.TrainController#72 TraceID: ef0e4ade25db85eb41ed72fb05cdbe0a SpanID: 04348ac9403c15ae [retrieveByNames][Retrieve train][TrainTypeNames: [TeKuai, ZhiDa, KuaiSu]]\n"",""stream"":""stdout"",""time"":""2025-06-06T09:23:01.020695693Z""}"
2025-06-06T09:23:01.013134511Z,1674984181013134511,33.33.33.76,ts-station-service-7f4f5f6f77-5qb6j,server,ef0e4ade25db85eb41ed72fb05cdbe0a,ccce6c50970c2ba7,"{""log"":""17:23:01.012 INFO  f.m.c.StationController#71 TraceID: ef0e4ade25db85eb41ed72fb05cdbe0a SpanID: ccce6c50970c2ba7 [queryForIdBatch][Query stations for id batch][StationNameNumbers: 2]\n"",""stream"":""stdout"",""time"":""2025-06-06T09:23:01.013134511Z""}"
2025-06-06T09:23:01.108278463Z,1674984181108278463,33.33.33.82,ts-seat-service-5c95b49cff-tdsdz,server,ef0e4ade25db85eb41ed72fb05cdbe0a,07ab73ce1724f335,"{""log"":""17:23:01.107 INFO  s.s.SeatServiceImpl#217 TraceID: ef0e4ade25db85eb41ed72fb05cdbe0a SpanID: 07ab73ce1724f335 [getDirectProportion][Configs is : Config(name=DirectTicketAllocationProportion, value=0.5, description=Allocation Proportion Of The Direct Ticket - From Start To End)]\n"",""stream"":""stdout"",""time"":""2025-06-06T09:23:01.108278463Z""}"
2025-06-06T09:23:01.103054018Z,1674984181103054018,33.33.33.82,ts-seat-service-5c95b49cff-tdsdz,server,ef0e4ade25db85eb41ed72fb05cdbe0a,07ab73ce1724f335,"{""log"":""17:23:01.102 INFO  s.s.SeatServiceImpl#166 TraceID: ef0e4ade25db85eb41ed72fb05cdbe0a SpanID: 07ab73ce1724f335 [getLeftTicketOfInterval][Get Order tickets result][result is \u003c200,Response(status=0, msg=Seat is Null., data=null),[vary:\""Origin,Access-Control-Request-Method,Access-Control-Request-Headers\"", x-content-type-options:\""nosniff\"", x-xss-protection:\""1; mode=block\"", cache-control:\""no-cache, no-store, max-age=0, must-revalidate\"", pragma:\""no-cache\"", expires:\""0\"", x-frame-options:\""DENY\"", content-type:\""application/json\"", date:\""Sun, 29 Jan 2023 09:23:00 GMT\"", x-envoy-upstream-service-time:\""3\"", server:\""envoy\"", transfer-encoding:\""chunked\""]\u003e]\n"",""stream"":""stdout"",""time"":""2025-06-06T09:23:01.103054018Z""}"
2025-06-06T09:23:01.097277753Z,1674984181097277753,33.33.33.82,ts-seat-service-5c95b49cff-tdsdz,server,ef0e4ade25db85eb41ed72fb05cdbe0a,07ab73ce1724f335,"{""log"":""17:23:01.096 INFO  s.s.SeatServiceImpl#154 TraceID: ef0e4ade25db85eb41ed72fb05cdbe0a SpanID: 07ab73ce1724f335 [getLeftTicketOfInterval][TrainNumber start with other capital][trainNumber:Z1234]\n"",""stream"":""stdout"",""time"":""2025-06-06T09:23:01.097277753Z""}"
2025-06-06T09:23:01.096980598Z,1674984181096980598,33.33.33.82,ts-seat-service-5c95b49cff-tdsdz,server,ef0e4ade25db85eb41ed72fb05cdbe0a,07ab73ce1724f335,"{""log"":""17:23:01.096 INFO  s.s.SeatServiceImpl#137 TraceID: ef0e4ade25db85eb41ed72fb05cdbe0a SpanID: 07ab73ce1724f335 [getLeftTicketOfInterval][Seat request][request:Seat(travelDate=2023-01-29 15:38:06, trainNumber=Z1234, startStation=shanghai, destStation=nanjing, seatType=3, totalNum=2147483647, stations=[shanghai, nanjing, shijiazhuang, taiyuan])]\n"",""stream"":""stdout"",""time"":""2025-06-06T09:23:01.096980598Z""}"
2025-06-06T09:23:01.09660654Z,1674984181096606540,33.33.33.82,ts-seat-service-5c95b49cff-tdsdz,server,ef0e4ade25db85eb41ed72fb05cdbe0a,07ab73ce1724f335,"{""log"":""17:23:01.095 INFO  s.c.SeatController#57 TraceID: ef0e4ade25db85eb41ed72fb05cdbe0a SpanID: 07ab73ce1724f335 [getLeftTicketOfInterval][Get left ticket of interval][TravelDate: 2023-01-29 15:38:06,TrainNumber: Z1234,SeatType: 3]\n"",""stream"":""stdout"",""time"":""2025-06-06T09:23:01.09660654Z""}"
2025-06-06T09:23:01.091140286Z,1674984181091140286,33.33.33.82,ts-seat-service-5c95b49cff-tdsdz,server,ef0e4ade25db85eb41ed72fb05cdbe0a,fcaf3fb6c14d045e,"{""log"":""17:23:01.090 INFO  s.s.SeatServiceImpl#217 TraceID: ef0e4ade25db85eb41ed72fb05cdbe0a SpanID: fcaf3fb6c14d045e [getDirectProportion][Configs is : Config(name=DirectTicketAllocationProportion, value=0.5, description=Allocation Proportion Of The Direct Ticket - From Start To End)]\n"",""stream"":""stdout"",""time"":""2025-06-06T09:23:01.091140286Z""}"
2025-06-06T09:23:01.085008074Z,1674984181085008074,33.33.33.82,ts-seat-service-5c95b49cff-tdsdz,server,ef0e4ade25db85eb41ed72fb05cdbe0a,fcaf3fb6c14d045e,"{""log"":""17:23:01.084 INFO  s.s.SeatServiceImpl#166 TraceID: ef0e4ade25db85eb41ed72fb05cdbe0a SpanID: fcaf3fb6c14d045e [getLeftTicketOfInterval][Get Order tickets result][result is \u003c200,Response(status=0, msg=Seat is Null., data=null),[vary:\""Origin,Access-Control-Request-Method,Access-Control-Request-Headers\"", x-content-type-options:\""nosniff\"", x-xss-protection:\""1; mode=block\"", cache-control:\""no-cache, no-store, max-age=0, must-revalidate\"", pragma:\""no-cache\"", expires:\""0\"", x-frame-options:\""DENY\"", content-type:\""application/json\"", date:\""Sun, 29 Jan 2023 09:23:00 GMT\"", x-envoy-upstream-service-time:\""4\"", server:\""envoy\"", transfer-encoding:\""chunked\""]\u003e]\n"",""stream"":""stdout"",""time"":""2025-06-06T09:23:01.085008074Z""}"
2025-06-06T09:23:01.076693752Z,1674984181076693752,33.33.33.82,ts-seat-service-5c95b49cff-tdsdz,server,ef0e4ade25db85eb41ed72fb05cdbe0a,fcaf3fb6c14d045e,"{""log"":""17:23:01.076 INFO  s.s.SeatServiceImpl#154 TraceID: ef0e4ade25db85eb41ed72fb05cdbe0a SpanID: fcaf3fb6c14d045e [getLeftTicketOfInterval][TrainNumber start with other capital][trainNumber:Z1234]\n"",""stream"":""stdout"",""time"":""2025-06-06T09:23:01.076693752Z""}"
2025-06-06T09:23:01.076360419Z,1674984181076360419,33.33.33.82,ts-seat-service-5c95b49cff-tdsdz,server,ef0e4ade25db85eb41ed72fb05cdbe0a,fcaf3fb6c14d045e,"{""log"":""17:23:01.075 INFO  s.s.SeatServiceImpl#137 TraceID: ef0e4ade25db85eb41ed72fb05cdbe0a SpanID: fcaf3fb6c14d045e [getLeftTicketOfInterval][Seat request][request:Seat(travelDate=2023-01-29 15:38:06, trainNumber=Z1234, startStation=shanghai, destStation=nanjing, seatType=2, totalNum=2147483647, stations=[shanghai, nanjing, shijiazhuang, taiyuan])]\n"",""stream"":""stdout"",""time"":""2025-06-06T09:23:01.076360419Z""}"
2025-06-06T09:23:01.075964419Z,1674984181075964419,33.33.33.82,ts-seat-service-5c95b49cff-tdsdz,server,ef0e4ade25db85eb41ed72fb05cdbe0a,fcaf3fb6c14d045e,"{""log"":""17:23:01.075 INFO  s.c.SeatController#57 TraceID: ef0e4ade25db85eb41ed72fb05cdbe0a SpanID: fcaf3fb6c14d045e [getLeftTicketOfInterval][Get left ticket of interval][TravelDate: 2023-01-29 15:38:06,TrainNumber: Z1234,SeatType: 2]\n"",""stream"":""stdout"",""time"":""2025-06-06T09:23:01.075964419Z""}"
2025-06-06T09:23:01.029776195Z,1674984181029776195,33.33.33.80,ts-route-service-b6c59fb57-zv8dt,server,ef0e4ade25db85eb41ed72fb05cdbe0a,c831be1fb6b9c608,"{""log"":""17:23:01.028 INFO  r.c.RouteController#53 TraceID: ef0e4ade25db85eb41ed72fb05cdbe0a SpanID: c831be1fb6b9c608 [getRouteById][Query route by id][RouteId: [d693a2c5-ef87-4a3c-bef8-600b43f62c68, 1367db1f-461e-4ab7-87ad-2bcc05fd9cb7, 9fc9c261-3263-4bfa-82f8-bb44e06b2f52, 20eb7122-3a11-423f-b10a-be0dc5bce7db, 0b23bd3e-876a-4af3-b920-c50a90c90b04]]\n"",""stream"":""stdout"",""time"":""2025-06-06T09:23:01.029776195Z""}"
2025-06-06T09:23:01.051591915Z,1674984181051591915,33.33.33.79,ts-price-service-76846864d9-g465z,server,ef0e4ade25db85eb41ed72fb05cdbe0a,08d6033f73a04557,"{""log"":""17:23:01.050 INFO  p.c.PriceController#46 TraceID: ef0e4ade25db85eb41ed72fb05cdbe0a SpanID: 08d6033f73a04557 [findByRouteIdAndTrainType][Query price][routeId and Train Type: [0b23bd3e-876a-4af3-b920-c50a90c90b04:ZhiDa]]\n"",""stream"":""stdout"",""time"":""2025-06-06T09:23:01.051591915Z""}"
2025-06-06T09:23:01.100838985Z,1674984181100838985,33.33.33.155,ts-order-other-service-6cdbf9b4cc-h7mqk,server,ef0e4ade25db85eb41ed72fb05cdbe0a,d6e5c5fc691e0305,"{""log"":""17:23:01.100 WARN  o.s.OrderOtherServiceImpl#72 TraceID: ef0e4ade25db85eb41ed72fb05cdbe0a SpanID: d6e5c5fc691e0305 [getSoldTickets][Seat][No content][seat from date: 2023-01-29 15:38:06, train number: Z1234\n"",""stream"":""stdout"",""time"":""2025-06-06T09:23:01.100838985Z""}"
2025-06-06T09:23:01.09975306Z,1674984181099753060,33.33.33.155,ts-order-other-service-6cdbf9b4cc-h7mqk,server,ef0e4ade25db85eb41ed72fb05cdbe0a,d6e5c5fc691e0305,"{""log"":""17:23:01.099 INFO  o.c.OrderOtherController#42 TraceID: ef0e4ade25db85eb41ed72fb05cdbe0a SpanID: d6e5c5fc691e0305 [getSoldTickets][Get Sold Ticket][Travel Date: 2023-01-29 15:38:06]\n"",""stream"":""stdout"",""time"":""2025-06-06T09:23:01.09975306Z""}"
2025-06-06T09:23:01.082344487Z,1674984181082344487,33.33.33.155,ts-order-other-service-6cdbf9b4cc-h7mqk,server,ef0e4ade25db85eb41ed72fb05cdbe0a,99ae825d8c6de35d,"{""log"":""17:23:01.082 WARN  o.s.OrderOtherServiceImpl#72 TraceID: ef0e4ade25db85eb41ed72fb05cdbe0a SpanID: 99ae825d8c6de35d [getSoldTickets][Seat][No content][seat from date: 2023-01-29 15:38:06, train number: Z1234\n"",""stream"":""stdout"",""time"":""2025-06-06T09:23:01.082344487Z""}"
2025-06-06T09:23:01.080918857Z,1674984181080918857,33.33.33.155,ts-order-other-service-6cdbf9b4cc-h7mqk,server,ef0e4ade25db85eb41ed72fb05cdbe0a,99ae825d8c6de35d,"{""log"":""17:23:01.080 INFO  o.c.OrderOtherController#42 TraceID: ef0e4ade25db85eb41ed72fb05cdbe0a SpanID: 99ae825d8c6de35d [getSoldTickets][Get Sold Ticket][Travel Date: 2023-01-29 15:38:06]\n"",""stream"":""stdout"",""time"":""2025-06-06T09:23:01.080918857Z""}"
2025-06-06T09:23:01.105809962Z,1674984181105809962,33.33.33.115,ts-config-service-5fcd447d84-wxwjd,server,ef0e4ade25db85eb41ed72fb05cdbe0a,d0a0459c1f4aa24a,"{""log"":""17:23:01.105 INFO  c.s.ConfigServiceImpl#65 TraceID: ef0e4ade25db85eb41ed72fb05cdbe0a SpanID: d0a0459c1f4aa24a [query][Query config success][config name: DirectTicketAllocationProportion]\n"",""stream"":""stdout"",""time"":""2025-06-06T09:23:01.105809962Z""}"
2025-06-06T09:23:01.105015574Z,1674984181105015574,33.33.33.115,ts-config-service-5fcd447d84-wxwjd,server,ef0e4ade25db85eb41ed72fb05cdbe0a,d0a0459c1f4aa24a,"{""log"":""17:23:01.104 INFO  c.c.ConfigController#67 TraceID: ef0e4ade25db85eb41ed72fb05cdbe0a SpanID: d0a0459c1f4aa24a [retrieve][Retrieve config][configName: DirectTicketAllocationProportion]\n"",""stream"":""stdout"",""time"":""2025-06-06T09:23:01.105015574Z""}"
2025-06-06T09:23:01.088799522Z,1674984181088799522,33.33.33.115,ts-config-service-5fcd447d84-wxwjd,server,ef0e4ade25db85eb41ed72fb05cdbe0a,5890fd26ec7c31bd,"{""log"":""17:23:01.088 INFO  c.s.ConfigServiceImpl#65 TraceID: ef0e4ade25db85eb41ed72fb05cdbe0a SpanID: 5890fd26ec7c31bd [query][Query config success][config name: DirectTicketAllocationProportion]\n"",""stream"":""stdout"",""time"":""2025-06-06T09:23:01.088799522Z""}"
2025-06-06T09:23:01.087778854Z,1674984181087778854,33.33.33.115,ts-config-service-5fcd447d84-wxwjd,server,ef0e4ade25db85eb41ed72fb05cdbe0a,5890fd26ec7c31bd,"{""log"":""17:23:01.087 INFO  c.c.ConfigController#67 TraceID: ef0e4ade25db85eb41ed72fb05cdbe0a SpanID: 5890fd26ec7c31bd [retrieve][Retrieve config][configName: DirectTicketAllocationProportion]\n"",""stream"":""stdout"",""time"":""2025-06-06T09:23:01.087778854Z""}"
2025-06-06T09:23:01.0558912Z,1674984181055891200,33.33.33.76,ts-basic-service-5dc8d4f9fd-46997,server,ef0e4ade25db85eb41ed72fb05cdbe0a,53f0093d6dc46dba,"{""log"":""17:23:01.055 INFO  f.m.s.BasicServiceImpl#320 TraceID: ef0e4ade25db85eb41ed72fb05cdbe0a SpanID: 53f0093d6dc46dba [queryForTravels][all done][result map: {Z1234=TravelResult(status=true, percent=1.0, trainType=TrainType(id=e24bb484-516a-4aad-b37f-517e7139e913, name=ZhiDa, economyClass=2147483647, confortClass=2147483647, averageSpeed=120), route=Route(id=0b23bd3e-876a-4af3-b920-c50a90c90b04, stations=[shanghai, nanjing, shijiazhuang, taiyuan], distances=[0, 350, 1000, 1300], startStation=shanghai, endStation=taiyuan), prices={confortClass=350.0, economyClass=122.49999999999999})}]\n"",""stream"":""stdout"",""time"":""2025-06-06T09:23:01.0558912Z""}"
2025-06-06T09:23:01.055672549Z,1674984181055672549,33.33.33.76,ts-basic-service-5dc8d4f9fd-46997,server,ef0e4ade25db85eb41ed72fb05cdbe0a,53f0093d6dc46dba,"{""log"":""17:23:01.055 INFO  f.m.s.BasicServiceImpl#481 TraceID: ef0e4ade25db85eb41ed72fb05cdbe0a SpanID: 53f0093d6dc46dba [queryPriceConfigByRouteIdsAndTrainTypes][Get Price Config by routeId and trainType][Success][priceConfigs: {0b23bd3e-876a-4af3-b920-c50a90c90b04:ZhiDa={id=b90a6ad7-ffad-4624-9655-48e9e185fa6c, trainType=ZhiDa, routeId=0b23bd3e-876a-4af3-b920-c50a90c90b04, basicPriceRate=0.35, firstClassPriceRate=1.0}}]\n"",""stream"":""stdout"",""time"":""2025-06-06T09:23:01.055672549Z""}"
2025-06-06T09:23:01.045324101Z,1674984181045324101,33.33.33.76,ts-basic-service-5dc8d4f9fd-46997,server,ef0e4ade25db85eb41ed72fb05cdbe0a,53f0093d6dc46dba,"{""log"":""17:23:01.045 INFO  f.m.s.BasicServiceImpl#459 TraceID: ef0e4ade25db85eb41ed72fb05cdbe0a SpanID: 53f0093d6dc46dba [queryPriceConfigByRouteIdsAndTrainTypes][Query For Price Config][RouteId and TrainType: [0b23bd3e-876a-4af3-b920-c50a90c90b04:ZhiDa]]\n"",""stream"":""stdout"",""time"":""2025-06-06T09:23:01.045324101Z""}"
2025-06-06T09:23:01.044826699Z,1674984181044826699,33.33.33.76,ts-basic-service-5dc8d4f9fd-46997,server,ef0e4ade25db85eb41ed72fb05cdbe0a,53f0093d6dc46dba,"{""log"":""17:23:01.044 ERROR  f.m.s.BasicServiceImpl#415 TraceID: ef0e4ade25db85eb41ed72fb05cdbe0a SpanID: 53f0093d6dc46dba [getRoutesByRouteIds][Get Route By Ids Failed]\n"",""stream"":""stdout"",""time"":""2025-06-06T09:23:01.044826699Z""}"
2025-06-06T09:23:01.024515723Z,1674984181024515723,33.33.33.76,ts-basic-service-5dc8d4f9fd-46997,server,ef0e4ade25db85eb41ed72fb05cdbe0a,53f0093d6dc46dba,"{""log"":""17:23:01.024 INFO  f.m.s.BasicServiceImpl#405 TraceID: ef0e4ade25db85eb41ed72fb05cdbe0a SpanID: 53f0093d6dc46dba [getRoutesByRouteIds][Get Route By Ids][Route IDs: [d693a2c5-ef87-4a3c-bef8-600b43f62c68, 1367db1f-461e-4ab7-87ad-2bcc05fd9cb7, 9fc9c261-3263-4bfa-82f8-bb44e06b2f52, 20eb7122-3a11-423f-b10a-be0dc5bce7db, 0b23bd3e-876a-4af3-b920-c50a90c90b04]]\n"",""stream"":""stdout"",""time"":""2025-06-06T09:23:01.024515723Z""}"
2025-06-06T09:23:01.015780782Z,1674984181015780782,33.33.33.76,ts-basic-service-5dc8d4f9fd-46997,server,ef0e4ade25db85eb41ed72fb05cdbe0a,53f0093d6dc46dba,"{""log"":""17:23:01.015 INFO  f.m.s.BasicServiceImpl#374 TraceID: ef0e4ade25db85eb41ed72fb05cdbe0a SpanID: 53f0093d6dc46dba [queryTrainTypeByNames][Query Train Type][Train Type names: [TeKuai, ZhiDa, KuaiSu]]\n"",""stream"":""stdout"",""time"":""2025-06-06T09:23:01.015780782Z""}"
2025-06-06T09:23:01.010273368Z,1674984181010273368,33.33.33.76,ts-basic-service-5dc8d4f9fd-46997,server,ef0e4ade25db85eb41ed72fb05cdbe0a,53f0093d6dc46dba,"{""log"":""17:23:01.010 INFO  f.m.s.BasicServiceImpl#343 TraceID: ef0e4ade25db85eb41ed72fb05cdbe0a SpanID: 53f0093d6dc46dba [checkStationsExists][Check Stations Exists][stationNames: [nanjing, shanghai]]\n"",""stream"":""stdout"",""time"":""2025-06-06T09:23:01.010273368Z""}"
2025-06-06T09:23:01.010180488Z,1674984181010180488,33.33.33.76,ts-basic-service-5dc8d4f9fd-46997,server,ef0e4ade25db85eb41ed72fb05cdbe0a,53f0093d6dc46dba,"{""log"":""17:23:01.009 INFO  f.m.c.BasicController#45 TraceID: ef0e4ade25db85eb41ed72fb05cdbe0a SpanID: 53f0093d6dc46dba [queryForTravels][Query for travels][Travels: [Travel(trip=Trip(id=8a533bf9-bd12-4608-a8eb-606890982448, tripId=Z1234, trainTypeName=ZhiDa, routeId=0b23bd3e-876a-4af3-b920-c50a90c90b04, startStationName=shanghai, stationsName=nanjing, terminalStationName=beijing, startTime=2013-05-04 09:51:52, endTime=2013-05-04 15:51:52), startPlace=shanghai, endPlace=nanjing, departureTime=2023-01-29 15:38:06), Travel(trip=Trip(id=5c63588e-ad31-4ded-98ac-f4a1a78a36b2, tripId=Z1235, trainTypeName=ZhiDa, routeId=9fc9c261-3263-4bfa-82f8-bb44e06b2f52, startStationName=shanghai, stationsName=nanjing, terminalStationName=beijing, startTime=2013-05-04 11:31:52, endTime=2013-05-04 17:51:52), startPlace=shanghai, endPlace=nanjing, departureTime=2023-01-29 15:38:06), Travel(trip=Trip(id=e1367946-9ecd-4ee6-acbf-8b705e8df59d, tripId=Z1236, trainTypeName=ZhiDa, routeId=d693a2c5-ef87-4a3c-bef8-600b43f62c68, startStationName=shanghai, stationsName=nanjing, terminalStationName=beijing, startTime=2013-05-04 7:05:52, endTime=2013-05-04 12:51:52), startPlace=shanghai, endPlace=nanjing, departureTime=2023-01-29 15:38:06), Travel(trip=Trip(id=502d2768-8480-47fc-91fd-f647267dfac6, tripId=T1235, trainTypeName=TeKuai, routeId=20eb7122-3a11-423f-b10a-be0dc5bce7db, startStationName=shanghai, stationsName=nanjing, terminalStationName=beijing, startTime=2013-05-04 08:31:52, endTime=2013-05-04 17:21:52), startPlace=shanghai, endPlace=nanjing, departureTime=2023-01-29 15:38:06), Travel(trip=Trip(id=a3c9545b-1889-4ea1-9015-b9af1896bc01, tripId=K1345, trainTypeName=KuaiSu, routeId=1367db1f-461e-4ab7-87ad-2bcc05fd9cb7, startStationName=shanghai, stationsName=nanjing, terminalStationName=beijing, startTime=2013-05-04 07:51:52, endTime=2013-05-04 19:59:52), startPlace=shanghai, endPlace=nanjing, departureTime=2023-01-29 15:38:06)]]\n"",""stream"":""stdout"",""time"":""2025-06-06T09:23:01.010180488Z""}"
2025-06-06T09:22:12.407707782Z,1674984132407707782,33.33.33.116,ts-travel-service-64469b5b48-25zj6,server,0dffdd5fd2662529b226bbbc6cb36de7,8ccbce7735ce0d27,"{""log"":""17:22:12.407 INFO  t.s.TravelServiceImpl#457 TraceID: 0dffdd5fd2662529b226bbbc6cb36de7 SpanID: 8ccbce7735ce0d27 [getTickets][Calculate distance][calculate time：60  time: Sat May 04 10:00:00 CST 2013]\n"",""stream"":""stdout"",""time"":""2025-06-06T09:22:12.407707782Z""}"
2025-06-06T09:22:12.407574409Z,1674984132407574409,33.33.33.116,ts-travel-service-64469b5b48-25zj6,server,0dffdd5fd2662529b226bbbc6cb36de7,8ccbce7735ce0d27,"{""log"":""17:22:12.407 INFO  t.s.TravelServiceImpl#451 TraceID: 0dffdd5fd2662529b226bbbc6cb36de7 SpanID: 8ccbce7735ce0d27 [getTickets][Calculate distance][calculate time：48  time: Sat May 04 09:48:00 CST 2013]\n"",""stream"":""stdout"",""time"":""2025-06-06T09:22:12.407574409Z""}"
2025-06-06T09:22:12.407434337Z,1674984132407434337,33.33.33.116,ts-travel-service-64469b5b48-25zj6,server,0dffdd5fd2662529b226bbbc6cb36de7,8ccbce7735ce0d27,"{""log"":""17:22:12.407 INFO  t.s.TravelServiceImpl#558 TraceID: 0dffdd5fd2662529b226bbbc6cb36de7 SpanID: 8ccbce7735ce0d27 [getRestTicketNumber][Get Rest tickets num][num is: Response(status=1, msg=Get Left Ticket of Internal Success, data=1073741823)]\n"",""stream"":""stdout"",""time"":""2025-06-06T09:22:12.407434337Z""}"
2025-06-06T09:22:12.393544523Z,1674984132393544523,33.33.33.116,ts-travel-service-64469b5b48-25zj6,server,0dffdd5fd2662529b226bbbc6cb36de7,8ccbce7735ce0d27,"{""log"":""17:22:12.393 INFO  t.s.TravelServiceImpl#548 TraceID: 0dffdd5fd2662529b226bbbc6cb36de7 SpanID: 8ccbce7735ce0d27 [getRestTicketNumber][Seat request][request: Seat(travelDate=2023-01-29 15:38:06, trainNumber=G1234, startStation=suzhou, destStation=shanghai, seatType=3, totalNum=2147483647, stations=[nanjing, zhenjiang, wuxi, suzhou, shanghai])]\n"",""stream"":""stdout"",""time"":""2025-06-06T09:22:12.393544523Z""}"
2025-06-06T09:22:12.39342606Z,1674984132393426060,33.33.33.116,ts-travel-service-64469b5b48-25zj6,server,0dffdd5fd2662529b226bbbc6cb36de7,8ccbce7735ce0d27,"{""log"":""17:22:12.393 INFO  t.s.TravelServiceImpl#558 TraceID: 0dffdd5fd2662529b226bbbc6cb36de7 SpanID: 8ccbce7735ce0d27 [getRestTicketNumber][Get Rest tickets num][num is: Response(status=1, msg=Get Left Ticket of Internal Success, data=1073741823)]\n"",""stream"":""stdout"",""time"":""2025-06-06T09:22:12.39342606Z""}"
2025-06-06T09:22:12.365528788Z,1674984132365528788,33.33.33.116,ts-travel-service-64469b5b48-25zj6,server,0dffdd5fd2662529b226bbbc6cb36de7,8ccbce7735ce0d27,"{""log"":""17:22:12.365 INFO  t.s.TravelServiceImpl#548 TraceID: 0dffdd5fd2662529b226bbbc6cb36de7 SpanID: 8ccbce7735ce0d27 [getRestTicketNumber][Seat request][request: Seat(travelDate=2023-01-29 15:38:06, trainNumber=G1234, startStation=suzhou, destStation=shanghai, seatType=2, totalNum=2147483647, stations=[nanjing, zhenjiang, wuxi, suzhou, shanghai])]\n"",""stream"":""stdout"",""time"":""2025-06-06T09:22:12.365528788Z""}"
2025-06-06T09:22:12.36539132Z,1674984132365391320,33.33.33.116,ts-travel-service-64469b5b48-25zj6,server,0dffdd5fd2662529b226bbbc6cb36de7,8ccbce7735ce0d27,"{""log"":""17:22:12.365 INFO  t.s.TravelServiceImpl#457 TraceID: 0dffdd5fd2662529b226bbbc6cb36de7 SpanID: 8ccbce7735ce0d27 [getTickets][Calculate distance][calculate time：60  time: Sat May 04 15:00:00 CST 2013]\n"",""stream"":""stdout"",""time"":""2025-06-06T09:22:12.36539132Z""}"
2025-06-06T09:22:12.365254266Z,1674984132365254266,33.33.33.116,ts-travel-service-64469b5b48-25zj6,server,0dffdd5fd2662529b226bbbc6cb36de7,8ccbce7735ce0d27,"{""log"":""17:22:12.365 INFO  t.s.TravelServiceImpl#451 TraceID: 0dffdd5fd2662529b226bbbc6cb36de7 SpanID: 8ccbce7735ce0d27 [getTickets][Calculate distance][calculate time：48  time: Sat May 04 14:48:00 CST 2013]\n"",""stream"":""stdout"",""time"":""2025-06-06T09:22:12.365254266Z""}"
2025-06-06T09:22:12.365076696Z,1674984132365076696,33.33.33.116,ts-travel-service-64469b5b48-25zj6,server,0dffdd5fd2662529b226bbbc6cb36de7,8ccbce7735ce0d27,"{""log"":""17:22:12.364 INFO  t.s.TravelServiceImpl#558 TraceID: 0dffdd5fd2662529b226bbbc6cb36de7 SpanID: 8ccbce7735ce0d27 [getRestTicketNumber][Get Rest tickets num][num is: Response(status=1, msg=Get Left Ticket of Internal Success, data=1073741823)]\n"",""stream"":""stdout"",""time"":""2025-06-06T09:22:12.365076696Z""}"
2025-06-06T09:22:12.350471111Z,1674984132350471111,33.33.33.116,ts-travel-service-64469b5b48-25zj6,server,0dffdd5fd2662529b226bbbc6cb36de7,8ccbce7735ce0d27,"{""log"":""17:22:12.350 INFO  t.s.TravelServiceImpl#548 TraceID: 0dffdd5fd2662529b226bbbc6cb36de7 SpanID: 8ccbce7735ce0d27 [getRestTicketNumber][Seat request][request: Seat(travelDate=2023-01-29 15:38:06, trainNumber=G1236, startStation=suzhou, destStation=shanghai, seatType=3, totalNum=2147483647, stations=[nanjing, suzhou, shanghai])]\n"",""stream"":""stdout"",""time"":""2025-06-06T09:22:12.350471111Z""}"
2025-06-06T09:22:12.350351143Z,1674984132350351143,33.33.33.116,ts-travel-service-64469b5b48-25zj6,server,0dffdd5fd2662529b226bbbc6cb36de7,8ccbce7735ce0d27,"{""log"":""17:22:12.349 INFO  t.s.TravelServiceImpl#558 TraceID: 0dffdd5fd2662529b226bbbc6cb36de7 SpanID: 8ccbce7735ce0d27 [getRestTicketNumber][Get Rest tickets num][num is: Response(status=1, msg=Get Left Ticket of Internal Success, data=1073741823)]\n"",""stream"":""stdout"",""time"":""2025-06-06T09:22:12.350351143Z""}"
2025-06-06T09:22:12.111370084Z,1674984132111370084,33.33.33.116,ts-travel-service-64469b5b48-25zj6,server,0dffdd5fd2662529b226bbbc6cb36de7,8ccbce7735ce0d27,"{""log"":""17:22:12.111 INFO  t.s.TravelServiceImpl#548 TraceID: 0dffdd5fd2662529b226bbbc6cb36de7 SpanID: 8ccbce7735ce0d27 [getRestTicketNumber][Seat request][request: Seat(travelDate=2023-01-29 15:38:06, trainNumber=G1236, startStation=suzhou, destStation=shanghai, seatType=2, totalNum=2147483647, stations=[nanjing, suzhou, shanghai])]\n"",""stream"":""stdout"",""time"":""2025-06-06T09:22:12.111370084Z""}"
2025-06-06T09:22:12.111237245Z,1674984132111237245,33.33.33.116,ts-travel-service-64469b5b48-25zj6,server,0dffdd5fd2662529b226bbbc6cb36de7,8ccbce7735ce0d27,"{""log"":""17:22:12.111 INFO  t.s.TravelServiceImpl#457 TraceID: 0dffdd5fd2662529b226bbbc6cb36de7 SpanID: 8ccbce7735ce0d27 [getTickets][Calculate distance][calculate time：15  time: Sat May 04 08:15:00 CST 2013]\n"",""stream"":""stdout"",""time"":""2025-06-06T09:22:12.111237245Z""}"
2025-06-06T09:22:12.111083097Z,1674984132111083097,33.33.33.116,ts-travel-service-64469b5b48-25zj6,server,0dffdd5fd2662529b226bbbc6cb36de7,8ccbce7735ce0d27,"{""log"":""17:22:12.110 INFO  t.s.TravelServiceImpl#451 TraceID: 0dffdd5fd2662529b226bbbc6cb36de7 SpanID: 8ccbce7735ce0d27 [getTickets][Calculate distance][calculate time：0  time: Sat May 04 08:00:00 CST 2013]\n"",""stream"":""stdout"",""time"":""2025-06-06T09:22:12.111083097Z""}"
2025-06-06T09:22:12.110841285Z,1674984132110841285,33.33.33.116,ts-travel-service-64469b5b48-25zj6,server,0dffdd5fd2662529b226bbbc6cb36de7,8ccbce7735ce0d27,"{""log"":""17:22:12.110 INFO  t.s.TravelServiceImpl#558 TraceID: 0dffdd5fd2662529b226bbbc6cb36de7 SpanID: 8ccbce7735ce0d27 [getRestTicketNumber][Get Rest tickets num][num is: Response(status=1, msg=Get Left Ticket of Internal Success, data=1073741823)]\n"",""stream"":""stdout"",""time"":""2025-06-06T09:22:12.110841285Z""}"
2025-06-06T09:22:12.095455702Z,1674984132095455702,33.33.33.116,ts-travel-service-64469b5b48-25zj6,server,0dffdd5fd2662529b226bbbc6cb36de7,8ccbce7735ce0d27,"{""log"":""17:22:12.095 INFO  t.s.TravelServiceImpl#548 TraceID: 0dffdd5fd2662529b226bbbc6cb36de7 SpanID: 8ccbce7735ce0d27 [getRestTicketNumber][Seat request][request: Seat(travelDate=2023-01-29 15:38:06, trainNumber=G1237, startStation=suzhou, destStation=shanghai, seatType=3, totalNum=2147483647, stations=[suzhou, shanghai])]\n"",""stream"":""stdout"",""time"":""2025-06-06T09:22:12.095455702Z""}"
2025-06-06T09:22:12.095252436Z,1674984132095252436,33.33.33.116,ts-travel-service-64469b5b48-25zj6,server,0dffdd5fd2662529b226bbbc6cb36de7,8ccbce7735ce0d27,"{""log"":""17:22:12.094 INFO  t.s.TravelServiceImpl#558 TraceID: 0dffdd5fd2662529b226bbbc6cb36de7 SpanID: 8ccbce7735ce0d27 [getRestTicketNumber][Get Rest tickets num][num is: Response(status=1, msg=Get Left Ticket of Internal Success, data=1073741823)]\n"",""stream"":""stdout"",""time"":""2025-06-06T09:22:12.095252436Z""}"
2025-06-06T09:22:12.035291781Z,1674984132035291781,33.33.33.116,ts-travel-service-64469b5b48-25zj6,server,0dffdd5fd2662529b226bbbc6cb36de7,8ccbce7735ce0d27,"{""log"":""17:22:12.034 INFO  t.s.TravelServiceImpl#548 TraceID: 0dffdd5fd2662529b226bbbc6cb36de7 SpanID: 8ccbce7735ce0d27 [getRestTicketNumber][Seat request][request: Seat(travelDate=2023-01-29 15:38:06, trainNumber=G1237, startStation=suzhou, destStation=shanghai, seatType=2, totalNum=2147483647, stations=[suzhou, shanghai])]\n"",""stream"":""stdout"",""time"":""2025-06-06T09:22:12.035291781Z""}"
2025-06-06T09:22:11.976854613Z,1674984131976854613,33.33.33.116,ts-travel-service-64469b5b48-25zj6,server,0dffdd5fd2662529b226bbbc6cb36de7,8ccbce7735ce0d27,"{""log"":""17:22:11.976 INFO  t.s.TravelServiceImpl#343 TraceID: 0dffdd5fd2662529b226bbbc6cb36de7 SpanID: 8ccbce7735ce0d27 [getTicketsByBatch][before get basic][trips: [Trip(id=015fd636-861e-4714-9347-2efbb1a98f37, tripId=G1234, trainTypeName=GaoTieOne, routeId=92708982-77af-4318-be25-57ccb0ff69ad, startStationName=shanghai, stationsName=suzhou, terminalStationName=taiyuan, startTime=2013-05-04 09:00:00, endTime=2013-05-04 15:51:52), Trip(id=38893061-3fd2-4ac4-bbc9-f0d727f83d6f, tripId=G1235, trainTypeName=GaoTieOne, routeId=aefcef3f-3f42-46e8-afd7-6cb2a928bd3d, startStationName=shanghai, stationsName=suzhou, terminalStationName=taiyuan, startTime=2013-05-04 12:00:00, endTime=2013-05-04 17:51:52), Trip(id=cfcf2553-3371-42c5-b583-a3c4bb8ef505, tripId=G1236, trainTypeName=GaoTieOne, routeId=a3f256c1-0e43-4f7d-9c21-121bf258101f, startStationName=shanghai, stationsName=suzhou, terminalStationName=taiyuan, startTime=2013-05-04 14:00:00, endTime=2013-05-04 20:51:52), Trip(id=a71c2e28-22c2-4b7f-90cf-715a7f4b35b4, tripId=G1237, trainTypeName=GaoTieTwo, routeId=084837bb-53c8-4438-87c8-0321a4d09917, startStationName=shanghai, stationsName=suzhou, terminalStationName=taiyuan, startTime=2013-05-04 08:00:00, endTime=2013-05-04 17:21:52), Trip(id=465eec52-1bc7-4d8b-8c38-e8f210bb3a77, tripId=D1345, trainTypeName=DongCheOne, routeId=f3d4d4ef-693b-4456-8eed-59c0d717dd08, startStationName=shanghai, stationsName=suzhou, terminalStationName=taiyuan, startTime=2013-05-04 07:00:00, endTime=2013-05-04 19:59:52)]]\n"",""stream"":""stdout"",""time"":""2025-06-06T09:22:11.976854613Z""}"
2025-06-06T09:22:11.976681228Z,1674984131976681228,33.33.33.116,ts-travel-service-64469b5b48-25zj6,server,0dffdd5fd2662529b226bbbc6cb36de7,8ccbce7735ce0d27,"{""log"":""17:22:11.976 INFO  t.s.TravelServiceImpl#487 TraceID: 0dffdd5fd2662529b226bbbc6cb36de7 SpanID: 8ccbce7735ce0d27 [departrue date][y: 2023][m:0][d: 29]\n"",""stream"":""stdout"",""time"":""2025-06-06T09:22:11.976681228Z""}"
2025-06-06T09:22:11.976544667Z,1674984131976544667,33.33.33.116,ts-travel-service-64469b5b48-25zj6,server,0dffdd5fd2662529b226bbbc6cb36de7,8ccbce7735ce0d27,"{""log"":""17:22:11.976 INFO  t.s.TravelServiceImpl#486 TraceID: 0dffdd5fd2662529b226bbbc6cb36de7 SpanID: 8ccbce7735ce0d27 [today date][y: 2023][m:0][d: 29]\n"",""stream"":""stdout"",""time"":""2025-06-06T09:22:11.976544667Z""}"
2025-06-06T09:22:11.973937541Z,1674984131973937541,33.33.33.116,ts-travel-service-64469b5b48-25zj6,server,0dffdd5fd2662529b226bbbc6cb36de7,8ccbce7735ce0d27,"{""log"":""17:22:11.973 INFO  t.c.TravelController#122 TraceID: 0dffdd5fd2662529b226bbbc6cb36de7 SpanID: 8ccbce7735ce0d27 [query][Query TripResponse]\n"",""stream"":""stdout"",""time"":""2025-06-06T09:22:11.973937541Z""}"
2025-06-06T09:22:11.999385449Z,1674984131999385449,33.33.33.79,ts-train-service-86f5f97bc9-dkqmf,server,0dffdd5fd2662529b226bbbc6cb36de7,03921882db13ccef,"{""log"":""17:22:11.998 INFO  t.c.TrainController#72 TraceID: 0dffdd5fd2662529b226bbbc6cb36de7 SpanID: 03921882db13ccef [retrieveByNames][Retrieve train][TrainTypeNames: [DongCheOne, GaoTieOne, GaoTieTwo]]\n"",""stream"":""stdout"",""time"":""2025-06-06T09:22:11.999385449Z""}"
2025-06-06T09:22:11.982144363Z,1674984131982144363,33.33.33.76,ts-station-service-7f4f5f6f77-5qb6j,server,0dffdd5fd2662529b226bbbc6cb36de7,3d856da7b3b23fa8,"{""log"":""17:22:11.981 INFO  f.m.c.StationController#71 TraceID: 0dffdd5fd2662529b226bbbc6cb36de7 SpanID: 3d856da7b3b23fa8 [queryForIdBatch][Query stations for id batch][StationNameNumbers: 2]\n"",""stream"":""stdout"",""time"":""2025-06-06T09:22:11.982144363Z""}"
2025-06-06T09:22:12.40606714Z,1674984132406067140,33.33.33.82,ts-seat-service-5c95b49cff-tdsdz,server,0dffdd5fd2662529b226bbbc6cb36de7,e9dbc27ef8d8e870,"{""log"":""17:22:12.405 INFO  s.s.SeatServiceImpl#217 TraceID: 0dffdd5fd2662529b226bbbc6cb36de7 SpanID: e9dbc27ef8d8e870 [getDirectProportion][Configs is : Config(name=DirectTicketAllocationProportion, value=0.5, description=Allocation Proportion Of The Direct Ticket - From Start To End)]\n"",""stream"":""stdout"",""time"":""2025-06-06T09:22:12.40606714Z""}"
2025-06-06T09:22:12.40191426Z,1674984132401914260,33.33.33.82,ts-seat-service-5c95b49cff-tdsdz,server,0dffdd5fd2662529b226bbbc6cb36de7,e9dbc27ef8d8e870,"{""log"":""17:22:12.401 INFO  s.s.SeatServiceImpl#151 TraceID: 0dffdd5fd2662529b226bbbc6cb36de7 SpanID: e9dbc27ef8d8e870 [getLeftTicketOfInterval][Get Order tickets result][result is \u003c200,Response(status=0, msg=Order is Null., data=null),[vary:\""Origin,Access-Control-Request-Method,Access-Control-Request-Headers\"", x-content-type-options:\""nosniff\"", x-xss-protection:\""1; mode=block\"", cache-control:\""no-cache, no-store, max-age=0, must-revalidate\"", pragma:\""no-cache\"", expires:\""0\"", x-frame-options:\""DENY\"", content-type:\""application/json\"", date:\""Sun, 29 Jan 2023 09:22:12 GMT\"", x-envoy-upstream-service-time:\""3\"", server:\""envoy\"", transfer-encoding:\""chunked\""]\u003e]\n"",""stream"":""stdout"",""time"":""2025-06-06T09:22:12.40191426Z""}"
2025-06-06T09:22:12.396758051Z,1674984132396758051,33.33.33.82,ts-seat-service-5c95b49cff-tdsdz,server,0dffdd5fd2662529b226bbbc6cb36de7,e9dbc27ef8d8e870,"{""log"":""17:22:12.396 INFO  s.s.SeatServiceImpl#139 TraceID: 0dffdd5fd2662529b226bbbc6cb36de7 SpanID: e9dbc27ef8d8e870 [getLeftTicketOfInterval][TrainNumber start with G|D][trainNumber:G1234]\n"",""stream"":""stdout"",""time"":""2025-06-06T09:22:12.396758051Z""}"
2025-06-06T09:22:12.396435867Z,1674984132396435867,33.33.33.82,ts-seat-service-5c95b49cff-tdsdz,server,0dffdd5fd2662529b226bbbc6cb36de7,e9dbc27ef8d8e870,"{""log"":""17:22:12.395 INFO  s.s.SeatServiceImpl#137 TraceID: 0dffdd5fd2662529b226bbbc6cb36de7 SpanID: e9dbc27ef8d8e870 [getLeftTicketOfInterval][Seat request][request:Seat(travelDate=2023-01-29 15:38:06, trainNumber=G1234, startStation=suzhou, destStation=shanghai, seatType=3, totalNum=2147483647, stations=[nanjing, zhenjiang, wuxi, suzhou, shanghai])]\n"",""stream"":""stdout"",""time"":""2025-06-06T09:22:12.396435867Z""}"
2025-06-06T09:22:12.396017537Z,1674984132396017537,33.33.33.82,ts-seat-service-5c95b49cff-tdsdz,server,0dffdd5fd2662529b226bbbc6cb36de7,e9dbc27ef8d8e870,"{""log"":""17:22:12.395 INFO  s.c.SeatController#57 TraceID: 0dffdd5fd2662529b226bbbc6cb36de7 SpanID: e9dbc27ef8d8e870 [getLeftTicketOfInterval][Get left ticket of interval][TravelDate: 2023-01-29 15:38:06,TrainNumber: G1234,SeatType: 3]\n"",""stream"":""stdout"",""time"":""2025-06-06T09:22:12.396017537Z""}"
2025-06-06T09:22:12.392017148Z,1674984132392017148,33.33.33.82,ts-seat-service-5c95b49cff-tdsdz,server,0dffdd5fd2662529b226bbbc6cb36de7,f1237bf1a2354cca,"{""log"":""17:22:12.391 INFO  s.s.SeatServiceImpl#217 TraceID: 0dffdd5fd2662529b226bbbc6cb36de7 SpanID: f1237bf1a2354cca [getDirectProportion][Configs is : Config(name=DirectTicketAllocationProportion, value=0.5, description=Allocation Proportion Of The Direct Ticket - From Start To End)]\n"",""stream"":""stdout"",""time"":""2025-06-06T09:22:12.392017148Z""}"
2025-06-06T09:22:12.374509996Z,1674984132374509996,33.33.33.82,ts-seat-service-5c95b49cff-tdsdz,server,0dffdd5fd2662529b226bbbc6cb36de7,f1237bf1a2354cca,"{""log"":""17:22:12.373 INFO  s.s.SeatServiceImpl#151 TraceID: 0dffdd5fd2662529b226bbbc6cb36de7 SpanID: f1237bf1a2354cca [getLeftTicketOfInterval][Get Order tickets result][result is \u003c200,Response(status=0, msg=Order is Null., data=null),[vary:\""Origin,Access-Control-Request-Method,Access-Control-Request-Headers\"", x-content-type-options:\""nosniff\"", x-xss-protection:\""1; mode=block\"", cache-control:\""no-cache, no-store, max-age=0, must-revalidate\"", pragma:\""no-cache\"", expires:\""0\"", x-frame-options:\""DENY\"", content-type:\""application/json\"", date:\""Sun, 29 Jan 2023 09:22:12 GMT\"", x-envoy-upstream-service-time:\""3\"", server:\""envoy\"", transfer-encoding:\""chunked\""]\u003e]\n"",""stream"":""stdout"",""time"":""2025-06-06T09:22:12.374509996Z""}"
2025-06-06T09:22:12.368887463Z,1674984132368887463,33.33.33.82,ts-seat-service-5c95b49cff-tdsdz,server,0dffdd5fd2662529b226bbbc6cb36de7,f1237bf1a2354cca,"{""log"":""17:22:12.368 INFO  s.s.SeatServiceImpl#139 TraceID: 0dffdd5fd2662529b226bbbc6cb36de7 SpanID: f1237bf1a2354cca [getLeftTicketOfInterval][TrainNumber start with G|D][trainNumber:G1234]\n"",""stream"":""stdout"",""time"":""2025-06-06T09:22:12.368887463Z""}"
2025-06-06T09:22:12.368555967Z,1674984132368555967,33.33.33.82,ts-seat-service-5c95b49cff-tdsdz,server,0dffdd5fd2662529b226bbbc6cb36de7,f1237bf1a2354cca,"{""log"":""17:22:12.368 INFO  s.s.SeatServiceImpl#137 TraceID: 0dffdd5fd2662529b226bbbc6cb36de7 SpanID: f1237bf1a2354cca [getLeftTicketOfInterval][Seat request][request:Seat(travelDate=2023-01-29 15:38:06, trainNumber=G1234, startStation=suzhou, destStation=shanghai, seatType=2, totalNum=2147483647, stations=[nanjing, zhenjiang, wuxi, suzhou, shanghai])]\n"",""stream"":""stdout"",""time"":""2025-06-06T09:22:12.368555967Z""}"
2025-06-06T09:22:12.368227502Z,1674984132368227502,33.33.33.82,ts-seat-service-5c95b49cff-tdsdz,server,0dffdd5fd2662529b226bbbc6cb36de7,f1237bf1a2354cca,"{""log"":""17:22:12.367 INFO  s.c.SeatController#57 TraceID: 0dffdd5fd2662529b226bbbc6cb36de7 SpanID: f1237bf1a2354cca [getLeftTicketOfInterval][Get left ticket of interval][TravelDate: 2023-01-29 15:38:06,TrainNumber: G1234,SeatType: 2]\n"",""stream"":""stdout"",""time"":""2025-06-06T09:22:12.368227502Z""}"
2025-06-06T09:22:12.363467879Z,1674984132363467879,33.33.33.82,ts-seat-service-5c95b49cff-tdsdz,server,0dffdd5fd2662529b226bbbc6cb36de7,46f8c7655741a3e7,"{""log"":""17:22:12.362 INFO  s.s.SeatServiceImpl#217 TraceID: 0dffdd5fd2662529b226bbbc6cb36de7 SpanID: 46f8c7655741a3e7 [getDirectProportion][Configs is : Config(name=DirectTicketAllocationProportion, value=0.5, description=Allocation Proportion Of The Direct Ticket - From Start To End)]\n"",""stream"":""stdout"",""time"":""2025-06-06T09:22:12.363467879Z""}"
2025-06-06T09:22:12.359287928Z,1674984132359287928,33.33.33.82,ts-seat-service-5c95b49cff-tdsdz,server,0dffdd5fd2662529b226bbbc6cb36de7,46f8c7655741a3e7,"{""log"":""17:22:12.358 INFO  s.s.SeatServiceImpl#151 TraceID: 0dffdd5fd2662529b226bbbc6cb36de7 SpanID: 46f8c7655741a3e7 [getLeftTicketOfInterval][Get Order tickets result][result is \u003c200,Response(status=0, msg=Order is Null., data=null),[vary:\""Origin,Access-Control-Request-Method,Access-Control-Request-Headers\"", x-content-type-options:\""nosniff\"", x-xss-protection:\""1; mode=block\"", cache-control:\""no-cache, no-store, max-age=0, must-revalidate\"", pragma:\""no-cache\"", expires:\""0\"", x-frame-options:\""DENY\"", content-type:\""application/json\"", date:\""Sun, 29 Jan 2023 09:22:12 GMT\"", x-envoy-upstream-service-time:\""3\"", server:\""envoy\"", transfer-encoding:\""chunked\""]\u003e]\n"",""stream"":""stdout"",""time"":""2025-06-06T09:22:12.359287928Z""}"
2025-06-06T09:22:12.354050668Z,1674984132354050668,33.33.33.82,ts-seat-service-5c95b49cff-tdsdz,server,0dffdd5fd2662529b226bbbc6cb36de7,46f8c7655741a3e7,"{""log"":""17:22:12.353 INFO  s.s.SeatServiceImpl#139 TraceID: 0dffdd5fd2662529b226bbbc6cb36de7 SpanID: 46f8c7655741a3e7 [getLeftTicketOfInterval][TrainNumber start with G|D][trainNumber:G1236]\n"",""stream"":""stdout"",""time"":""2025-06-06T09:22:12.354050668Z""}"
2025-06-06T09:22:12.353717292Z,1674984132353717292,33.33.33.82,ts-seat-service-5c95b49cff-tdsdz,server,0dffdd5fd2662529b226bbbc6cb36de7,46f8c7655741a3e7,"{""log"":""17:22:12.353 INFO  s.s.SeatServiceImpl#137 TraceID: 0dffdd5fd2662529b226bbbc6cb36de7 SpanID: 46f8c7655741a3e7 [getLeftTicketOfInterval][Seat request][request:Seat(travelDate=2023-01-29 15:38:06, trainNumber=G1236, startStation=suzhou, destStation=shanghai, seatType=3, totalNum=2147483647, stations=[nanjing, suzhou, shanghai])]\n"",""stream"":""stdout"",""time"":""2025-06-06T09:22:12.353717292Z""}"
2025-06-06T09:22:12.353328032Z,1674984132353328032,33.33.33.82,ts-seat-service-5c95b49cff-tdsdz,server,0dffdd5fd2662529b226bbbc6cb36de7,46f8c7655741a3e7,"{""log"":""17:22:12.352 INFO  s.c.SeatController#57 TraceID: 0dffdd5fd2662529b226bbbc6cb36de7 SpanID: 46f8c7655741a3e7 [getLeftTicketOfInterval][Get left ticket of interval][TravelDate: 2023-01-29 15:38:06,TrainNumber: G1236,SeatType: 3]\n"",""stream"":""stdout"",""time"":""2025-06-06T09:22:12.353328032Z""}"
2025-06-06T09:22:12.348617414Z,1674984132348617414,33.33.33.82,ts-seat-service-5c95b49cff-tdsdz,server,0dffdd5fd2662529b226bbbc6cb36de7,55cc612743d32b79,"{""log"":""17:22:12.347 INFO  s.s.SeatServiceImpl#217 TraceID: 0dffdd5fd2662529b226bbbc6cb36de7 SpanID: 55cc612743d32b79 [getDirectProportion][Configs is : Config(name=DirectTicketAllocationProportion, value=0.5, description=Allocation Proportion Of The Direct Ticket - From Start To End)]\n"",""stream"":""stdout"",""time"":""2025-06-06T09:22:12.348617414Z""}"
2025-06-06T09:22:12.343952187Z,1674984132343952187,33.33.33.82,ts-seat-service-5c95b49cff-tdsdz,server,0dffdd5fd2662529b226bbbc6cb36de7,55cc612743d32b79,"{""log"":""17:22:12.343 INFO  s.s.SeatServiceImpl#151 TraceID: 0dffdd5fd2662529b226bbbc6cb36de7 SpanID: 55cc612743d32b79 [getLeftTicketOfInterval][Get Order tickets result][result is \u003c200,Response(status=0, msg=Order is Null., data=null),[vary:\""Origin,Access-Control-Request-Method,Access-Control-Request-Headers\"", x-content-type-options:\""nosniff\"", x-xss-protection:\""1; mode=block\"", cache-control:\""no-cache, no-store, max-age=0, must-revalidate\"", pragma:\""no-cache\"", expires:\""0\"", x-frame-options:\""DENY\"", content-type:\""application/json\"", date:\""Sun, 29 Jan 2023 09:22:12 GMT\"", x-envoy-upstream-service-time:\""4\"", server:\""envoy\"", transfer-encoding:\""chunked\""]\u003e]\n"",""stream"":""stdout"",""time"":""2025-06-06T09:22:12.343952187Z""}"
2025-06-06T09:22:12.337220721Z,1674984132337220721,33.33.33.82,ts-seat-service-5c95b49cff-tdsdz,server,0dffdd5fd2662529b226bbbc6cb36de7,55cc612743d32b79,"{""log"":""17:22:12.336 INFO  s.s.SeatServiceImpl#139 TraceID: 0dffdd5fd2662529b226bbbc6cb36de7 SpanID: 55cc612743d32b79 [getLeftTicketOfInterval][TrainNumber start with G|D][trainNumber:G1236]\n"",""stream"":""stdout"",""time"":""2025-06-06T09:22:12.337220721Z""}"
2025-06-06T09:22:12.336905763Z,1674984132336905763,33.33.33.82,ts-seat-service-5c95b49cff-tdsdz,server,0dffdd5fd2662529b226bbbc6cb36de7,55cc612743d32b79,"{""log"":""17:22:12.336 INFO  s.s.SeatServiceImpl#137 TraceID: 0dffdd5fd2662529b226bbbc6cb36de7 SpanID: 55cc612743d32b79 [getLeftTicketOfInterval][Seat request][request:Seat(travelDate=2023-01-29 15:38:06, trainNumber=G1236, startStation=suzhou, destStation=shanghai, seatType=2, totalNum=2147483647, stations=[nanjing, suzhou, shanghai])]\n"",""stream"":""stdout"",""time"":""2025-06-06T09:22:12.336905763Z""}"
2025-06-06T09:22:12.336557864Z,1674984132336557864,33.33.33.82,ts-seat-service-5c95b49cff-tdsdz,server,0dffdd5fd2662529b226bbbc6cb36de7,55cc612743d32b79,"{""log"":""17:22:12.335 INFO  s.c.SeatController#57 TraceID: 0dffdd5fd2662529b226bbbc6cb36de7 SpanID: 55cc612743d32b79 [getLeftTicketOfInterval][Get left ticket of interval][TravelDate: 2023-01-29 15:38:06,TrainNumber: G1236,SeatType: 2]\n"",""stream"":""stdout"",""time"":""2025-06-06T09:22:12.336557864Z""}"
2025-06-06T09:22:12.109061181Z,1674984132109061181,33.33.33.82,ts-seat-service-5c95b49cff-tdsdz,server,0dffdd5fd2662529b226bbbc6cb36de7,341f77fe65053c8d,"{""log"":""17:22:12.108 INFO  s.s.SeatServiceImpl#217 TraceID: 0dffdd5fd2662529b226bbbc6cb36de7 SpanID: 341f77fe65053c8d [getDirectProportion][Configs is : Config(name=DirectTicketAllocationProportion, value=0.5, description=Allocation Proportion Of The Direct Ticket - From Start To End)]\n"",""stream"":""stdout"",""time"":""2025-06-06T09:22:12.109061181Z""}"
2025-06-06T09:22:12.10464528Z,1674984132104645280,33.33.33.82,ts-seat-service-5c95b49cff-tdsdz,server,0dffdd5fd2662529b226bbbc6cb36de7,341f77fe65053c8d,"{""log"":""17:22:12.103 INFO  s.s.SeatServiceImpl#151 TraceID: 0dffdd5fd2662529b226bbbc6cb36de7 SpanID: 341f77fe65053c8d [getLeftTicketOfInterval][Get Order tickets result][result is \u003c200,Response(status=0, msg=Order is Null., data=null),[vary:\""Origin,Access-Control-Request-Method,Access-Control-Request-Headers\"", x-content-type-options:\""nosniff\"", x-xss-protection:\""1; mode=block\"", cache-control:\""no-cache, no-store, max-age=0, must-revalidate\"", pragma:\""no-cache\"", expires:\""0\"", x-frame-options:\""DENY\"", content-type:\""application/json\"", date:\""Sun, 29 Jan 2023 09:22:12 GMT\"", x-envoy-upstream-service-time:\""3\"", server:\""envoy\"", transfer-encoding:\""chunked\""]\u003e]\n"",""stream"":""stdout"",""time"":""2025-06-06T09:22:12.10464528Z""}"
2025-06-06T09:22:12.099163519Z,1674984132099163519,33.33.33.82,ts-seat-service-5c95b49cff-tdsdz,server,0dffdd5fd2662529b226bbbc6cb36de7,341f77fe65053c8d,"{""log"":""17:22:12.098 INFO  s.s.SeatServiceImpl#139 TraceID: 0dffdd5fd2662529b226bbbc6cb36de7 SpanID: 341f77fe65053c8d [getLeftTicketOfInterval][TrainNumber start with G|D][trainNumber:G1237]\n"",""stream"":""stdout"",""time"":""2025-06-06T09:22:12.099163519Z""}"
2025-06-06T09:22:12.098846219Z,1674984132098846219,33.33.33.82,ts-seat-service-5c95b49cff-tdsdz,server,0dffdd5fd2662529b226bbbc6cb36de7,341f77fe65053c8d,"{""log"":""17:22:12.098 INFO  s.s.SeatServiceImpl#137 TraceID: 0dffdd5fd2662529b226bbbc6cb36de7 SpanID: 341f77fe65053c8d [getLeftTicketOfInterval][Seat request][request:Seat(travelDate=2023-01-29 15:38:06, trainNumber=G1237, startStation=suzhou, destStation=shanghai, seatType=3, totalNum=2147483647, stations=[suzhou, shanghai])]\n"",""stream"":""stdout"",""time"":""2025-06-06T09:22:12.098846219Z""}"
2025-06-06T09:22:12.098423223Z,1674984132098423223,33.33.33.82,ts-seat-service-5c95b49cff-tdsdz,server,0dffdd5fd2662529b226bbbc6cb36de7,341f77fe65053c8d,"{""log"":""17:22:12.097 INFO  s.c.SeatController#57 TraceID: 0dffdd5fd2662529b226bbbc6cb36de7 SpanID: 341f77fe65053c8d [getLeftTicketOfInterval][Get left ticket of interval][TravelDate: 2023-01-29 15:38:06,TrainNumber: G1237,SeatType: 3]\n"",""stream"":""stdout"",""time"":""2025-06-06T09:22:12.098423223Z""}"
2025-06-06T09:22:12.093003072Z,1674984132093003072,33.33.33.82,ts-seat-service-5c95b49cff-tdsdz,server,0dffdd5fd2662529b226bbbc6cb36de7,b708324e1946fe59,"{""log"":""17:22:12.092 INFO  s.s.SeatServiceImpl#217 TraceID: 0dffdd5fd2662529b226bbbc6cb36de7 SpanID: b708324e1946fe59 [getDirectProportion][Configs is : Config(name=DirectTicketAllocationProportion, value=0.5, description=Allocation Proportion Of The Direct Ticket - From Start To End)]\n"",""stream"":""stdout"",""time"":""2025-06-06T09:22:12.093003072Z""}"
2025-06-06T09:22:12.08799756Z,1674984132087997560,33.33.33.82,ts-seat-service-5c95b49cff-tdsdz,server,0dffdd5fd2662529b226bbbc6cb36de7,b708324e1946fe59,"{""log"":""17:22:12.087 INFO  s.s.SeatServiceImpl#151 TraceID: 0dffdd5fd2662529b226bbbc6cb36de7 SpanID: b708324e1946fe59 [getLeftTicketOfInterval][Get Order tickets result][result is \u003c200,Response(status=0, msg=Order is Null., data=null),[vary:\""Origin,Access-Control-Request-Method,Access-Control-Request-Headers\"", x-content-type-options:\""nosniff\"", x-xss-protection:\""1; mode=block\"", cache-control:\""no-cache, no-store, max-age=0, must-revalidate\"", pragma:\""no-cache\"", expires:\""0\"", x-frame-options:\""DENY\"", content-type:\""application/json\"", date:\""Sun, 29 Jan 2023 09:22:12 GMT\"", x-envoy-upstream-service-time:\""27\"", server:\""envoy\"", transfer-encoding:\""chunked\""]\u003e]\n"",""stream"":""stdout"",""time"":""2025-06-06T09:22:12.08799756Z""}"
2025-06-06T09:22:12.057742554Z,1674984132057742554,33.33.33.82,ts-seat-service-5c95b49cff-tdsdz,server,0dffdd5fd2662529b226bbbc6cb36de7,b708324e1946fe59,"{""log"":""17:22:12.057 INFO  s.s.SeatServiceImpl#139 TraceID: 0dffdd5fd2662529b226bbbc6cb36de7 SpanID: b708324e1946fe59 [getLeftTicketOfInterval][TrainNumber start with G|D][trainNumber:G1237]\n"",""stream"":""stdout"",""time"":""2025-06-06T09:22:12.057742554Z""}"
2025-06-06T09:22:12.057356452Z,1674984132057356452,33.33.33.82,ts-seat-service-5c95b49cff-tdsdz,server,0dffdd5fd2662529b226bbbc6cb36de7,b708324e1946fe59,"{""log"":""17:22:12.056 INFO  s.s.SeatServiceImpl#137 TraceID: 0dffdd5fd2662529b226bbbc6cb36de7 SpanID: b708324e1946fe59 [getLeftTicketOfInterval][Seat request][request:Seat(travelDate=2023-01-29 15:38:06, trainNumber=G1237, startStation=suzhou, destStation=shanghai, seatType=2, totalNum=2147483647, stations=[suzhou, shanghai])]\n"",""stream"":""stdout"",""time"":""2025-06-06T09:22:12.057356452Z""}"
2025-06-06T09:22:12.0570131Z,1674984132057013100,33.33.33.82,ts-seat-service-5c95b49cff-tdsdz,server,0dffdd5fd2662529b226bbbc6cb36de7,b708324e1946fe59,"{""log"":""17:22:12.056 INFO  s.c.SeatController#57 TraceID: 0dffdd5fd2662529b226bbbc6cb36de7 SpanID: b708324e1946fe59 [getLeftTicketOfInterval][Get left ticket of interval][TravelDate: 2023-01-29 15:38:06,TrainNumber: G1237,SeatType: 2]\n"",""stream"":""stdout"",""time"":""2025-06-06T09:22:12.0570131Z""}"
2025-06-06T09:22:12.009867918Z,1674984132009867918,33.33.33.80,ts-route-service-b6c59fb57-zv8dt,server,0dffdd5fd2662529b226bbbc6cb36de7,ab66c31274496171,"{""log"":""17:22:12.008 INFO  r.c.RouteController#53 TraceID: 0dffdd5fd2662529b226bbbc6cb36de7 SpanID: ab66c31274496171 [getRouteById][Query route by id][RouteId: [92708982-77af-4318-be25-57ccb0ff69ad, aefcef3f-3f42-46e8-afd7-6cb2a928bd3d, a3f256c1-0e43-4f7d-9c21-121bf258101f, 084837bb-53c8-4438-87c8-0321a4d09917, f3d4d4ef-693b-4456-8eed-59c0d717dd08]]\n"",""stream"":""stdout"",""time"":""2025-06-06T09:22:12.009867918Z""}"
2025-06-06T09:22:12.028817881Z,1674984132028817881,33.33.33.79,ts-price-service-76846864d9-g465z,server,0dffdd5fd2662529b226bbbc6cb36de7,184187c83550870f,"{""log"":""17:22:12.027 INFO  p.c.PriceController#46 TraceID: 0dffdd5fd2662529b226bbbc6cb36de7 SpanID: 184187c83550870f [findByRouteIdAndTrainType][Query price][routeId and Train Type: [084837bb-53c8-4438-87c8-0321a4d09917:GaoTieTwo, a3f256c1-0e43-4f7d-9c21-121bf258101f:GaoTieOne, 92708982-77af-4318-be25-57ccb0ff69ad:GaoTieOne]]\n"",""stream"":""stdout"",""time"":""2025-06-06T09:22:12.028817881Z""}"
2025-06-06T09:22:12.400031597Z,1674984132400031597,33.33.33.76,ts-order-service-5b67c48447-mv5hb,server,0dffdd5fd2662529b226bbbc6cb36de7,9e6e374d01790602,"{""log"":""17:22:12.399 WARN  o.s.OrderServiceImpl#68 TraceID: 0dffdd5fd2662529b226bbbc6cb36de7 SpanID: 9e6e374d01790602 [getSoldTickets][Seat][Left ticket info is empty][seat from date: 2023-01-29 15:38:06, train number: G1234]\n"",""stream"":""stdout"",""time"":""2025-06-06T09:22:12.400031597Z""}"
2025-06-06T09:22:12.398948436Z,1674984132398948436,33.33.33.76,ts-order-service-5b67c48447-mv5hb,server,0dffdd5fd2662529b226bbbc6cb36de7,9e6e374d01790602,"{""log"":""17:22:12.398 INFO  o.c.OrderController#39 TraceID: 0dffdd5fd2662529b226bbbc6cb36de7 SpanID: 9e6e374d01790602 [getSoldTickets][Get Sold Ticket][Travel Date: 2023-01-29 15:38:06]\n"",""stream"":""stdout"",""time"":""2025-06-06T09:22:12.398948436Z""}"
2025-06-06T09:22:12.372533847Z,1674984132372533847,33.33.33.76,ts-order-service-5b67c48447-mv5hb,server,0dffdd5fd2662529b226bbbc6cb36de7,9566332e76e94ae2,"{""log"":""17:22:12.372 WARN  o.s.OrderServiceImpl#68 TraceID: 0dffdd5fd2662529b226bbbc6cb36de7 SpanID: 9566332e76e94ae2 [getSoldTickets][Seat][Left ticket info is empty][seat from date: 2023-01-29 15:38:06, train number: G1234]\n"",""stream"":""stdout"",""time"":""2025-06-06T09:22:12.372533847Z""}"
2025-06-06T09:22:12.371290045Z,1674984132371290045,33.33.33.76,ts-order-service-5b67c48447-mv5hb,server,0dffdd5fd2662529b226bbbc6cb36de7,9566332e76e94ae2,"{""log"":""17:22:12.370 INFO  o.c.OrderController#39 TraceID: 0dffdd5fd2662529b226bbbc6cb36de7 SpanID: 9566332e76e94ae2 [getSoldTickets][Get Sold Ticket][Travel Date: 2023-01-29 15:38:06]\n"",""stream"":""stdout"",""time"":""2025-06-06T09:22:12.371290045Z""}"
2025-06-06T09:22:12.357476771Z,1674984132357476771,33.33.33.76,ts-order-service-5b67c48447-mv5hb,server,0dffdd5fd2662529b226bbbc6cb36de7,d9d1a4f974cdf0c9,"{""log"":""17:22:12.357 WARN  o.s.OrderServiceImpl#68 TraceID: 0dffdd5fd2662529b226bbbc6cb36de7 SpanID: d9d1a4f974cdf0c9 [getSoldTickets][Seat][Left ticket info is empty][seat from date: 2023-01-29 15:38:06, train number: G1236]\n"",""stream"":""stdout"",""time"":""2025-06-06T09:22:12.357476771Z""}"
2025-06-06T09:22:12.356349955Z,1674984132356349955,33.33.33.76,ts-order-service-5b67c48447-mv5hb,server,0dffdd5fd2662529b226bbbc6cb36de7,d9d1a4f974cdf0c9,"{""log"":""17:22:12.356 INFO  o.c.OrderController#39 TraceID: 0dffdd5fd2662529b226bbbc6cb36de7 SpanID: d9d1a4f974cdf0c9 [getSoldTickets][Get Sold Ticket][Travel Date: 2023-01-29 15:38:06]\n"",""stream"":""stdout"",""time"":""2025-06-06T09:22:12.356349955Z""}"
2025-06-06T09:22:12.341865589Z,1674984132341865589,33.33.33.76,ts-order-service-5b67c48447-mv5hb,server,0dffdd5fd2662529b226bbbc6cb36de7,0861a97a15ce3424,"{""log"":""17:22:12.341 WARN  o.s.OrderServiceImpl#68 TraceID: 0dffdd5fd2662529b226bbbc6cb36de7 SpanID: 0861a97a15ce3424 [getSoldTickets][Seat][Left ticket info is empty][seat from date: 2023-01-29 15:38:06, train number: G1236]\n"",""stream"":""stdout"",""time"":""2025-06-06T09:22:12.341865589Z""}"
2025-06-06T09:22:12.340554125Z,1674984132340554125,33.33.33.76,ts-order-service-5b67c48447-mv5hb,server,0dffdd5fd2662529b226bbbc6cb36de7,0861a97a15ce3424,"{""log"":""17:22:12.340 INFO  o.c.OrderController#39 TraceID: 0dffdd5fd2662529b226bbbc6cb36de7 SpanID: 0861a97a15ce3424 [getSoldTickets][Get Sold Ticket][Travel Date: 2023-01-29 15:38:06]\n"",""stream"":""stdout"",""time"":""2025-06-06T09:22:12.340554125Z""}"
2025-06-06T09:22:12.102962489Z,1674984132102962489,33.33.33.76,ts-order-service-5b67c48447-mv5hb,server,0dffdd5fd2662529b226bbbc6cb36de7,ef3395d7fab0286e,"{""log"":""17:22:12.102 WARN  o.s.OrderServiceImpl#68 TraceID: 0dffdd5fd2662529b226bbbc6cb36de7 SpanID: ef3395d7fab0286e [getSoldTickets][Seat][Left ticket info is empty][seat from date: 2023-01-29 15:38:06, train number: G1237]\n"",""stream"":""stdout"",""time"":""2025-06-06T09:22:12.102962489Z""}"
2025-06-06T09:22:12.101413882Z,1674984132101413882,33.33.33.76,ts-order-service-5b67c48447-mv5hb,server,0dffdd5fd2662529b226bbbc6cb36de7,ef3395d7fab0286e,"{""log"":""17:22:12.101 INFO  o.c.OrderController#39 TraceID: 0dffdd5fd2662529b226bbbc6cb36de7 SpanID: ef3395d7fab0286e [getSoldTickets][Get Sold Ticket][Travel Date: 2023-01-29 15:38:06]\n"",""stream"":""stdout"",""time"":""2025-06-06T09:22:12.101413882Z""}"
2025-06-06T09:22:12.062326521Z,1674984132062326521,33.33.33.76,ts-order-service-5b67c48447-mv5hb,server,0dffdd5fd2662529b226bbbc6cb36de7,e251bfef5dcc2e35,"{""log"":""17:22:12.061 WARN  o.s.OrderServiceImpl#68 TraceID: 0dffdd5fd2662529b226bbbc6cb36de7 SpanID: e251bfef5dcc2e35 [getSoldTickets][Seat][Left ticket info is empty][seat from date: 2023-01-29 15:38:06, train number: G1237]\n"",""stream"":""stdout"",""time"":""2025-06-06T09:22:12.062326521Z""}"
2025-06-06T09:22:12.060634978Z,1674984132060634978,33.33.33.76,ts-order-service-5b67c48447-mv5hb,server,0dffdd5fd2662529b226bbbc6cb36de7,e251bfef5dcc2e35,"{""log"":""17:22:12.060 INFO  o.c.OrderController#39 TraceID: 0dffdd5fd2662529b226bbbc6cb36de7 SpanID: e251bfef5dcc2e35 [getSoldTickets][Get Sold Ticket][Travel Date: 2023-01-29 15:38:06]\n"",""stream"":""stdout"",""time"":""2025-06-06T09:22:12.060634978Z""}"
2025-06-06T09:22:12.404231805Z,1674984132404231805,33.33.33.115,ts-config-service-5fcd447d84-wxwjd,server,0dffdd5fd2662529b226bbbc6cb36de7,eff608f2741ae800,"{""log"":""17:22:12.403 INFO  c.s.ConfigServiceImpl#65 TraceID: 0dffdd5fd2662529b226bbbc6cb36de7 SpanID: eff608f2741ae800 [query][Query config success][config name: DirectTicketAllocationProportion]\n"",""stream"":""stdout"",""time"":""2025-06-06T09:22:12.404231805Z""}"
2025-06-06T09:22:12.403486851Z,1674984132403486851,33.33.33.115,ts-config-service-5fcd447d84-wxwjd,server,0dffdd5fd2662529b226bbbc6cb36de7,eff608f2741ae800,"{""log"":""17:22:12.403 INFO  c.c.ConfigController#67 TraceID: 0dffdd5fd2662529b226bbbc6cb36de7 SpanID: eff608f2741ae800 [retrieve][Retrieve config][configName: DirectTicketAllocationProportion]\n"",""stream"":""stdout"",""time"":""2025-06-06T09:22:12.403486851Z""}"
2025-06-06T09:22:12.376820509Z,1674984132376820509,33.33.33.115,ts-config-service-5fcd447d84-wxwjd,server,0dffdd5fd2662529b226bbbc6cb36de7,4bf0fe24d0d5a74e,"{""log"":""17:22:12.376 INFO  c.s.ConfigServiceImpl#65 TraceID: 0dffdd5fd2662529b226bbbc6cb36de7 SpanID: 4bf0fe24d0d5a74e [query][Query config success][config name: DirectTicketAllocationProportion]\n"",""stream"":""stdout"",""time"":""2025-06-06T09:22:12.376820509Z""}"
2025-06-06T09:22:12.376088904Z,1674984132376088904,33.33.33.115,ts-config-service-5fcd447d84-wxwjd,server,0dffdd5fd2662529b226bbbc6cb36de7,4bf0fe24d0d5a74e,"{""log"":""17:22:12.375 INFO  c.c.ConfigController#67 TraceID: 0dffdd5fd2662529b226bbbc6cb36de7 SpanID: 4bf0fe24d0d5a74e [retrieve][Retrieve config][configName: DirectTicketAllocationProportion]\n"",""stream"":""stdout"",""time"":""2025-06-06T09:22:12.376088904Z""}"
2025-06-06T09:22:12.361708415Z,1674984132361708415,33.33.33.115,ts-config-service-5fcd447d84-wxwjd,server,0dffdd5fd2662529b226bbbc6cb36de7,5f7b432911770e97,"{""log"":""17:22:12.361 INFO  c.s.ConfigServiceImpl#65 TraceID: 0dffdd5fd2662529b226bbbc6cb36de7 SpanID: 5f7b432911770e97 [query][Query config success][config name: DirectTicketAllocationProportion]\n"",""stream"":""stdout"",""time"":""2025-06-06T09:22:12.361708415Z""}"
2025-06-06T09:22:12.360940212Z,1674984132360940212,33.33.33.115,ts-config-service-5fcd447d84-wxwjd,server,0dffdd5fd2662529b226bbbc6cb36de7,5f7b432911770e97,"{""log"":""17:22:12.360 INFO  c.c.ConfigController#67 TraceID: 0dffdd5fd2662529b226bbbc6cb36de7 SpanID: 5f7b432911770e97 [retrieve][Retrieve config][configName: DirectTicketAllocationProportion]\n"",""stream"":""stdout"",""time"":""2025-06-06T09:22:12.360940212Z""}"
2025-06-06T09:22:12.3465217Z,1674984132346521700,33.33.33.115,ts-config-service-5fcd447d84-wxwjd,server,0dffdd5fd2662529b226bbbc6cb36de7,ca3eb218a3a152e1,"{""log"":""17:22:12.346 INFO  c.s.ConfigServiceImpl#65 TraceID: 0dffdd5fd2662529b226bbbc6cb36de7 SpanID: ca3eb218a3a152e1 [query][Query config success][config name: DirectTicketAllocationProportion]\n"",""stream"":""stdout"",""time"":""2025-06-06T09:22:12.3465217Z""}"
2025-06-06T09:22:12.345685743Z,1674984132345685743,33.33.33.115,ts-config-service-5fcd447d84-wxwjd,server,0dffdd5fd2662529b226bbbc6cb36de7,ca3eb218a3a152e1,"{""log"":""17:22:12.345 INFO  c.c.ConfigController#67 TraceID: 0dffdd5fd2662529b226bbbc6cb36de7 SpanID: ca3eb218a3a152e1 [retrieve][Retrieve config][configName: DirectTicketAllocationProportion]\n"",""stream"":""stdout"",""time"":""2025-06-06T09:22:12.345685743Z""}"
2025-06-06T09:22:12.107280185Z,1674984132107280185,33.33.33.115,ts-config-service-5fcd447d84-wxwjd,server,0dffdd5fd2662529b226bbbc6cb36de7,0fe32d259ac83005,"{""log"":""17:22:12.106 INFO  c.s.ConfigServiceImpl#65 TraceID: 0dffdd5fd2662529b226bbbc6cb36de7 SpanID: 0fe32d259ac83005 [query][Query config success][config name: DirectTicketAllocationProportion]\n"",""stream"":""stdout"",""time"":""2025-06-06T09:22:12.107280185Z""}"
2025-06-06T09:22:12.106466238Z,1674984132106466238,33.33.33.115,ts-config-service-5fcd447d84-wxwjd,server,0dffdd5fd2662529b226bbbc6cb36de7,0fe32d259ac83005,"{""log"":""17:22:12.106 INFO  c.c.ConfigController#67 TraceID: 0dffdd5fd2662529b226bbbc6cb36de7 SpanID: 0fe32d259ac83005 [retrieve][Retrieve config][configName: DirectTicketAllocationProportion]\n"",""stream"":""stdout"",""time"":""2025-06-06T09:22:12.106466238Z""}"
2025-06-06T09:22:12.091115472Z,1674984132091115472,33.33.33.115,ts-config-service-5fcd447d84-wxwjd,server,0dffdd5fd2662529b226bbbc6cb36de7,19eac2523b8aa7a8,"{""log"":""17:22:12.090 INFO  c.s.ConfigServiceImpl#65 TraceID: 0dffdd5fd2662529b226bbbc6cb36de7 SpanID: 19eac2523b8aa7a8 [query][Query config success][config name: DirectTicketAllocationProportion]\n"",""stream"":""stdout"",""time"":""2025-06-06T09:22:12.091115472Z""}"
2025-06-06T09:22:12.090166837Z,1674984132090166837,33.33.33.115,ts-config-service-5fcd447d84-wxwjd,server,0dffdd5fd2662529b226bbbc6cb36de7,19eac2523b8aa7a8,"{""log"":""17:22:12.089 INFO  c.c.ConfigController#67 TraceID: 0dffdd5fd2662529b226bbbc6cb36de7 SpanID: 19eac2523b8aa7a8 [retrieve][Retrieve config][configName: DirectTicketAllocationProportion]\n"",""stream"":""stdout"",""time"":""2025-06-06T09:22:12.090166837Z""}"
2025-06-06T09:22:12.033668789Z,1674984132033668789,33.33.33.76,ts-basic-service-5dc8d4f9fd-46997,server,0dffdd5fd2662529b226bbbc6cb36de7,a5ab542c84b5844e,"{""log"":""17:22:12.033 INFO  f.m.s.BasicServiceImpl#320 TraceID: 0dffdd5fd2662529b226bbbc6cb36de7 SpanID: a5ab542c84b5844e [queryForTravels][all done][result map: {G1237=TravelResult(status=true, percent=1.0, trainType=TrainType(id=615aa260-d076-48d0-ab7c-2d366a534223, name=GaoTieTwo, economyClass=2147483647, confortClass=2147483647, averageSpeed=200), route=Route(id=084837bb-53c8-4438-87c8-0321a4d09917, stations=[suzhou, shanghai], distances=[0, 50], startStation=suzhou, endStation=shanghai), prices={confortClass=50.0, economyClass=30.0}), G1236=TravelResult(status=true, percent=1.0, trainType=TrainType(id=111e1aed-10dc-4356-ad7e-daa5e551d4a7, name=GaoTieOne, economyClass=2147483647, confortClass=2147483647, averageSpeed=250), route=Route(id=a3f256c1-0e43-4f7d-9c21-121bf258101f, stations=[nanjing, suzhou, shanghai], distances=[0, 200, 250], startStation=nanjing, endStation=shanghai), prices={confortClass=50.0, economyClass=35.0}), G1234=TravelResult(status=true, percent=1.0, trainType=TrainType(id=111e1aed-10dc-4356-ad7e-daa5e551d4a7, name=GaoTieOne, economyClass=2147483647, confortClass=2147483647, averageSpeed=250), route=Route(id=92708982-77af-4318-be25-57ccb0ff69ad, stations=[nanjing, zhenjiang, wuxi, suzhou, shanghai], distances=[0, 100, 150, 200, 250], startStation=nanjing, endStation=shanghai), prices={confortClass=50.0, economyClass=19.0})}]\n"",""stream"":""stdout"",""time"":""2025-06-06T09:22:12.033668789Z""}"
2025-06-06T09:22:12.033525808Z,1674984132033525808,33.33.33.76,ts-basic-service-5dc8d4f9fd-46997,server,0dffdd5fd2662529b226bbbc6cb36de7,a5ab542c84b5844e,"{""log"":""17:22:12.033 INFO  f.m.s.BasicServiceImpl#481 TraceID: 0dffdd5fd2662529b226bbbc6cb36de7 SpanID: a5ab542c84b5844e [queryPriceConfigByRouteIdsAndTrainTypes][Get Price Config by routeId and trainType][Success][priceConfigs: {92708982-77af-4318-be25-57ccb0ff69ad:GaoTieOne={id=6d20b8cb-039c-474c-ae25-b6177ea41152, trainType=GaoTieOne, routeId=92708982-77af-4318-be25-57ccb0ff69ad, basicPriceRate=0.38, firstClassPriceRate=1.0}, 084837bb-53c8-4438-87c8-0321a4d09917:GaoTieTwo={id=7de18cf8-bb17-4bb2-aeb4-85d8176d3a93, trainType=GaoTieTwo, routeId=084837bb-53c8-4438-87c8-0321a4d09917, basicPriceRate=0.6, firstClassPriceRate=1.0}, a3f256c1-0e43-4f7d-9c21-121bf258101f:GaoTieOne={id=719287d6-d3e7-4b54-9a92-71d039748b22, trainType=GaoTieOne, routeId=a3f256c1-0e43-4f7d-9c21-121bf258101f, basicPriceRate=0.7, firstClassPriceRate=1.0}}]\n"",""stream"":""stdout"",""time"":""2025-06-06T09:22:12.033525808Z""}"
2025-06-06T09:22:12.024520693Z,1674984132024520693,33.33.33.76,ts-basic-service-5dc8d4f9fd-46997,server,0dffdd5fd2662529b226bbbc6cb36de7,a5ab542c84b5844e,"{""log"":""17:22:12.024 INFO  f.m.s.BasicServiceImpl#459 TraceID: 0dffdd5fd2662529b226bbbc6cb36de7 SpanID: a5ab542c84b5844e [queryPriceConfigByRouteIdsAndTrainTypes][Query For Price Config][RouteId and TrainType: [084837bb-53c8-4438-87c8-0321a4d09917:GaoTieTwo, a3f256c1-0e43-4f7d-9c21-121bf258101f:GaoTieOne, 92708982-77af-4318-be25-57ccb0ff69ad:GaoTieOne]]\n"",""stream"":""stdout"",""time"":""2025-06-06T09:22:12.024520693Z""}"
2025-06-06T09:22:12.024006768Z,1674984132024006768,33.33.33.76,ts-basic-service-5dc8d4f9fd-46997,server,0dffdd5fd2662529b226bbbc6cb36de7,a5ab542c84b5844e,"{""log"":""17:22:12.023 ERROR  f.m.s.BasicServiceImpl#415 TraceID: 0dffdd5fd2662529b226bbbc6cb36de7 SpanID: a5ab542c84b5844e [getRoutesByRouteIds][Get Route By Ids Failed]\n"",""stream"":""stdout"",""time"":""2025-06-06T09:22:12.024006768Z""}"
2025-06-06T09:22:12.003351675Z,1674984132003351675,33.33.33.76,ts-basic-service-5dc8d4f9fd-46997,server,0dffdd5fd2662529b226bbbc6cb36de7,a5ab542c84b5844e,"{""log"":""17:22:12.002 INFO  f.m.s.BasicServiceImpl#405 TraceID: 0dffdd5fd2662529b226bbbc6cb36de7 SpanID: a5ab542c84b5844e [getRoutesByRouteIds][Get Route By Ids][Route IDs: [92708982-77af-4318-be25-57ccb0ff69ad, aefcef3f-3f42-46e8-afd7-6cb2a928bd3d, a3f256c1-0e43-4f7d-9c21-121bf258101f, 084837bb-53c8-4438-87c8-0321a4d09917, f3d4d4ef-693b-4456-8eed-59c0d717dd08]]\n"",""stream"":""stdout"",""time"":""2025-06-06T09:22:12.003351675Z""}"
2025-06-06T09:22:11.984728285Z,1674984131984728285,33.33.33.76,ts-basic-service-5dc8d4f9fd-46997,server,0dffdd5fd2662529b226bbbc6cb36de7,a5ab542c84b5844e,"{""log"":""17:22:11.984 INFO  f.m.s.BasicServiceImpl#374 TraceID: 0dffdd5fd2662529b226bbbc6cb36de7 SpanID: a5ab542c84b5844e [queryTrainTypeByNames][Query Train Type][Train Type names: [DongCheOne, GaoTieOne, GaoTieTwo]]\n"",""stream"":""stdout"",""time"":""2025-06-06T09:22:11.984728285Z""}"
2025-06-06T09:22:11.979791843Z,1674984131979791843,33.33.33.76,ts-basic-service-5dc8d4f9fd-46997,server,0dffdd5fd2662529b226bbbc6cb36de7,a5ab542c84b5844e,"{""log"":""17:22:11.979 INFO  f.m.s.BasicServiceImpl#343 TraceID: 0dffdd5fd2662529b226bbbc6cb36de7 SpanID: a5ab542c84b5844e [checkStationsExists][Check Stations Exists][stationNames: [suzhou, shanghai]]\n"",""stream"":""stdout"",""time"":""2025-06-06T09:22:11.979791843Z""}"
2025-06-06T09:22:11.979663233Z,1674984131979663233,33.33.33.76,ts-basic-service-5dc8d4f9fd-46997,server,0dffdd5fd2662529b226bbbc6cb36de7,a5ab542c84b5844e,"{""log"":""17:22:11.979 INFO  f.m.c.BasicController#45 TraceID: 0dffdd5fd2662529b226bbbc6cb36de7 SpanID: a5ab542c84b5844e [queryForTravels][Query for travels][Travels: [Travel(trip=Trip(id=015fd636-861e-4714-9347-2efbb1a98f37, tripId=G1234, trainTypeName=GaoTieOne, routeId=92708982-77af-4318-be25-57ccb0ff69ad, startStationName=shanghai, stationsName=suzhou, terminalStationName=taiyuan, startTime=2013-05-04 09:00:00, endTime=2013-05-04 15:51:52), startPlace=suzhou, endPlace=shanghai, departureTime=2023-01-29 15:38:06), Travel(trip=Trip(id=38893061-3fd2-4ac4-bbc9-f0d727f83d6f, tripId=G1235, trainTypeName=GaoTieOne, routeId=aefcef3f-3f42-46e8-afd7-6cb2a928bd3d, startStationName=shanghai, stationsName=suzhou, terminalStationName=taiyuan, startTime=2013-05-04 12:00:00, endTime=2013-05-04 17:51:52), startPlace=suzhou, endPlace=shanghai, departureTime=2023-01-29 15:38:06), Travel(trip=Trip(id=cfcf2553-3371-42c5-b583-a3c4bb8ef505, tripId=G1236, trainTypeName=GaoTieOne, routeId=a3f256c1-0e43-4f7d-9c21-121bf258101f, startStationName=shanghai, stationsName=suzhou, terminalStationName=taiyuan, startTime=2013-05-04 14:00:00, endTime=2013-05-04 20:51:52), startPlace=suzhou, endPlace=shanghai, departureTime=2023-01-29 15:38:06), Travel(trip=Trip(id=a71c2e28-22c2-4b7f-90cf-715a7f4b35b4, tripId=G1237, trainTypeName=GaoTieTwo, routeId=084837bb-53c8-4438-87c8-0321a4d09917, startStationName=shanghai, stationsName=suzhou, terminalStationName=taiyuan, startTime=2013-05-04 08:00:00, endTime=2013-05-04 17:21:52), startPlace=suzhou, endPlace=shanghai, departureTime=2023-01-29 15:38:06), Travel(trip=Trip(id=465eec52-1bc7-4d8b-8c38-e8f210bb3a77, tripId=D1345, trainTypeName=DongCheOne, routeId=f3d4d4ef-693b-4456-8eed-59c0d717dd08, startStationName=shanghai, stationsName=suzhou, terminalStationName=taiyuan, startTime=2013-05-04 07:00:00, endTime=2013-05-04 19:59:52), startPlace=suzhou, endPlace=shanghai, departureTime=2023-01-29 15:38:06)]]\n"",""stream"":""stdout"",""time"":""2025-06-06T09:22:11.979663233Z""}"
2025-06-06T09:22:10.20320958Z,1674984130203209580,33.33.33.116,ts-travel-service-64469b5b48-25zj6,server,9fcd92cfc9982ca02b36bf06c5e9e3c9,a173a65dfae5d517,"{""log"":""17:22:10.203 INFO  t.s.TravelServiceImpl#457 TraceID: 9fcd92cfc9982ca02b36bf06c5e9e3c9 SpanID: a173a65dfae5d517 [getTickets][Calculate distance][calculate time：16  time: Sat May 04 07:16:00 CST 2013]\n"",""stream"":""stdout"",""time"":""2025-06-06T09:22:10.20320958Z""}"
2025-06-06T09:22:10.203066206Z,1674984130203066206,33.33.33.116,ts-travel-service-64469b5b48-25zj6,server,9fcd92cfc9982ca02b36bf06c5e9e3c9,a173a65dfae5d517,"{""log"":""17:22:10.202 INFO  t.s.TravelServiceImpl#451 TraceID: 9fcd92cfc9982ca02b36bf06c5e9e3c9 SpanID: a173a65dfae5d517 [getTickets][Calculate distance][calculate time：0  time: Sat May 04 07:00:00 CST 2013]\n"",""stream"":""stdout"",""time"":""2025-06-06T09:22:10.203066206Z""}"
2025-06-06T09:22:10.20289888Z,1674984130202898880,33.33.33.116,ts-travel-service-64469b5b48-25zj6,server,9fcd92cfc9982ca02b36bf06c5e9e3c9,a173a65dfae5d517,"{""log"":""17:22:10.202 INFO  t.s.TravelServiceImpl#558 TraceID: 9fcd92cfc9982ca02b36bf06c5e9e3c9 SpanID: a173a65dfae5d517 [getRestTicketNumber][Get Rest tickets num][num is: Response(status=1, msg=Get Left Ticket of Internal Success, data=1073741823)]\n"",""stream"":""stdout"",""time"":""2025-06-06T09:22:10.20289888Z""}"
2025-06-06T09:22:10.170693823Z,1674984130170693823,33.33.33.116,ts-travel-service-64469b5b48-25zj6,server,9fcd92cfc9982ca02b36bf06c5e9e3c9,a173a65dfae5d517,"{""log"":""17:22:10.170 INFO  t.s.TravelServiceImpl#548 TraceID: 9fcd92cfc9982ca02b36bf06c5e9e3c9 SpanID: a173a65dfae5d517 [getRestTicketNumber][Seat request][request: Seat(travelDate=2023-01-29 15:38:06, trainNumber=D1345, startStation=shanghai, destStation=suzhou, seatType=3, totalNum=2147483647, stations=[shanghai, suzhou])]\n"",""stream"":""stdout"",""time"":""2025-06-06T09:22:10.170693823Z""}"
2025-06-06T09:22:10.17060328Z,1674984130170603280,33.33.33.116,ts-travel-service-64469b5b48-25zj6,server,9fcd92cfc9982ca02b36bf06c5e9e3c9,a173a65dfae5d517,"{""log"":""17:22:10.170 INFO  t.s.TravelServiceImpl#558 TraceID: 9fcd92cfc9982ca02b36bf06c5e9e3c9 SpanID: a173a65dfae5d517 [getRestTicketNumber][Get Rest tickets num][num is: Response(status=1, msg=Get Left Ticket of Internal Success, data=1073741823)]\n"",""stream"":""stdout"",""time"":""2025-06-06T09:22:10.17060328Z""}"
2025-06-06T09:22:10.128789501Z,1674984130128789501,33.33.33.116,ts-travel-service-64469b5b48-25zj6,server,9fcd92cfc9982ca02b36bf06c5e9e3c9,a173a65dfae5d517,"{""log"":""17:22:10.128 INFO  t.s.TravelServiceImpl#548 TraceID: 9fcd92cfc9982ca02b36bf06c5e9e3c9 SpanID: a173a65dfae5d517 [getRestTicketNumber][Seat request][request: Seat(travelDate=2023-01-29 15:38:06, trainNumber=D1345, startStation=shanghai, destStation=suzhou, seatType=2, totalNum=2147483647, stations=[shanghai, suzhou])]\n"",""stream"":""stdout"",""time"":""2025-06-06T09:22:10.128789501Z""}"
2025-06-06T09:22:10.076149947Z,1674984130076149947,33.33.33.116,ts-travel-service-64469b5b48-25zj6,server,9fcd92cfc9982ca02b36bf06c5e9e3c9,a173a65dfae5d517,"{""log"":""17:22:10.075 INFO  t.s.TravelServiceImpl#343 TraceID: 9fcd92cfc9982ca02b36bf06c5e9e3c9 SpanID: a173a65dfae5d517 [getTicketsByBatch][before get basic][trips: [Trip(id=015fd636-861e-4714-9347-2efbb1a98f37, tripId=G1234, trainTypeName=GaoTieOne, routeId=92708982-77af-4318-be25-57ccb0ff69ad, startStationName=shanghai, stationsName=suzhou, terminalStationName=taiyuan, startTime=2013-05-04 09:00:00, endTime=2013-05-04 15:51:52), Trip(id=38893061-3fd2-4ac4-bbc9-f0d727f83d6f, tripId=G1235, trainTypeName=GaoTieOne, routeId=aefcef3f-3f42-46e8-afd7-6cb2a928bd3d, startStationName=shanghai, stationsName=suzhou, terminalStationName=taiyuan, startTime=2013-05-04 12:00:00, endTime=2013-05-04 17:51:52), Trip(id=cfcf2553-3371-42c5-b583-a3c4bb8ef505, tripId=G1236, trainTypeName=GaoTieOne, routeId=a3f256c1-0e43-4f7d-9c21-121bf258101f, startStationName=shanghai, stationsName=suzhou, terminalStationName=taiyuan, startTime=2013-05-04 14:00:00, endTime=2013-05-04 20:51:52), Trip(id=a71c2e28-22c2-4b7f-90cf-715a7f4b35b4, tripId=G1237, trainTypeName=GaoTieTwo, routeId=084837bb-53c8-4438-87c8-0321a4d09917, startStationName=shanghai, stationsName=suzhou, terminalStationName=taiyuan, startTime=2013-05-04 08:00:00, endTime=2013-05-04 17:21:52), Trip(id=465eec52-1bc7-4d8b-8c38-e8f210bb3a77, tripId=D1345, trainTypeName=DongCheOne, routeId=f3d4d4ef-693b-4456-8eed-59c0d717dd08, startStationName=shanghai, stationsName=suzhou, terminalStationName=taiyuan, startTime=2013-05-04 07:00:00, endTime=2013-05-04 19:59:52)]]\n"",""stream"":""stdout"",""time"":""2025-06-06T09:22:10.076149947Z""}"
2025-06-06T09:22:10.075962265Z,1674984130075962265,33.33.33.116,ts-travel-service-64469b5b48-25zj6,server,9fcd92cfc9982ca02b36bf06c5e9e3c9,a173a65dfae5d517,"{""log"":""17:22:10.075 INFO  t.s.TravelServiceImpl#487 TraceID: 9fcd92cfc9982ca02b36bf06c5e9e3c9 SpanID: a173a65dfae5d517 [departrue date][y: 2023][m:0][d: 29]\n"",""stream"":""stdout"",""time"":""2025-06-06T09:22:10.075962265Z""}"
2025-06-06T09:22:10.075837142Z,1674984130075837142,33.33.33.116,ts-travel-service-64469b5b48-25zj6,server,9fcd92cfc9982ca02b36bf06c5e9e3c9,a173a65dfae5d517,"{""log"":""17:22:10.075 INFO  t.s.TravelServiceImpl#486 TraceID: 9fcd92cfc9982ca02b36bf06c5e9e3c9 SpanID: a173a65dfae5d517 [today date][y: 2023][m:0][d: 29]\n"",""stream"":""stdout"",""time"":""2025-06-06T09:22:10.075837142Z""}"
2025-06-06T09:22:10.072662477Z,1674984130072662477,33.33.33.116,ts-travel-service-64469b5b48-25zj6,server,9fcd92cfc9982ca02b36bf06c5e9e3c9,a173a65dfae5d517,"{""log"":""17:22:10.071 INFO  t.c.TravelController#122 TraceID: 9fcd92cfc9982ca02b36bf06c5e9e3c9 SpanID: a173a65dfae5d517 [query][Query TripResponse]\n"",""stream"":""stdout"",""time"":""2025-06-06T09:22:10.072662477Z""}"
2025-06-06T09:22:10.090069818Z,1674984130090069818,33.33.33.79,ts-train-service-86f5f97bc9-dkqmf,server,9fcd92cfc9982ca02b36bf06c5e9e3c9,98a402de6ba32414,"{""log"":""17:22:10.089 INFO  t.c.TrainController#72 TraceID: 9fcd92cfc9982ca02b36bf06c5e9e3c9 SpanID: 98a402de6ba32414 [retrieveByNames][Retrieve train][TrainTypeNames: [DongCheOne, GaoTieOne, GaoTieTwo]]\n"",""stream"":""stdout"",""time"":""2025-06-06T09:22:10.090069818Z""}"
2025-06-06T09:22:10.083039464Z,1674984130083039464,33.33.33.76,ts-station-service-7f4f5f6f77-5qb6j,server,9fcd92cfc9982ca02b36bf06c5e9e3c9,11797ec438bb93b4,"{""log"":""17:22:10.082 INFO  f.m.c.StationController#71 TraceID: 9fcd92cfc9982ca02b36bf06c5e9e3c9 SpanID: 11797ec438bb93b4 [queryForIdBatch][Query stations for id batch][StationNameNumbers: 2]\n"",""stream"":""stdout"",""time"":""2025-06-06T09:22:10.083039464Z""}"
2025-06-06T09:22:10.201104975Z,1674984130201104975,33.33.33.82,ts-seat-service-5c95b49cff-tdsdz,server,9fcd92cfc9982ca02b36bf06c5e9e3c9,d6f8bc8ac8327408,"{""log"":""17:22:10.200 INFO  s.s.SeatServiceImpl#217 TraceID: 9fcd92cfc9982ca02b36bf06c5e9e3c9 SpanID: d6f8bc8ac8327408 [getDirectProportion][Configs is : Config(name=DirectTicketAllocationProportion, value=0.5, description=Allocation Proportion Of The Direct Ticket - From Start To End)]\n"",""stream"":""stdout"",""time"":""2025-06-06T09:22:10.201104975Z""}"
2025-06-06T09:22:10.195834175Z,1674984130195834175,33.33.33.82,ts-seat-service-5c95b49cff-tdsdz,server,9fcd92cfc9982ca02b36bf06c5e9e3c9,d6f8bc8ac8327408,"{""log"":""17:22:10.195 INFO  s.s.SeatServiceImpl#151 TraceID: 9fcd92cfc9982ca02b36bf06c5e9e3c9 SpanID: d6f8bc8ac8327408 [getLeftTicketOfInterval][Get Order tickets result][result is \u003c200,Response(status=0, msg=Order is Null., data=null),[vary:\""Origin,Access-Control-Request-Method,Access-Control-Request-Headers\"", x-content-type-options:\""nosniff\"", x-xss-protection:\""1; mode=block\"", cache-control:\""no-cache, no-store, max-age=0, must-revalidate\"", pragma:\""no-cache\"", expires:\""0\"", x-frame-options:\""DENY\"", content-type:\""application/json\"", date:\""Sun, 29 Jan 2023 09:22:10 GMT\"", x-envoy-upstream-service-time:\""3\"", server:\""envoy\"", transfer-encoding:\""chunked\""]\u003e]\n"",""stream"":""stdout"",""time"":""2025-06-06T09:22:10.195834175Z""}"
2025-06-06T09:22:10.189694711Z,1674984130189694711,33.33.33.82,ts-seat-service-5c95b49cff-tdsdz,server,9fcd92cfc9982ca02b36bf06c5e9e3c9,d6f8bc8ac8327408,"{""log"":""17:22:10.189 INFO  s.s.SeatServiceImpl#139 TraceID: 9fcd92cfc9982ca02b36bf06c5e9e3c9 SpanID: d6f8bc8ac8327408 [getLeftTicketOfInterval][TrainNumber start with G|D][trainNumber:D1345]\n"",""stream"":""stdout"",""time"":""2025-06-06T09:22:10.189694711Z""}"
2025-06-06T09:22:10.189335907Z,1674984130189335907,33.33.33.82,ts-seat-service-5c95b49cff-tdsdz,server,9fcd92cfc9982ca02b36bf06c5e9e3c9,d6f8bc8ac8327408,"{""log"":""17:22:10.188 INFO  s.s.SeatServiceImpl#137 TraceID: 9fcd92cfc9982ca02b36bf06c5e9e3c9 SpanID: d6f8bc8ac8327408 [getLeftTicketOfInterval][Seat request][request:Seat(travelDate=2023-01-29 15:38:06, trainNumber=D1345, startStation=shanghai, destStation=suzhou, seatType=3, totalNum=2147483647, stations=[shanghai, suzhou])]\n"",""stream"":""stdout"",""time"":""2025-06-06T09:22:10.189335907Z""}"
2025-06-06T09:22:10.188988999Z,1674984130188988999,33.33.33.82,ts-seat-service-5c95b49cff-tdsdz,server,9fcd92cfc9982ca02b36bf06c5e9e3c9,d6f8bc8ac8327408,"{""log"":""17:22:10.188 INFO  s.c.SeatController#57 TraceID: 9fcd92cfc9982ca02b36bf06c5e9e3c9 SpanID: d6f8bc8ac8327408 [getLeftTicketOfInterval][Get left ticket of interval][TravelDate: 2023-01-29 15:38:06,TrainNumber: D1345,SeatType: 3]\n"",""stream"":""stdout"",""time"":""2025-06-06T09:22:10.188988999Z""}"
2025-06-06T09:22:10.168597647Z,1674984130168597647,33.33.33.82,ts-seat-service-5c95b49cff-tdsdz,server,9fcd92cfc9982ca02b36bf06c5e9e3c9,953230356d448026,"{""log"":""17:22:10.167 INFO  s.s.SeatServiceImpl#217 TraceID: 9fcd92cfc9982ca02b36bf06c5e9e3c9 SpanID: 953230356d448026 [getDirectProportion][Configs is : Config(name=DirectTicketAllocationProportion, value=0.5, description=Allocation Proportion Of The Direct Ticket - From Start To End)]\n"",""stream"":""stdout"",""time"":""2025-06-06T09:22:10.168597647Z""}"
2025-06-06T09:22:10.14356713Z,1674984130143567130,33.33.33.82,ts-seat-service-5c95b49cff-tdsdz,server,9fcd92cfc9982ca02b36bf06c5e9e3c9,953230356d448026,"{""log"":""17:22:10.142 INFO  s.s.SeatServiceImpl#151 TraceID: 9fcd92cfc9982ca02b36bf06c5e9e3c9 SpanID: 953230356d448026 [getLeftTicketOfInterval][Get Order tickets result][result is \u003c200,Response(status=0, msg=Order is Null., data=null),[vary:\""Origin,Access-Control-Request-Method,Access-Control-Request-Headers\"", x-content-type-options:\""nosniff\"", x-xss-protection:\""1; mode=block\"", cache-control:\""no-cache, no-store, max-age=0, must-revalidate\"", pragma:\""no-cache\"", expires:\""0\"", x-frame-options:\""DENY\"", content-type:\""application/json\"", date:\""Sun, 29 Jan 2023 09:22:10 GMT\"", x-envoy-upstream-service-time:\""4\"", server:\""envoy\"", transfer-encoding:\""chunked\""]\u003e]\n"",""stream"":""stdout"",""time"":""2025-06-06T09:22:10.14356713Z""}"
2025-06-06T09:22:10.134910477Z,1674984130134910477,33.33.33.82,ts-seat-service-5c95b49cff-tdsdz,server,9fcd92cfc9982ca02b36bf06c5e9e3c9,953230356d448026,"{""log"":""17:22:10.134 INFO  s.s.SeatServiceImpl#139 TraceID: 9fcd92cfc9982ca02b36bf06c5e9e3c9 SpanID: 953230356d448026 [getLeftTicketOfInterval][TrainNumber start with G|D][trainNumber:D1345]\n"",""stream"":""stdout"",""time"":""2025-06-06T09:22:10.134910477Z""}"
2025-06-06T09:22:10.134584144Z,1674984130134584144,33.33.33.82,ts-seat-service-5c95b49cff-tdsdz,server,9fcd92cfc9982ca02b36bf06c5e9e3c9,953230356d448026,"{""log"":""17:22:10.133 INFO  s.s.SeatServiceImpl#137 TraceID: 9fcd92cfc9982ca02b36bf06c5e9e3c9 SpanID: 953230356d448026 [getLeftTicketOfInterval][Seat request][request:Seat(travelDate=2023-01-29 15:38:06, trainNumber=D1345, startStation=shanghai, destStation=suzhou, seatType=2, totalNum=2147483647, stations=[shanghai, suzhou])]\n"",""stream"":""stdout"",""time"":""2025-06-06T09:22:10.134584144Z""}"
2025-06-06T09:22:10.134173913Z,1674984130134173913,33.33.33.82,ts-seat-service-5c95b49cff-tdsdz,server,9fcd92cfc9982ca02b36bf06c5e9e3c9,953230356d448026,"{""log"":""17:22:10.133 INFO  s.c.SeatController#57 TraceID: 9fcd92cfc9982ca02b36bf06c5e9e3c9 SpanID: 953230356d448026 [getLeftTicketOfInterval][Get left ticket of interval][TravelDate: 2023-01-29 15:38:06,TrainNumber: D1345,SeatType: 2]\n"",""stream"":""stdout"",""time"":""2025-06-06T09:22:10.134173913Z""}"
2025-06-06T09:22:10.099748099Z,1674984130099748099,33.33.33.80,ts-route-service-b6c59fb57-zv8dt,server,9fcd92cfc9982ca02b36bf06c5e9e3c9,82029c502fdfd105,"{""log"":""17:22:10.098 INFO  r.c.RouteController#53 TraceID: 9fcd92cfc9982ca02b36bf06c5e9e3c9 SpanID: 82029c502fdfd105 [getRouteById][Query route by id][RouteId: [92708982-77af-4318-be25-57ccb0ff69ad, aefcef3f-3f42-46e8-afd7-6cb2a928bd3d, a3f256c1-0e43-4f7d-9c21-121bf258101f, 084837bb-53c8-4438-87c8-0321a4d09917, f3d4d4ef-693b-4456-8eed-59c0d717dd08]]\n"",""stream"":""stdout"",""time"":""2025-06-06T09:22:10.099748099Z""}"
2025-06-06T09:22:10.121690429Z,1674984130121690429,33.33.33.79,ts-price-service-76846864d9-g465z,server,9fcd92cfc9982ca02b36bf06c5e9e3c9,46d97853090736a0,"{""log"":""17:22:10.120 INFO  p.c.PriceController#46 TraceID: 9fcd92cfc9982ca02b36bf06c5e9e3c9 SpanID: 46d97853090736a0 [findByRouteIdAndTrainType][Query price][routeId and Train Type: [f3d4d4ef-693b-4456-8eed-59c0d717dd08:DongCheOne]]\n"",""stream"":""stdout"",""time"":""2025-06-06T09:22:10.121690429Z""}"
2025-06-06T09:22:10.193787488Z,1674984130193787488,33.33.33.76,ts-order-service-5b67c48447-mv5hb,server,9fcd92cfc9982ca02b36bf06c5e9e3c9,0d2d2f2763812239,"{""log"":""17:22:10.193 WARN  o.s.OrderServiceImpl#68 TraceID: 9fcd92cfc9982ca02b36bf06c5e9e3c9 SpanID: 0d2d2f2763812239 [getSoldTickets][Seat][Left ticket info is empty][seat from date: 2023-01-29 15:38:06, train number: D1345]\n"",""stream"":""stdout"",""time"":""2025-06-06T09:22:10.193787488Z""}"
2025-06-06T09:22:10.192517035Z,1674984130192517035,33.33.33.76,ts-order-service-5b67c48447-mv5hb,server,9fcd92cfc9982ca02b36bf06c5e9e3c9,0d2d2f2763812239,"{""log"":""17:22:10.192 INFO  o.c.OrderController#39 TraceID: 9fcd92cfc9982ca02b36bf06c5e9e3c9 SpanID: 0d2d2f2763812239 [getSoldTickets][Get Sold Ticket][Travel Date: 2023-01-29 15:38:06]\n"",""stream"":""stdout"",""time"":""2025-06-06T09:22:10.192517035Z""}"
2025-06-06T09:22:10.141172461Z,1674984130141172461,33.33.33.76,ts-order-service-5b67c48447-mv5hb,server,9fcd92cfc9982ca02b36bf06c5e9e3c9,ddd578abf69ef49e,"{""log"":""17:22:10.140 WARN  o.s.OrderServiceImpl#68 TraceID: 9fcd92cfc9982ca02b36bf06c5e9e3c9 SpanID: ddd578abf69ef49e [getSoldTickets][Seat][Left ticket info is empty][seat from date: 2023-01-29 15:38:06, train number: D1345]\n"",""stream"":""stdout"",""time"":""2025-06-06T09:22:10.141172461Z""}"
2025-06-06T09:22:10.139548029Z,1674984130139548029,33.33.33.76,ts-order-service-5b67c48447-mv5hb,server,9fcd92cfc9982ca02b36bf06c5e9e3c9,ddd578abf69ef49e,"{""log"":""17:22:10.139 INFO  o.c.OrderController#39 TraceID: 9fcd92cfc9982ca02b36bf06c5e9e3c9 SpanID: ddd578abf69ef49e [getSoldTickets][Get Sold Ticket][Travel Date: 2023-01-29 15:38:06]\n"",""stream"":""stdout"",""time"":""2025-06-06T09:22:10.139548029Z""}"
2025-06-06T09:22:10.199252363Z,1674984130199252363,33.33.33.115,ts-config-service-5fcd447d84-wxwjd,server,9fcd92cfc9982ca02b36bf06c5e9e3c9,9721a768f86cdaae,"{""log"":""17:22:10.198 INFO  c.s.ConfigServiceImpl#65 TraceID: 9fcd92cfc9982ca02b36bf06c5e9e3c9 SpanID: 9721a768f86cdaae [query][Query config success][config name: DirectTicketAllocationProportion]\n"",""stream"":""stdout"",""time"":""2025-06-06T09:22:10.199252363Z""}"
2025-06-06T09:22:10.198166884Z,1674984130198166884,33.33.33.115,ts-config-service-5fcd447d84-wxwjd,server,9fcd92cfc9982ca02b36bf06c5e9e3c9,9721a768f86cdaae,"{""log"":""17:22:10.197 INFO  c.c.ConfigController#67 TraceID: 9fcd92cfc9982ca02b36bf06c5e9e3c9 SpanID: 9721a768f86cdaae [retrieve][Retrieve config][configName: DirectTicketAllocationProportion]\n"",""stream"":""stdout"",""time"":""2025-06-06T09:22:10.198166884Z""}"
2025-06-06T09:22:10.147559876Z,1674984130147559876,33.33.33.115,ts-config-service-5fcd447d84-wxwjd,server,9fcd92cfc9982ca02b36bf06c5e9e3c9,f1cf5c00076cb619,"{""log"":""17:22:10.147 INFO  c.s.ConfigServiceImpl#65 TraceID: 9fcd92cfc9982ca02b36bf06c5e9e3c9 SpanID: f1cf5c00076cb619 [query][Query config success][config name: DirectTicketAllocationProportion]\n"",""stream"":""stdout"",""time"":""2025-06-06T09:22:10.147559876Z""}"
2025-06-06T09:22:10.146358958Z,1674984130146358958,33.33.33.115,ts-config-service-5fcd447d84-wxwjd,server,9fcd92cfc9982ca02b36bf06c5e9e3c9,f1cf5c00076cb619,"{""log"":""17:22:10.145 INFO  c.c.ConfigController#67 TraceID: 9fcd92cfc9982ca02b36bf06c5e9e3c9 SpanID: f1cf5c00076cb619 [retrieve][Retrieve config][configName: DirectTicketAllocationProportion]\n"",""stream"":""stdout"",""time"":""2025-06-06T09:22:10.146358958Z""}"
2025-06-06T09:22:10.126413972Z,1674984130126413972,33.33.33.76,ts-basic-service-5dc8d4f9fd-46997,server,9fcd92cfc9982ca02b36bf06c5e9e3c9,4dbe9f8b89bd59a4,"{""log"":""17:22:10.126 INFO  f.m.s.BasicServiceImpl#320 TraceID: 9fcd92cfc9982ca02b36bf06c5e9e3c9 SpanID: 4dbe9f8b89bd59a4 [queryForTravels][all done][result map: {D1345=TravelResult(status=true, percent=1.0, trainType=TrainType(id=a14b45f8-64d9-4e40-9d78-5152f726ba8d, name=DongCheOne, economyClass=2147483647, confortClass=2147483647, averageSpeed=180), route=Route(id=f3d4d4ef-693b-4456-8eed-59c0d717dd08, stations=[shanghai, suzhou], distances=[0, 50], startStation=shanghai, endStation=suzhou), prices={confortClass=50.0, economyClass=22.5})}]\n"",""stream"":""stdout"",""time"":""2025-06-06T09:22:10.126413972Z""}"
2025-06-06T09:22:10.126247273Z,1674984130126247273,33.33.33.76,ts-basic-service-5dc8d4f9fd-46997,server,9fcd92cfc9982ca02b36bf06c5e9e3c9,4dbe9f8b89bd59a4,"{""log"":""17:22:10.125 INFO  f.m.s.BasicServiceImpl#481 TraceID: 9fcd92cfc9982ca02b36bf06c5e9e3c9 SpanID: 4dbe9f8b89bd59a4 [queryPriceConfigByRouteIdsAndTrainTypes][Get Price Config by routeId and trainType][Success][priceConfigs: {f3d4d4ef-693b-4456-8eed-59c0d717dd08:DongCheOne={id=d5c4523a-827c-468c-95be-e9024a40572e, trainType=DongCheOne, routeId=f3d4d4ef-693b-4456-8eed-59c0d717dd08, basicPriceRate=0.45, firstClassPriceRate=1.0}}]\n"",""stream"":""stdout"",""time"":""2025-06-06T09:22:10.126247273Z""}"
2025-06-06T09:22:10.117650074Z,1674984130117650074,33.33.33.76,ts-basic-service-5dc8d4f9fd-46997,server,9fcd92cfc9982ca02b36bf06c5e9e3c9,4dbe9f8b89bd59a4,"{""log"":""17:22:10.117 INFO  f.m.s.BasicServiceImpl#459 TraceID: 9fcd92cfc9982ca02b36bf06c5e9e3c9 SpanID: 4dbe9f8b89bd59a4 [queryPriceConfigByRouteIdsAndTrainTypes][Query For Price Config][RouteId and TrainType: [f3d4d4ef-693b-4456-8eed-59c0d717dd08:DongCheOne]]\n"",""stream"":""stdout"",""time"":""2025-06-06T09:22:10.117650074Z""}"
2025-06-06T09:22:10.117257404Z,1674984130117257404,33.33.33.76,ts-basic-service-5dc8d4f9fd-46997,server,9fcd92cfc9982ca02b36bf06c5e9e3c9,4dbe9f8b89bd59a4,"{""log"":""17:22:10.116 ERROR  f.m.s.BasicServiceImpl#415 TraceID: 9fcd92cfc9982ca02b36bf06c5e9e3c9 SpanID: 4dbe9f8b89bd59a4 [getRoutesByRouteIds][Get Route By Ids Failed]\n"",""stream"":""stdout"",""time"":""2025-06-06T09:22:10.117257404Z""}"
2025-06-06T09:22:10.094443508Z,1674984130094443508,33.33.33.76,ts-basic-service-5dc8d4f9fd-46997,server,9fcd92cfc9982ca02b36bf06c5e9e3c9,4dbe9f8b89bd59a4,"{""log"":""17:22:10.094 INFO  f.m.s.BasicServiceImpl#405 TraceID: 9fcd92cfc9982ca02b36bf06c5e9e3c9 SpanID: 4dbe9f8b89bd59a4 [getRoutesByRouteIds][Get Route By Ids][Route IDs: [92708982-77af-4318-be25-57ccb0ff69ad, aefcef3f-3f42-46e8-afd7-6cb2a928bd3d, a3f256c1-0e43-4f7d-9c21-121bf258101f, 084837bb-53c8-4438-87c8-0321a4d09917, f3d4d4ef-693b-4456-8eed-59c0d717dd08]]\n"",""stream"":""stdout"",""time"":""2025-06-06T09:22:10.094443508Z""}"
2025-06-06T09:22:10.085896507Z,1674984130085896507,33.33.33.76,ts-basic-service-5dc8d4f9fd-46997,server,9fcd92cfc9982ca02b36bf06c5e9e3c9,4dbe9f8b89bd59a4,"{""log"":""17:22:10.085 INFO  f.m.s.BasicServiceImpl#374 TraceID: 9fcd92cfc9982ca02b36bf06c5e9e3c9 SpanID: 4dbe9f8b89bd59a4 [queryTrainTypeByNames][Query Train Type][Train Type names: [DongCheOne, GaoTieOne, GaoTieTwo]]\n"",""stream"":""stdout"",""time"":""2025-06-06T09:22:10.085896507Z""}"
2025-06-06T09:22:10.080622184Z,1674984130080622184,33.33.33.76,ts-basic-service-5dc8d4f9fd-46997,server,9fcd92cfc9982ca02b36bf06c5e9e3c9,4dbe9f8b89bd59a4,"{""log"":""17:22:10.080 INFO  f.m.s.BasicServiceImpl#343 TraceID: 9fcd92cfc9982ca02b36bf06c5e9e3c9 SpanID: 4dbe9f8b89bd59a4 [checkStationsExists][Check Stations Exists][stationNames: [suzhou, shanghai]]\n"",""stream"":""stdout"",""time"":""2025-06-06T09:22:10.080622184Z""}"
2025-06-06T09:22:10.08051466Z,1674984130080514660,33.33.33.76,ts-basic-service-5dc8d4f9fd-46997,server,9fcd92cfc9982ca02b36bf06c5e9e3c9,4dbe9f8b89bd59a4,"{""log"":""17:22:10.079 INFO  f.m.c.BasicController#45 TraceID: 9fcd92cfc9982ca02b36bf06c5e9e3c9 SpanID: 4dbe9f8b89bd59a4 [queryForTravels][Query for travels][Travels: [Travel(trip=Trip(id=015fd636-861e-4714-9347-2efbb1a98f37, tripId=G1234, trainTypeName=GaoTieOne, routeId=92708982-77af-4318-be25-57ccb0ff69ad, startStationName=shanghai, stationsName=suzhou, terminalStationName=taiyuan, startTime=2013-05-04 09:00:00, endTime=2013-05-04 15:51:52), startPlace=shanghai, endPlace=suzhou, departureTime=2023-01-29 15:38:06), Travel(trip=Trip(id=38893061-3fd2-4ac4-bbc9-f0d727f83d6f, tripId=G1235, trainTypeName=GaoTieOne, routeId=aefcef3f-3f42-46e8-afd7-6cb2a928bd3d, startStationName=shanghai, stationsName=suzhou, terminalStationName=taiyuan, startTime=2013-05-04 12:00:00, endTime=2013-05-04 17:51:52), startPlace=shanghai, endPlace=suzhou, departureTime=2023-01-29 15:38:06), Travel(trip=Trip(id=cfcf2553-3371-42c5-b583-a3c4bb8ef505, tripId=G1236, trainTypeName=GaoTieOne, routeId=a3f256c1-0e43-4f7d-9c21-121bf258101f, startStationName=shanghai, stationsName=suzhou, terminalStationName=taiyuan, startTime=2013-05-04 14:00:00, endTime=2013-05-04 20:51:52), startPlace=shanghai, endPlace=suzhou, departureTime=2023-01-29 15:38:06), Travel(trip=Trip(id=a71c2e28-22c2-4b7f-90cf-715a7f4b35b4, tripId=G1237, trainTypeName=GaoTieTwo, routeId=084837bb-53c8-4438-87c8-0321a4d09917, startStationName=shanghai, stationsName=suzhou, terminalStationName=taiyuan, startTime=2013-05-04 08:00:00, endTime=2013-05-04 17:21:52), startPlace=shanghai, endPlace=suzhou, departureTime=2023-01-29 15:38:06), Travel(trip=Trip(id=465eec52-1bc7-4d8b-8c38-e8f210bb3a77, tripId=D1345, trainTypeName=DongCheOne, routeId=f3d4d4ef-693b-4456-8eed-59c0d717dd08, startStationName=shanghai, stationsName=suzhou, terminalStationName=taiyuan, startTime=2013-05-04 07:00:00, endTime=2013-05-04 19:59:52), startPlace=shanghai, endPlace=suzhou, departureTime=2023-01-29 15:38:06)]]\n"",""stream"":""stdout"",""time"":""2025-06-06T09:22:10.08051466Z""}"
2025-06-06T09:22:18.090456585Z,1674984138090456585,33.33.33.116,ts-travel-service-64469b5b48-25zj6,server,f6a2e92311e16f0d9742ff5cea17df1b,42b94f951d70f7fe,"{""log"":""17:22:18.090 INFO  t.s.TravelServiceImpl#457 TraceID: f6a2e92311e16f0d9742ff5cea17df1b SpanID: 42b94f951d70f7fe [getTickets][Calculate distance][calculate time：16  time: Sat May 04 07:16:00 CST 2013]\n"",""stream"":""stdout"",""time"":""2025-06-06T09:22:18.090456585Z""}"
2025-06-06T09:22:18.090337109Z,1674984138090337109,33.33.33.116,ts-travel-service-64469b5b48-25zj6,server,f6a2e92311e16f0d9742ff5cea17df1b,42b94f951d70f7fe,"{""log"":""17:22:18.090 INFO  t.s.TravelServiceImpl#451 TraceID: f6a2e92311e16f0d9742ff5cea17df1b SpanID: 42b94f951d70f7fe [getTickets][Calculate distance][calculate time：0  time: Sat May 04 07:00:00 CST 2013]\n"",""stream"":""stdout"",""time"":""2025-06-06T09:22:18.090337109Z""}"
2025-06-06T09:22:18.090127303Z,1674984138090127303,33.33.33.116,ts-travel-service-64469b5b48-25zj6,server,f6a2e92311e16f0d9742ff5cea17df1b,42b94f951d70f7fe,"{""log"":""17:22:18.089 INFO  t.s.TravelServiceImpl#558 TraceID: f6a2e92311e16f0d9742ff5cea17df1b SpanID: 42b94f951d70f7fe [getRestTicketNumber][Get Rest tickets num][num is: Response(status=1, msg=Get Left Ticket of Internal Success, data=1073741823)]\n"",""stream"":""stdout"",""time"":""2025-06-06T09:22:18.090127303Z""}"
2025-06-06T09:22:18.074467541Z,1674984138074467541,33.33.33.116,ts-travel-service-64469b5b48-25zj6,server,f6a2e92311e16f0d9742ff5cea17df1b,42b94f951d70f7fe,"{""log"":""17:22:18.074 INFO  t.s.TravelServiceImpl#548 TraceID: f6a2e92311e16f0d9742ff5cea17df1b SpanID: 42b94f951d70f7fe [getRestTicketNumber][Seat request][request: Seat(travelDate=2023-01-29 15:38:06, trainNumber=D1345, startStation=shanghai, destStation=suzhou, seatType=3, totalNum=2147483647, stations=[shanghai, suzhou])]\n"",""stream"":""stdout"",""time"":""2025-06-06T09:22:18.074467541Z""}"
2025-06-06T09:22:18.074345762Z,1674984138074345762,33.33.33.116,ts-travel-service-64469b5b48-25zj6,server,f6a2e92311e16f0d9742ff5cea17df1b,42b94f951d70f7fe,"{""log"":""17:22:18.074 INFO  t.s.TravelServiceImpl#558 TraceID: f6a2e92311e16f0d9742ff5cea17df1b SpanID: 42b94f951d70f7fe [getRestTicketNumber][Get Rest tickets num][num is: Response(status=1, msg=Get Left Ticket of Internal Success, data=1073741823)]\n"",""stream"":""stdout"",""time"":""2025-06-06T09:22:18.074345762Z""}"
2025-06-06T09:22:18.033846676Z,1674984138033846676,33.33.33.116,ts-travel-service-64469b5b48-25zj6,server,f6a2e92311e16f0d9742ff5cea17df1b,42b94f951d70f7fe,"{""log"":""17:22:18.033 INFO  t.s.TravelServiceImpl#548 TraceID: f6a2e92311e16f0d9742ff5cea17df1b SpanID: 42b94f951d70f7fe [getRestTicketNumber][Seat request][request: Seat(travelDate=2023-01-29 15:38:06, trainNumber=D1345, startStation=shanghai, destStation=suzhou, seatType=2, totalNum=2147483647, stations=[shanghai, suzhou])]\n"",""stream"":""stdout"",""time"":""2025-06-06T09:22:18.033846676Z""}"
2025-06-06T09:22:17.988280525Z,1674984137988280525,33.33.33.116,ts-travel-service-64469b5b48-25zj6,server,f6a2e92311e16f0d9742ff5cea17df1b,42b94f951d70f7fe,"{""log"":""17:22:17.988 INFO  t.s.TravelServiceImpl#343 TraceID: f6a2e92311e16f0d9742ff5cea17df1b SpanID: 42b94f951d70f7fe [getTicketsByBatch][before get basic][trips: [Trip(id=015fd636-861e-4714-9347-2efbb1a98f37, tripId=G1234, trainTypeName=GaoTieOne, routeId=92708982-77af-4318-be25-57ccb0ff69ad, startStationName=shanghai, stationsName=suzhou, terminalStationName=taiyuan, startTime=2013-05-04 09:00:00, endTime=2013-05-04 15:51:52), Trip(id=38893061-3fd2-4ac4-bbc9-f0d727f83d6f, tripId=G1235, trainTypeName=GaoTieOne, routeId=aefcef3f-3f42-46e8-afd7-6cb2a928bd3d, startStationName=shanghai, stationsName=suzhou, terminalStationName=taiyuan, startTime=2013-05-04 12:00:00, endTime=2013-05-04 17:51:52), Trip(id=cfcf2553-3371-42c5-b583-a3c4bb8ef505, tripId=G1236, trainTypeName=GaoTieOne, routeId=a3f256c1-0e43-4f7d-9c21-121bf258101f, startStationName=shanghai, stationsName=suzhou, terminalStationName=taiyuan, startTime=2013-05-04 14:00:00, endTime=2013-05-04 20:51:52), Trip(id=a71c2e28-22c2-4b7f-90cf-715a7f4b35b4, tripId=G1237, trainTypeName=GaoTieTwo, routeId=084837bb-53c8-4438-87c8-0321a4d09917, startStationName=shanghai, stationsName=suzhou, terminalStationName=taiyuan, startTime=2013-05-04 08:00:00, endTime=2013-05-04 17:21:52), Trip(id=465eec52-1bc7-4d8b-8c38-e8f210bb3a77, tripId=D1345, trainTypeName=DongCheOne, routeId=f3d4d4ef-693b-4456-8eed-59c0d717dd08, startStationName=shanghai, stationsName=suzhou, terminalStationName=taiyuan, startTime=2013-05-04 07:00:00, endTime=2013-05-04 19:59:52)]]\n"",""stream"":""stdout"",""time"":""2025-06-06T09:22:17.988280525Z""}"
2025-06-06T09:22:17.988108228Z,1674984137988108228,33.33.33.116,ts-travel-service-64469b5b48-25zj6,server,f6a2e92311e16f0d9742ff5cea17df1b,42b94f951d70f7fe,"{""log"":""17:22:17.987 INFO  t.s.TravelServiceImpl#487 TraceID: f6a2e92311e16f0d9742ff5cea17df1b SpanID: 42b94f951d70f7fe [departrue date][y: 2023][m:0][d: 29]\n"",""stream"":""stdout"",""time"":""2025-06-06T09:22:17.988108228Z""}"
2025-06-06T09:22:17.987996723Z,1674984137987996723,33.33.33.116,ts-travel-service-64469b5b48-25zj6,server,f6a2e92311e16f0d9742ff5cea17df1b,42b94f951d70f7fe,"{""log"":""17:22:17.987 INFO  t.s.TravelServiceImpl#486 TraceID: f6a2e92311e16f0d9742ff5cea17df1b SpanID: 42b94f951d70f7fe [today date][y: 2023][m:0][d: 29]\n"",""stream"":""stdout"",""time"":""2025-06-06T09:22:17.987996723Z""}"
2025-06-06T09:22:17.985663764Z,1674984137985663764,33.33.33.116,ts-travel-service-64469b5b48-25zj6,server,f6a2e92311e16f0d9742ff5cea17df1b,42b94f951d70f7fe,"{""log"":""17:22:17.985 INFO  t.c.TravelController#122 TraceID: f6a2e92311e16f0d9742ff5cea17df1b SpanID: 42b94f951d70f7fe [query][Query TripResponse]\n"",""stream"":""stdout"",""time"":""2025-06-06T09:22:17.985663764Z""}"
2025-06-06T09:22:18.001129405Z,1674984138001129405,33.33.33.79,ts-train-service-86f5f97bc9-dkqmf,server,f6a2e92311e16f0d9742ff5cea17df1b,8b19935cd9eb9caf,"{""log"":""17:22:18.000 INFO  t.c.TrainController#72 TraceID: f6a2e92311e16f0d9742ff5cea17df1b SpanID: 8b19935cd9eb9caf [retrieveByNames][Retrieve train][TrainTypeNames: [DongCheOne, GaoTieOne, GaoTieTwo]]\n"",""stream"":""stdout"",""time"":""2025-06-06T09:22:18.001129405Z""}"
2025-06-06T09:22:17.994602783Z,1674984137994602783,33.33.33.76,ts-station-service-7f4f5f6f77-5qb6j,server,f6a2e92311e16f0d9742ff5cea17df1b,5202dc6ee444f410,"{""log"":""17:22:17.994 INFO  f.m.c.StationController#71 TraceID: f6a2e92311e16f0d9742ff5cea17df1b SpanID: 5202dc6ee444f410 [queryForIdBatch][Query stations for id batch][StationNameNumbers: 2]\n"",""stream"":""stdout"",""time"":""2025-06-06T09:22:17.994602783Z""}"
2025-06-06T09:22:18.088464921Z,1674984138088464921,33.33.33.82,ts-seat-service-5c95b49cff-tdsdz,server,f6a2e92311e16f0d9742ff5cea17df1b,4b1f0ffc442b9c11,"{""log"":""17:22:18.087 INFO  s.s.SeatServiceImpl#217 TraceID: f6a2e92311e16f0d9742ff5cea17df1b SpanID: 4b1f0ffc442b9c11 [getDirectProportion][Configs is : Config(name=DirectTicketAllocationProportion, value=0.5, description=Allocation Proportion Of The Direct Ticket - From Start To End)]\n"",""stream"":""stdout"",""time"":""2025-06-06T09:22:18.088464921Z""}"
2025-06-06T09:22:18.083927291Z,1674984138083927291,33.33.33.82,ts-seat-service-5c95b49cff-tdsdz,server,f6a2e92311e16f0d9742ff5cea17df1b,4b1f0ffc442b9c11,"{""log"":""17:22:18.083 INFO  s.s.SeatServiceImpl#151 TraceID: f6a2e92311e16f0d9742ff5cea17df1b SpanID: 4b1f0ffc442b9c11 [getLeftTicketOfInterval][Get Order tickets result][result is \u003c200,Response(status=0, msg=Order is Null., data=null),[vary:\""Origin,Access-Control-Request-Method,Access-Control-Request-Headers\"", x-content-type-options:\""nosniff\"", x-xss-protection:\""1; mode=block\"", cache-control:\""no-cache, no-store, max-age=0, must-revalidate\"", pragma:\""no-cache\"", expires:\""0\"", x-frame-options:\""DENY\"", content-type:\""application/json\"", date:\""Sun, 29 Jan 2023 09:22:17 GMT\"", x-envoy-upstream-service-time:\""3\"", server:\""envoy\"", transfer-encoding:\""chunked\""]\u003e]\n"",""stream"":""stdout"",""time"":""2025-06-06T09:22:18.083927291Z""}"
2025-06-06T09:22:18.078002617Z,1674984138078002617,33.33.33.82,ts-seat-service-5c95b49cff-tdsdz,server,f6a2e92311e16f0d9742ff5cea17df1b,4b1f0ffc442b9c11,"{""log"":""17:22:18.077 INFO  s.s.SeatServiceImpl#139 TraceID: f6a2e92311e16f0d9742ff5cea17df1b SpanID: 4b1f0ffc442b9c11 [getLeftTicketOfInterval][TrainNumber start with G|D][trainNumber:D1345]\n"",""stream"":""stdout"",""time"":""2025-06-06T09:22:18.078002617Z""}"
2025-06-06T09:22:18.07759585Z,1674984138077595850,33.33.33.82,ts-seat-service-5c95b49cff-tdsdz,server,f6a2e92311e16f0d9742ff5cea17df1b,4b1f0ffc442b9c11,"{""log"":""17:22:18.077 INFO  s.s.SeatServiceImpl#137 TraceID: f6a2e92311e16f0d9742ff5cea17df1b SpanID: 4b1f0ffc442b9c11 [getLeftTicketOfInterval][Seat request][request:Seat(travelDate=2023-01-29 15:38:06, trainNumber=D1345, startStation=shanghai, destStation=suzhou, seatType=3, totalNum=2147483647, stations=[shanghai, suzhou])]\n"",""stream"":""stdout"",""time"":""2025-06-06T09:22:18.07759585Z""}"
2025-06-06T09:22:18.07721888Z,1674984138077218880,33.33.33.82,ts-seat-service-5c95b49cff-tdsdz,server,f6a2e92311e16f0d9742ff5cea17df1b,4b1f0ffc442b9c11,"{""log"":""17:22:18.076 INFO  s.c.SeatController#57 TraceID: f6a2e92311e16f0d9742ff5cea17df1b SpanID: 4b1f0ffc442b9c11 [getLeftTicketOfInterval][Get left ticket of interval][TravelDate: 2023-01-29 15:38:06,TrainNumber: D1345,SeatType: 3]\n"",""stream"":""stdout"",""time"":""2025-06-06T09:22:18.07721888Z""}"
2025-06-06T09:22:18.072396835Z,1674984138072396835,33.33.33.82,ts-seat-service-5c95b49cff-tdsdz,server,f6a2e92311e16f0d9742ff5cea17df1b,f30f4e8eba240860,"{""log"":""17:22:18.071 INFO  s.s.SeatServiceImpl#217 TraceID: f6a2e92311e16f0d9742ff5cea17df1b SpanID: f30f4e8eba240860 [getDirectProportion][Configs is : Config(name=DirectTicketAllocationProportion, value=0.5, description=Allocation Proportion Of The Direct Ticket - From Start To End)]\n"",""stream"":""stdout"",""time"":""2025-06-06T09:22:18.072396835Z""}"
2025-06-06T09:22:18.066245092Z,1674984138066245092,33.33.33.82,ts-seat-service-5c95b49cff-tdsdz,server,f6a2e92311e16f0d9742ff5cea17df1b,f30f4e8eba240860,"{""log"":""17:22:18.065 INFO  s.s.SeatServiceImpl#151 TraceID: f6a2e92311e16f0d9742ff5cea17df1b SpanID: f30f4e8eba240860 [getLeftTicketOfInterval][Get Order tickets result][result is \u003c200,Response(status=0, msg=Order is Null., data=null),[vary:\""Origin,Access-Control-Request-Method,Access-Control-Request-Headers\"", x-content-type-options:\""nosniff\"", x-xss-protection:\""1; mode=block\"", cache-control:\""no-cache, no-store, max-age=0, must-revalidate\"", pragma:\""no-cache\"", expires:\""0\"", x-frame-options:\""DENY\"", content-type:\""application/json\"", date:\""Sun, 29 Jan 2023 09:22:17 GMT\"", x-envoy-upstream-service-time:\""4\"", server:\""envoy\"", transfer-encoding:\""chunked\""]\u003e]\n"",""stream"":""stdout"",""time"":""2025-06-06T09:22:18.066245092Z""}"
2025-06-06T09:22:18.057907679Z,1674984138057907679,33.33.33.82,ts-seat-service-5c95b49cff-tdsdz,server,f6a2e92311e16f0d9742ff5cea17df1b,f30f4e8eba240860,"{""log"":""17:22:18.057 INFO  s.s.SeatServiceImpl#139 TraceID: f6a2e92311e16f0d9742ff5cea17df1b SpanID: f30f4e8eba240860 [getLeftTicketOfInterval][TrainNumber start with G|D][trainNumber:D1345]\n"",""stream"":""stdout"",""time"":""2025-06-06T09:22:18.057907679Z""}"
2025-06-06T09:22:18.057544184Z,1674984138057544184,33.33.33.82,ts-seat-service-5c95b49cff-tdsdz,server,f6a2e92311e16f0d9742ff5cea17df1b,f30f4e8eba240860,"{""log"":""17:22:18.057 INFO  s.s.SeatServiceImpl#137 TraceID: f6a2e92311e16f0d9742ff5cea17df1b SpanID: f30f4e8eba240860 [getLeftTicketOfInterval][Seat request][request:Seat(travelDate=2023-01-29 15:38:06, trainNumber=D1345, startStation=shanghai, destStation=suzhou, seatType=2, totalNum=2147483647, stations=[shanghai, suzhou])]\n"",""stream"":""stdout"",""time"":""2025-06-06T09:22:18.057544184Z""}"
2025-06-06T09:22:18.057147275Z,1674984138057147275,33.33.33.82,ts-seat-service-5c95b49cff-tdsdz,server,f6a2e92311e16f0d9742ff5cea17df1b,f30f4e8eba240860,"{""log"":""17:22:18.056 INFO  s.c.SeatController#57 TraceID: f6a2e92311e16f0d9742ff5cea17df1b SpanID: f30f4e8eba240860 [getLeftTicketOfInterval][Get left ticket of interval][TravelDate: 2023-01-29 15:38:06,TrainNumber: D1345,SeatType: 2]\n"",""stream"":""stdout"",""time"":""2025-06-06T09:22:18.057147275Z""}"
2025-06-06T09:22:18.010096537Z,1674984138010096537,33.33.33.80,ts-route-service-b6c59fb57-zv8dt,server,f6a2e92311e16f0d9742ff5cea17df1b,4353bbffe8dd2919,"{""log"":""17:22:18.008 INFO  r.c.RouteController#53 TraceID: f6a2e92311e16f0d9742ff5cea17df1b SpanID: 4353bbffe8dd2919 [getRouteById][Query route by id][RouteId: [92708982-77af-4318-be25-57ccb0ff69ad, aefcef3f-3f42-46e8-afd7-6cb2a928bd3d, a3f256c1-0e43-4f7d-9c21-121bf258101f, 084837bb-53c8-4438-87c8-0321a4d09917, f3d4d4ef-693b-4456-8eed-59c0d717dd08]]\n"",""stream"":""stdout"",""time"":""2025-06-06T09:22:18.010096537Z""}"
2025-06-06T09:22:18.027383383Z,1674984138027383383,33.33.33.79,ts-price-service-76846864d9-g465z,server,f6a2e92311e16f0d9742ff5cea17df1b,32c4db0cc17efa28,"{""log"":""17:22:18.026 INFO  p.c.PriceController#46 TraceID: f6a2e92311e16f0d9742ff5cea17df1b SpanID: 32c4db0cc17efa28 [findByRouteIdAndTrainType][Query price][routeId and Train Type: [f3d4d4ef-693b-4456-8eed-59c0d717dd08:DongCheOne]]\n"",""stream"":""stdout"",""time"":""2025-06-06T09:22:18.027383383Z""}"
2025-06-06T09:22:18.08199016Z,1674984138081990160,33.33.33.76,ts-order-service-5b67c48447-mv5hb,server,f6a2e92311e16f0d9742ff5cea17df1b,67fd4050c532bcfd,"{""log"":""17:22:18.081 WARN  o.s.OrderServiceImpl#68 TraceID: f6a2e92311e16f0d9742ff5cea17df1b SpanID: 67fd4050c532bcfd [getSoldTickets][Seat][Left ticket info is empty][seat from date: 2023-01-29 15:38:06, train number: D1345]\n"",""stream"":""stdout"",""time"":""2025-06-06T09:22:18.08199016Z""}"
2025-06-06T09:22:18.080418983Z,1674984138080418983,33.33.33.76,ts-order-service-5b67c48447-mv5hb,server,f6a2e92311e16f0d9742ff5cea17df1b,67fd4050c532bcfd,"{""log"":""17:22:18.080 INFO  o.c.OrderController#39 TraceID: f6a2e92311e16f0d9742ff5cea17df1b SpanID: 67fd4050c532bcfd [getSoldTickets][Get Sold Ticket][Travel Date: 2023-01-29 15:38:06]\n"",""stream"":""stdout"",""time"":""2025-06-06T09:22:18.080418983Z""}"
2025-06-06T09:22:18.063990053Z,1674984138063990053,33.33.33.76,ts-order-service-5b67c48447-mv5hb,server,f6a2e92311e16f0d9742ff5cea17df1b,c8ff094fc62cc037,"{""log"":""17:22:18.063 WARN  o.s.OrderServiceImpl#68 TraceID: f6a2e92311e16f0d9742ff5cea17df1b SpanID: c8ff094fc62cc037 [getSoldTickets][Seat][Left ticket info is empty][seat from date: 2023-01-29 15:38:06, train number: D1345]\n"",""stream"":""stdout"",""time"":""2025-06-06T09:22:18.063990053Z""}"
2025-06-06T09:22:18.062193976Z,1674984138062193976,33.33.33.76,ts-order-service-5b67c48447-mv5hb,server,f6a2e92311e16f0d9742ff5cea17df1b,c8ff094fc62cc037,"{""log"":""17:22:18.061 INFO  o.c.OrderController#39 TraceID: f6a2e92311e16f0d9742ff5cea17df1b SpanID: c8ff094fc62cc037 [getSoldTickets][Get Sold Ticket][Travel Date: 2023-01-29 15:38:06]\n"",""stream"":""stdout"",""time"":""2025-06-06T09:22:18.062193976Z""}"
2025-06-06T09:22:18.086615039Z,1674984138086615039,33.33.33.115,ts-config-service-5fcd447d84-wxwjd,server,f6a2e92311e16f0d9742ff5cea17df1b,8358c98da2255051,"{""log"":""17:22:18.086 INFO  c.s.ConfigServiceImpl#65 TraceID: f6a2e92311e16f0d9742ff5cea17df1b SpanID: 8358c98da2255051 [query][Query config success][config name: DirectTicketAllocationProportion]\n"",""stream"":""stdout"",""time"":""2025-06-06T09:22:18.086615039Z""}"
2025-06-06T09:22:18.085714015Z,1674984138085714015,33.33.33.115,ts-config-service-5fcd447d84-wxwjd,server,f6a2e92311e16f0d9742ff5cea17df1b,8358c98da2255051,"{""log"":""17:22:18.085 INFO  c.c.ConfigController#67 TraceID: f6a2e92311e16f0d9742ff5cea17df1b SpanID: 8358c98da2255051 [retrieve][Retrieve config][configName: DirectTicketAllocationProportion]\n"",""stream"":""stdout"",""time"":""2025-06-06T09:22:18.085714015Z""}"
2025-06-06T09:22:18.069958573Z,1674984138069958573,33.33.33.115,ts-config-service-5fcd447d84-wxwjd,server,f6a2e92311e16f0d9742ff5cea17df1b,d57f8faa3850a449,"{""log"":""17:22:18.069 INFO  c.s.ConfigServiceImpl#65 TraceID: f6a2e92311e16f0d9742ff5cea17df1b SpanID: d57f8faa3850a449 [query][Query config success][config name: DirectTicketAllocationProportion]\n"",""stream"":""stdout"",""time"":""2025-06-06T09:22:18.069958573Z""}"
2025-06-06T09:22:18.068811433Z,1674984138068811433,33.33.33.115,ts-config-service-5fcd447d84-wxwjd,server,f6a2e92311e16f0d9742ff5cea17df1b,d57f8faa3850a449,"{""log"":""17:22:18.068 INFO  c.c.ConfigController#67 TraceID: f6a2e92311e16f0d9742ff5cea17df1b SpanID: d57f8faa3850a449 [retrieve][Retrieve config][configName: DirectTicketAllocationProportion]\n"",""stream"":""stdout"",""time"":""2025-06-06T09:22:18.068811433Z""}"
2025-06-06T09:22:18.032546444Z,1674984138032546444,33.33.33.76,ts-basic-service-5dc8d4f9fd-46997,server,f6a2e92311e16f0d9742ff5cea17df1b,856af06656795b5f,"{""log"":""17:22:18.031 INFO  f.m.s.BasicServiceImpl#320 TraceID: f6a2e92311e16f0d9742ff5cea17df1b SpanID: 856af06656795b5f [queryForTravels][all done][result map: {D1345=TravelResult(status=true, percent=1.0, trainType=TrainType(id=a14b45f8-64d9-4e40-9d78-5152f726ba8d, name=DongCheOne, economyClass=2147483647, confortClass=2147483647, averageSpeed=180), route=Route(id=f3d4d4ef-693b-4456-8eed-59c0d717dd08, stations=[shanghai, suzhou], distances=[0, 50], startStation=shanghai, endStation=suzhou), prices={confortClass=50.0, economyClass=22.5})}]\n"",""stream"":""stdout"",""time"":""2025-06-06T09:22:18.032546444Z""}"
2025-06-06T09:22:18.032528833Z,1674984138032528833,33.33.33.76,ts-basic-service-5dc8d4f9fd-46997,server,f6a2e92311e16f0d9742ff5cea17df1b,856af06656795b5f,"{""log"":""17:22:18.031 INFO  f.m.s.BasicServiceImpl#481 TraceID: f6a2e92311e16f0d9742ff5cea17df1b SpanID: 856af06656795b5f [queryPriceConfigByRouteIdsAndTrainTypes][Get Price Config by routeId and trainType][Success][priceConfigs: {f3d4d4ef-693b-4456-8eed-59c0d717dd08:DongCheOne={id=d5c4523a-827c-468c-95be-e9024a40572e, trainType=DongCheOne, routeId=f3d4d4ef-693b-4456-8eed-59c0d717dd08, basicPriceRate=0.45, firstClassPriceRate=1.0}}]\n"",""stream"":""stdout"",""time"":""2025-06-06T09:22:18.032528833Z""}"
2025-06-06T09:22:18.023434532Z,1674984138023434532,33.33.33.76,ts-basic-service-5dc8d4f9fd-46997,server,f6a2e92311e16f0d9742ff5cea17df1b,856af06656795b5f,"{""log"":""17:22:18.023 INFO  f.m.s.BasicServiceImpl#459 TraceID: f6a2e92311e16f0d9742ff5cea17df1b SpanID: 856af06656795b5f [queryPriceConfigByRouteIdsAndTrainTypes][Query For Price Config][RouteId and TrainType: [f3d4d4ef-693b-4456-8eed-59c0d717dd08:DongCheOne]]\n"",""stream"":""stdout"",""time"":""2025-06-06T09:22:18.023434532Z""}"
2025-06-06T09:22:18.023016294Z,1674984138023016294,33.33.33.76,ts-basic-service-5dc8d4f9fd-46997,server,f6a2e92311e16f0d9742ff5cea17df1b,856af06656795b5f,"{""log"":""17:22:18.022 ERROR  f.m.s.BasicServiceImpl#415 TraceID: f6a2e92311e16f0d9742ff5cea17df1b SpanID: 856af06656795b5f [getRoutesByRouteIds][Get Route By Ids Failed]\n"",""stream"":""stdout"",""time"":""2025-06-06T09:22:18.023016294Z""}"
2025-06-06T09:22:18.005417652Z,1674984138005417652,33.33.33.76,ts-basic-service-5dc8d4f9fd-46997,server,f6a2e92311e16f0d9742ff5cea17df1b,856af06656795b5f,"{""log"":""17:22:18.005 INFO  f.m.s.BasicServiceImpl#405 TraceID: f6a2e92311e16f0d9742ff5cea17df1b SpanID: 856af06656795b5f [getRoutesByRouteIds][Get Route By Ids][Route IDs: [92708982-77af-4318-be25-57ccb0ff69ad, aefcef3f-3f42-46e8-afd7-6cb2a928bd3d, a3f256c1-0e43-4f7d-9c21-121bf258101f, 084837bb-53c8-4438-87c8-0321a4d09917, f3d4d4ef-693b-4456-8eed-59c0d717dd08]]\n"",""stream"":""stdout"",""time"":""2025-06-06T09:22:18.005417652Z""}"
2025-06-06T09:22:17.997005162Z,1674984137997005162,33.33.33.76,ts-basic-service-5dc8d4f9fd-46997,server,f6a2e92311e16f0d9742ff5cea17df1b,856af06656795b5f,"{""log"":""17:22:17.996 INFO  f.m.s.BasicServiceImpl#374 TraceID: f6a2e92311e16f0d9742ff5cea17df1b SpanID: 856af06656795b5f [queryTrainTypeByNames][Query Train Type][Train Type names: [DongCheOne, GaoTieOne, GaoTieTwo]]\n"",""stream"":""stdout"",""time"":""2025-06-06T09:22:17.997005162Z""}"
2025-06-06T09:22:17.992332535Z,1674984137992332535,33.33.33.76,ts-basic-service-5dc8d4f9fd-46997,server,f6a2e92311e16f0d9742ff5cea17df1b,856af06656795b5f,"{""log"":""17:22:17.992 INFO  f.m.s.BasicServiceImpl#343 TraceID: f6a2e92311e16f0d9742ff5cea17df1b SpanID: 856af06656795b5f [checkStationsExists][Check Stations Exists][stationNames: [suzhou, shanghai]]\n"",""stream"":""stdout"",""time"":""2025-06-06T09:22:17.992332535Z""}"
2025-06-06T09:22:17.992250675Z,1674984137992250675,33.33.33.76,ts-basic-service-5dc8d4f9fd-46997,server,f6a2e92311e16f0d9742ff5cea17df1b,856af06656795b5f,"{""log"":""17:22:17.991 INFO  f.m.c.BasicController#45 TraceID: f6a2e92311e16f0d9742ff5cea17df1b SpanID: 856af06656795b5f [queryForTravels][Query for travels][Travels: [Travel(trip=Trip(id=015fd636-861e-4714-9347-2efbb1a98f37, tripId=G1234, trainTypeName=GaoTieOne, routeId=92708982-77af-4318-be25-57ccb0ff69ad, startStationName=shanghai, stationsName=suzhou, terminalStationName=taiyuan, startTime=2013-05-04 09:00:00, endTime=2013-05-04 15:51:52), startPlace=shanghai, endPlace=suzhou, departureTime=2023-01-29 15:38:06), Travel(trip=Trip(id=38893061-3fd2-4ac4-bbc9-f0d727f83d6f, tripId=G1235, trainTypeName=GaoTieOne, routeId=aefcef3f-3f42-46e8-afd7-6cb2a928bd3d, startStationName=shanghai, stationsName=suzhou, terminalStationName=taiyuan, startTime=2013-05-04 12:00:00, endTime=2013-05-04 17:51:52), startPlace=shanghai, endPlace=suzhou, departureTime=2023-01-29 15:38:06), Travel(trip=Trip(id=cfcf2553-3371-42c5-b583-a3c4bb8ef505, tripId=G1236, trainTypeName=GaoTieOne, routeId=a3f256c1-0e43-4f7d-9c21-121bf258101f, startStationName=shanghai, stationsName=suzhou, terminalStationName=taiyuan, startTime=2013-05-04 14:00:00, endTime=2013-05-04 20:51:52), startPlace=shanghai, endPlace=suzhou, departureTime=2023-01-29 15:38:06), Travel(trip=Trip(id=a71c2e28-22c2-4b7f-90cf-715a7f4b35b4, tripId=G1237, trainTypeName=GaoTieTwo, routeId=084837bb-53c8-4438-87c8-0321a4d09917, startStationName=shanghai, stationsName=suzhou, terminalStationName=taiyuan, startTime=2013-05-04 08:00:00, endTime=2013-05-04 17:21:52), startPlace=shanghai, endPlace=suzhou, departureTime=2023-01-29 15:38:06), Travel(trip=Trip(id=465eec52-1bc7-4d8b-8c38-e8f210bb3a77, tripId=D1345, trainTypeName=DongCheOne, routeId=f3d4d4ef-693b-4456-8eed-59c0d717dd08, startStationName=shanghai, stationsName=suzhou, terminalStationName=taiyuan, startTime=2013-05-04 07:00:00, endTime=2013-05-04 19:59:52), startPlace=shanghai, endPlace=suzhou, departureTime=2023-01-29 15:38:06)]]\n"",""stream"":""stdout"",""time"":""2025-06-06T09:22:17.992250675Z""}"
2025-06-06T09:22:32.879969336Z,1674984152879969336,33.33.33.116,ts-travel-service-64469b5b48-25zj6,server,dc4007163b1a00287b135bdd6ba30de2,454b86e1a30cfd67,"{""log"":""17:22:32.879 INFO  t.s.TravelServiceImpl#457 TraceID: dc4007163b1a00287b135bdd6ba30de2 SpanID: 454b86e1a30cfd67 [getTickets][Calculate distance][calculate time：60  time: Sat May 04 10:00:00 CST 2013]\n"",""stream"":""stdout"",""time"":""2025-06-06T09:22:32.879969336Z""}"
2025-06-06T09:22:32.879820969Z,1674984152879820969,33.33.33.116,ts-travel-service-64469b5b48-25zj6,server,dc4007163b1a00287b135bdd6ba30de2,454b86e1a30cfd67,"{""log"":""17:22:32.879 INFO  t.s.TravelServiceImpl#451 TraceID: dc4007163b1a00287b135bdd6ba30de2 SpanID: 454b86e1a30cfd67 [getTickets][Calculate distance][calculate time：0  time: Sat May 04 09:00:00 CST 2013]\n"",""stream"":""stdout"",""time"":""2025-06-06T09:22:32.879820969Z""}"
2025-06-06T09:22:32.8795731Z,1674984152879573100,33.33.33.116,ts-travel-service-64469b5b48-25zj6,server,dc4007163b1a00287b135bdd6ba30de2,454b86e1a30cfd67,"{""log"":""17:22:32.879 INFO  t.s.TravelServiceImpl#558 TraceID: dc4007163b1a00287b135bdd6ba30de2 SpanID: 454b86e1a30cfd67 [getRestTicketNumber][Get Rest tickets num][num is: Response(status=1, msg=Get Left Ticket of Internal Success, data=1073741823)]\n"",""stream"":""stdout"",""time"":""2025-06-06T09:22:32.8795731Z""}"
2025-06-06T09:22:32.849858844Z,1674984152849858844,33.33.33.116,ts-travel-service-64469b5b48-25zj6,server,dc4007163b1a00287b135bdd6ba30de2,454b86e1a30cfd67,"{""log"":""17:22:32.849 INFO  t.s.TravelServiceImpl#548 TraceID: dc4007163b1a00287b135bdd6ba30de2 SpanID: 454b86e1a30cfd67 [getRestTicketNumber][Seat request][request: Seat(travelDate=2023-01-29 15:38:06, trainNumber=G1234, startStation=nanjing, destStation=shanghai, seatType=3, totalNum=2147483647, stations=[nanjing, zhenjiang, wuxi, suzhou, shanghai])]\n"",""stream"":""stdout"",""time"":""2025-06-06T09:22:32.849858844Z""}"
2025-06-06T09:22:32.849758586Z,1674984152849758586,33.33.33.116,ts-travel-service-64469b5b48-25zj6,server,dc4007163b1a00287b135bdd6ba30de2,454b86e1a30cfd67,"{""log"":""17:22:32.849 INFO  t.s.TravelServiceImpl#558 TraceID: dc4007163b1a00287b135bdd6ba30de2 SpanID: 454b86e1a30cfd67 [getRestTicketNumber][Get Rest tickets num][num is: Response(status=1, msg=Get Left Ticket of Internal Success, data=1073741823)]\n"",""stream"":""stdout"",""time"":""2025-06-06T09:22:32.849758586Z""}"
2025-06-06T09:22:32.596682875Z,1674984152596682875,33.33.33.116,ts-travel-service-64469b5b48-25zj6,server,dc4007163b1a00287b135bdd6ba30de2,454b86e1a30cfd67,"{""log"":""17:22:32.596 INFO  t.s.TravelServiceImpl#548 TraceID: dc4007163b1a00287b135bdd6ba30de2 SpanID: 454b86e1a30cfd67 [getRestTicketNumber][Seat request][request: Seat(travelDate=2023-01-29 15:38:06, trainNumber=G1234, startStation=nanjing, destStation=shanghai, seatType=2, totalNum=2147483647, stations=[nanjing, zhenjiang, wuxi, suzhou, shanghai])]\n"",""stream"":""stdout"",""time"":""2025-06-06T09:22:32.596682875Z""}"
2025-06-06T09:22:32.596543462Z,1674984152596543462,33.33.33.116,ts-travel-service-64469b5b48-25zj6,server,dc4007163b1a00287b135bdd6ba30de2,454b86e1a30cfd67,"{""log"":""17:22:32.596 INFO  t.s.TravelServiceImpl#457 TraceID: dc4007163b1a00287b135bdd6ba30de2 SpanID: 454b86e1a30cfd67 [getTickets][Calculate distance][calculate time：60  time: Sat May 04 13:00:00 CST 2013]\n"",""stream"":""stdout"",""time"":""2025-06-06T09:22:32.596543462Z""}"
2025-06-06T09:22:32.596417934Z,1674984152596417934,33.33.33.116,ts-travel-service-64469b5b48-25zj6,server,dc4007163b1a00287b135bdd6ba30de2,454b86e1a30cfd67,"{""log"":""17:22:32.596 INFO  t.s.TravelServiceImpl#451 TraceID: dc4007163b1a00287b135bdd6ba30de2 SpanID: 454b86e1a30cfd67 [getTickets][Calculate distance][calculate time：0  time: Sat May 04 12:00:00 CST 2013]\n"",""stream"":""stdout"",""time"":""2025-06-06T09:22:32.596417934Z""}"
2025-06-06T09:22:32.596222364Z,1674984152596222364,33.33.33.116,ts-travel-service-64469b5b48-25zj6,server,dc4007163b1a00287b135bdd6ba30de2,454b86e1a30cfd67,"{""log"":""17:22:32.595 INFO  t.s.TravelServiceImpl#558 TraceID: dc4007163b1a00287b135bdd6ba30de2 SpanID: 454b86e1a30cfd67 [getRestTicketNumber][Get Rest tickets num][num is: Response(status=1, msg=Get Left Ticket of Internal Success, data=1073741823)]\n"",""stream"":""stdout"",""time"":""2025-06-06T09:22:32.596222364Z""}"
2025-06-06T09:22:32.555208988Z,1674984152555208988,33.33.33.116,ts-travel-service-64469b5b48-25zj6,server,dc4007163b1a00287b135bdd6ba30de2,454b86e1a30cfd67,"{""log"":""17:22:32.555 INFO  t.s.TravelServiceImpl#548 TraceID: dc4007163b1a00287b135bdd6ba30de2 SpanID: 454b86e1a30cfd67 [getRestTicketNumber][Seat request][request: Seat(travelDate=2023-01-29 15:38:06, trainNumber=G1235, startStation=nanjing, destStation=shanghai, seatType=3, totalNum=2147483647, stations=[nanjing, shanghai])]\n"",""stream"":""stdout"",""time"":""2025-06-06T09:22:32.555208988Z""}"
2025-06-06T09:22:32.555073968Z,1674984152555073968,33.33.33.116,ts-travel-service-64469b5b48-25zj6,server,dc4007163b1a00287b135bdd6ba30de2,454b86e1a30cfd67,"{""log"":""17:22:32.554 INFO  t.s.TravelServiceImpl#558 TraceID: dc4007163b1a00287b135bdd6ba30de2 SpanID: 454b86e1a30cfd67 [getRestTicketNumber][Get Rest tickets num][num is: Response(status=1, msg=Get Left Ticket of Internal Success, data=1073741823)]\n"",""stream"":""stdout"",""time"":""2025-06-06T09:22:32.555073968Z""}"
2025-06-06T09:22:32.530108498Z,1674984152530108498,33.33.33.116,ts-travel-service-64469b5b48-25zj6,server,dc4007163b1a00287b135bdd6ba30de2,454b86e1a30cfd67,"{""log"":""17:22:32.529 INFO  t.s.TravelServiceImpl#548 TraceID: dc4007163b1a00287b135bdd6ba30de2 SpanID: 454b86e1a30cfd67 [getRestTicketNumber][Seat request][request: Seat(travelDate=2023-01-29 15:38:06, trainNumber=G1235, startStation=nanjing, destStation=shanghai, seatType=2, totalNum=2147483647, stations=[nanjing, shanghai])]\n"",""stream"":""stdout"",""time"":""2025-06-06T09:22:32.530108498Z""}"
2025-06-06T09:22:32.529913402Z,1674984152529913402,33.33.33.116,ts-travel-service-64469b5b48-25zj6,server,dc4007163b1a00287b135bdd6ba30de2,454b86e1a30cfd67,"{""log"":""17:22:32.529 INFO  t.s.TravelServiceImpl#457 TraceID: dc4007163b1a00287b135bdd6ba30de2 SpanID: 454b86e1a30cfd67 [getTickets][Calculate distance][calculate time：60  time: Sat May 04 15:00:00 CST 2013]\n"",""stream"":""stdout"",""time"":""2025-06-06T09:22:32.529913402Z""}"
2025-06-06T09:22:32.529785597Z,1674984152529785597,33.33.33.116,ts-travel-service-64469b5b48-25zj6,server,dc4007163b1a00287b135bdd6ba30de2,454b86e1a30cfd67,"{""log"":""17:22:32.529 INFO  t.s.TravelServiceImpl#451 TraceID: dc4007163b1a00287b135bdd6ba30de2 SpanID: 454b86e1a30cfd67 [getTickets][Calculate distance][calculate time：0  time: Sat May 04 14:00:00 CST 2013]\n"",""stream"":""stdout"",""time"":""2025-06-06T09:22:32.529785597Z""}"
2025-06-06T09:22:32.529604694Z,1674984152529604694,33.33.33.116,ts-travel-service-64469b5b48-25zj6,server,dc4007163b1a00287b135bdd6ba30de2,454b86e1a30cfd67,"{""log"":""17:22:32.529 INFO  t.s.TravelServiceImpl#558 TraceID: dc4007163b1a00287b135bdd6ba30de2 SpanID: 454b86e1a30cfd67 [getRestTicketNumber][Get Rest tickets num][num is: Response(status=1, msg=Get Left Ticket of Internal Success, data=1073741823)]\n"",""stream"":""stdout"",""time"":""2025-06-06T09:22:32.529604694Z""}"
2025-06-06T09:22:32.460521876Z,1674984152460521876,33.33.33.116,ts-travel-service-64469b5b48-25zj6,server,dc4007163b1a00287b135bdd6ba30de2,454b86e1a30cfd67,"{""log"":""17:22:32.460 INFO  t.s.TravelServiceImpl#548 TraceID: dc4007163b1a00287b135bdd6ba30de2 SpanID: 454b86e1a30cfd67 [getRestTicketNumber][Seat request][request: Seat(travelDate=2023-01-29 15:38:06, trainNumber=G1236, startStation=nanjing, destStation=shanghai, seatType=3, totalNum=2147483647, stations=[nanjing, suzhou, shanghai])]\n"",""stream"":""stdout"",""time"":""2025-06-06T09:22:32.460521876Z""}"
2025-06-06T09:22:32.460317398Z,1674984152460317398,33.33.33.116,ts-travel-service-64469b5b48-25zj6,server,dc4007163b1a00287b135bdd6ba30de2,454b86e1a30cfd67,"{""log"":""17:22:32.459 INFO  t.s.TravelServiceImpl#558 TraceID: dc4007163b1a00287b135bdd6ba30de2 SpanID: 454b86e1a30cfd67 [getRestTicketNumber][Get Rest tickets num][num is: Response(status=1, msg=Get Left Ticket of Internal Success, data=1073741823)]\n"",""stream"":""stdout"",""time"":""2025-06-06T09:22:32.460317398Z""}"
2025-06-06T09:22:32.409477586Z,1674984152409477586,33.33.33.116,ts-travel-service-64469b5b48-25zj6,server,dc4007163b1a00287b135bdd6ba30de2,454b86e1a30cfd67,"{""log"":""17:22:32.408 INFO  t.s.TravelServiceImpl#548 TraceID: dc4007163b1a00287b135bdd6ba30de2 SpanID: 454b86e1a30cfd67 [getRestTicketNumber][Seat request][request: Seat(travelDate=2023-01-29 15:38:06, trainNumber=G1236, startStation=nanjing, destStation=shanghai, seatType=2, totalNum=2147483647, stations=[nanjing, suzhou, shanghai])]\n"",""stream"":""stdout"",""time"":""2025-06-06T09:22:32.409477586Z""}"
2025-06-06T09:22:32.248575977Z,1674984152248575977,33.33.33.116,ts-travel-service-64469b5b48-25zj6,server,dc4007163b1a00287b135bdd6ba30de2,454b86e1a30cfd67,"{""log"":""17:22:32.248 INFO  t.s.TravelServiceImpl#343 TraceID: dc4007163b1a00287b135bdd6ba30de2 SpanID: 454b86e1a30cfd67 [getTicketsByBatch][before get basic][trips: [Trip(id=015fd636-861e-4714-9347-2efbb1a98f37, tripId=G1234, trainTypeName=GaoTieOne, routeId=92708982-77af-4318-be25-57ccb0ff69ad, startStationName=shanghai, stationsName=suzhou, terminalStationName=taiyuan, startTime=2013-05-04 09:00:00, endTime=2013-05-04 15:51:52), Trip(id=38893061-3fd2-4ac4-bbc9-f0d727f83d6f, tripId=G1235, trainTypeName=GaoTieOne, routeId=aefcef3f-3f42-46e8-afd7-6cb2a928bd3d, startStationName=shanghai, stationsName=suzhou, terminalStationName=taiyuan, startTime=2013-05-04 12:00:00, endTime=2013-05-04 17:51:52), Trip(id=cfcf2553-3371-42c5-b583-a3c4bb8ef505, tripId=G1236, trainTypeName=GaoTieOne, routeId=a3f256c1-0e43-4f7d-9c21-121bf258101f, startStationName=shanghai, stationsName=suzhou, terminalStationName=taiyuan, startTime=2013-05-04 14:00:00, endTime=2013-05-04 20:51:52), Trip(id=a71c2e28-22c2-4b7f-90cf-715a7f4b35b4, tripId=G1237, trainTypeName=GaoTieTwo, routeId=084837bb-53c8-4438-87c8-0321a4d09917, startStationName=shanghai, stationsName=suzhou, terminalStationName=taiyuan, startTime=2013-05-04 08:00:00, endTime=2013-05-04 17:21:52), Trip(id=465eec52-1bc7-4d8b-8c38-e8f210bb3a77, tripId=D1345, trainTypeName=DongCheOne, routeId=f3d4d4ef-693b-4456-8eed-59c0d717dd08, startStationName=shanghai, stationsName=suzhou, terminalStationName=taiyuan, startTime=2013-05-04 07:00:00, endTime=2013-05-04 19:59:52)]]\n"",""stream"":""stdout"",""time"":""2025-06-06T09:22:32.248575977Z""}"
2025-06-06T09:22:32.248353732Z,1674984152248353732,33.33.33.116,ts-travel-service-64469b5b48-25zj6,server,dc4007163b1a00287b135bdd6ba30de2,454b86e1a30cfd67,"{""log"":""17:22:32.248 INFO  t.s.TravelServiceImpl#487 TraceID: dc4007163b1a00287b135bdd6ba30de2 SpanID: 454b86e1a30cfd67 [departrue date][y: 2023][m:0][d: 29]\n"",""stream"":""stdout"",""time"":""2025-06-06T09:22:32.248353732Z""}"
2025-06-06T09:22:32.248215539Z,1674984152248215539,33.33.33.116,ts-travel-service-64469b5b48-25zj6,server,dc4007163b1a00287b135bdd6ba30de2,454b86e1a30cfd67,"{""log"":""17:22:32.247 INFO  t.s.TravelServiceImpl#486 TraceID: dc4007163b1a00287b135bdd6ba30de2 SpanID: 454b86e1a30cfd67 [today date][y: 2023][m:0][d: 29]\n"",""stream"":""stdout"",""time"":""2025-06-06T09:22:32.248215539Z""}"
2025-06-06T09:22:32.245194079Z,1674984152245194079,33.33.33.116,ts-travel-service-64469b5b48-25zj6,server,dc4007163b1a00287b135bdd6ba30de2,454b86e1a30cfd67,"{""log"":""17:22:32.244 INFO  t.c.TravelController#122 TraceID: dc4007163b1a00287b135bdd6ba30de2 SpanID: 454b86e1a30cfd67 [query][Query TripResponse]\n"",""stream"":""stdout"",""time"":""2025-06-06T09:22:32.245194079Z""}"
2025-06-06T09:22:32.351157505Z,1674984152351157505,33.33.33.79,ts-train-service-86f5f97bc9-dkqmf,server,dc4007163b1a00287b135bdd6ba30de2,e2e180055149d97a,"{""log"":""17:22:32.350 INFO  t.c.TrainController#72 TraceID: dc4007163b1a00287b135bdd6ba30de2 SpanID: e2e180055149d97a [retrieveByNames][Retrieve train][TrainTypeNames: [DongCheOne, GaoTieOne, GaoTieTwo]]\n"",""stream"":""stdout"",""time"":""2025-06-06T09:22:32.351157505Z""}"
2025-06-06T09:22:32.264516228Z,1674984152264516228,33.33.33.76,ts-station-service-7f4f5f6f77-5qb6j,server,dc4007163b1a00287b135bdd6ba30de2,833abb0168fbe6dc,"{""log"":""17:22:32.263 INFO  f.m.c.StationController#71 TraceID: dc4007163b1a00287b135bdd6ba30de2 SpanID: 833abb0168fbe6dc [queryForIdBatch][Query stations for id batch][StationNameNumbers: 2]\n"",""stream"":""stdout"",""time"":""2025-06-06T09:22:32.264516228Z""}"
2025-06-06T09:22:32.877823801Z,1674984152877823801,33.33.33.82,ts-seat-service-5c95b49cff-tdsdz,server,dc4007163b1a00287b135bdd6ba30de2,31961bda250472ae,"{""log"":""17:22:32.876 INFO  s.s.SeatServiceImpl#217 TraceID: dc4007163b1a00287b135bdd6ba30de2 SpanID: 31961bda250472ae [getDirectProportion][Configs is : Config(name=DirectTicketAllocationProportion, value=0.5, description=Allocation Proportion Of The Direct Ticket - From Start To End)]\n"",""stream"":""stdout"",""time"":""2025-06-06T09:22:32.877823801Z""}"
2025-06-06T09:22:32.871365741Z,1674984152871365741,33.33.33.82,ts-seat-service-5c95b49cff-tdsdz,server,dc4007163b1a00287b135bdd6ba30de2,31961bda250472ae,"{""log"":""17:22:32.869 INFO  s.s.SeatServiceImpl#151 TraceID: dc4007163b1a00287b135bdd6ba30de2 SpanID: 31961bda250472ae [getLeftTicketOfInterval][Get Order tickets result][result is \u003c200,Response(status=0, msg=Order is Null., data=null),[vary:\""Origin,Access-Control-Request-Method,Access-Control-Request-Headers\"", x-content-type-options:\""nosniff\"", x-xss-protection:\""1; mode=block\"", cache-control:\""no-cache, no-store, max-age=0, must-revalidate\"", pragma:\""no-cache\"", expires:\""0\"", x-frame-options:\""DENY\"", content-type:\""application/json\"", date:\""Sun, 29 Jan 2023 09:22:32 GMT\"", x-envoy-upstream-service-time:\""13\"", server:\""envoy\"", transfer-encoding:\""chunked\""]\u003e]\n"",""stream"":""stdout"",""time"":""2025-06-06T09:22:32.871365741Z""}"
2025-06-06T09:22:32.854720643Z,1674984152854720643,33.33.33.82,ts-seat-service-5c95b49cff-tdsdz,server,dc4007163b1a00287b135bdd6ba30de2,31961bda250472ae,"{""log"":""17:22:32.854 INFO  s.s.SeatServiceImpl#139 TraceID: dc4007163b1a00287b135bdd6ba30de2 SpanID: 31961bda250472ae [getLeftTicketOfInterval][TrainNumber start with G|D][trainNumber:G1234]\n"",""stream"":""stdout"",""time"":""2025-06-06T09:22:32.854720643Z""}"
2025-06-06T09:22:32.854324108Z,1674984152854324108,33.33.33.82,ts-seat-service-5c95b49cff-tdsdz,server,dc4007163b1a00287b135bdd6ba30de2,31961bda250472ae,"{""log"":""17:22:32.853 INFO  s.s.SeatServiceImpl#137 TraceID: dc4007163b1a00287b135bdd6ba30de2 SpanID: 31961bda250472ae [getLeftTicketOfInterval][Seat request][request:Seat(travelDate=2023-01-29 15:38:06, trainNumber=G1234, startStation=nanjing, destStation=shanghai, seatType=3, totalNum=2147483647, stations=[nanjing, zhenjiang, wuxi, suzhou, shanghai])]\n"",""stream"":""stdout"",""time"":""2025-06-06T09:22:32.854324108Z""}"
2025-06-06T09:22:32.853827073Z,1674984152853827073,33.33.33.82,ts-seat-service-5c95b49cff-tdsdz,server,dc4007163b1a00287b135bdd6ba30de2,31961bda250472ae,"{""log"":""17:22:32.852 INFO  s.c.SeatController#57 TraceID: dc4007163b1a00287b135bdd6ba30de2 SpanID: 31961bda250472ae [getLeftTicketOfInterval][Get left ticket of interval][TravelDate: 2023-01-29 15:38:06,TrainNumber: G1234,SeatType: 3]\n"",""stream"":""stdout"",""time"":""2025-06-06T09:22:32.853827073Z""}"
2025-06-06T09:22:32.847650087Z,1674984152847650087,33.33.33.82,ts-seat-service-5c95b49cff-tdsdz,server,dc4007163b1a00287b135bdd6ba30de2,2af9f069de2ca93e,"{""log"":""17:22:32.846 INFO  s.s.SeatServiceImpl#217 TraceID: dc4007163b1a00287b135bdd6ba30de2 SpanID: 2af9f069de2ca93e [getDirectProportion][Configs is : Config(name=DirectTicketAllocationProportion, value=0.5, description=Allocation Proportion Of The Direct Ticket - From Start To End)]\n"",""stream"":""stdout"",""time"":""2025-06-06T09:22:32.847650087Z""}"
2025-06-06T09:22:32.840841664Z,1674984152840841664,33.33.33.82,ts-seat-service-5c95b49cff-tdsdz,server,dc4007163b1a00287b135bdd6ba30de2,2af9f069de2ca93e,"{""log"":""17:22:32.839 INFO  s.s.SeatServiceImpl#151 TraceID: dc4007163b1a00287b135bdd6ba30de2 SpanID: 2af9f069de2ca93e [getLeftTicketOfInterval][Get Order tickets result][result is \u003c200,Response(status=0, msg=Order is Null., data=null),[vary:\""Origin,Access-Control-Request-Method,Access-Control-Request-Headers\"", x-content-type-options:\""nosniff\"", x-xss-protection:\""1; mode=block\"", cache-control:\""no-cache, no-store, max-age=0, must-revalidate\"", pragma:\""no-cache\"", expires:\""0\"", x-frame-options:\""DENY\"", content-type:\""application/json\"", date:\""Sun, 29 Jan 2023 09:22:32 GMT\"", x-envoy-upstream-service-time:\""11\"", server:\""envoy\"", transfer-encoding:\""chunked\""]\u003e]\n"",""stream"":""stdout"",""time"":""2025-06-06T09:22:32.840841664Z""}"
2025-06-06T09:22:32.823108644Z,1674984152823108644,33.33.33.82,ts-seat-service-5c95b49cff-tdsdz,server,dc4007163b1a00287b135bdd6ba30de2,2af9f069de2ca93e,"{""log"":""17:22:32.822 INFO  s.s.SeatServiceImpl#139 TraceID: dc4007163b1a00287b135bdd6ba30de2 SpanID: 2af9f069de2ca93e [getLeftTicketOfInterval][TrainNumber start with G|D][trainNumber:G1234]\n"",""stream"":""stdout"",""time"":""2025-06-06T09:22:32.823108644Z""}"
2025-06-06T09:22:32.822802635Z,1674984152822802635,33.33.33.82,ts-seat-service-5c95b49cff-tdsdz,server,dc4007163b1a00287b135bdd6ba30de2,2af9f069de2ca93e,"{""log"":""17:22:32.822 INFO  s.s.SeatServiceImpl#137 TraceID: dc4007163b1a00287b135bdd6ba30de2 SpanID: 2af9f069de2ca93e [getLeftTicketOfInterval][Seat request][request:Seat(travelDate=2023-01-29 15:38:06, trainNumber=G1234, startStation=nanjing, destStation=shanghai, seatType=2, totalNum=2147483647, stations=[nanjing, zhenjiang, wuxi, suzhou, shanghai])]\n"",""stream"":""stdout"",""time"":""2025-06-06T09:22:32.822802635Z""}"
2025-06-06T09:22:32.822428678Z,1674984152822428678,33.33.33.82,ts-seat-service-5c95b49cff-tdsdz,server,dc4007163b1a00287b135bdd6ba30de2,2af9f069de2ca93e,"{""log"":""17:22:32.821 INFO  s.c.SeatController#57 TraceID: dc4007163b1a00287b135bdd6ba30de2 SpanID: 2af9f069de2ca93e [getLeftTicketOfInterval][Get left ticket of interval][TravelDate: 2023-01-29 15:38:06,TrainNumber: G1234,SeatType: 2]\n"",""stream"":""stdout"",""time"":""2025-06-06T09:22:32.822428678Z""}"
2025-06-06T09:22:32.594778149Z,1674984152594778149,33.33.33.82,ts-seat-service-5c95b49cff-tdsdz,server,dc4007163b1a00287b135bdd6ba30de2,a48fa6bd89f9fc7a,"{""log"":""17:22:32.594 INFO  s.s.SeatServiceImpl#217 TraceID: dc4007163b1a00287b135bdd6ba30de2 SpanID: a48fa6bd89f9fc7a [getDirectProportion][Configs is : Config(name=DirectTicketAllocationProportion, value=0.5, description=Allocation Proportion Of The Direct Ticket - From Start To End)]\n"",""stream"":""stdout"",""time"":""2025-06-06T09:22:32.594778149Z""}"
2025-06-06T09:22:32.590398431Z,1674984152590398431,33.33.33.82,ts-seat-service-5c95b49cff-tdsdz,server,dc4007163b1a00287b135bdd6ba30de2,a48fa6bd89f9fc7a,"{""log"":""17:22:32.589 INFO  s.s.SeatServiceImpl#151 TraceID: dc4007163b1a00287b135bdd6ba30de2 SpanID: a48fa6bd89f9fc7a [getLeftTicketOfInterval][Get Order tickets result][result is \u003c200,Response(status=0, msg=Order is Null., data=null),[vary:\""Origin,Access-Control-Request-Method,Access-Control-Request-Headers\"", x-content-type-options:\""nosniff\"", x-xss-protection:\""1; mode=block\"", cache-control:\""no-cache, no-store, max-age=0, must-revalidate\"", pragma:\""no-cache\"", expires:\""0\"", x-frame-options:\""DENY\"", content-type:\""application/json\"", date:\""Sun, 29 Jan 2023 09:22:32 GMT\"", x-envoy-upstream-service-time:\""29\"", server:\""envoy\"", transfer-encoding:\""chunked\""]\u003e]\n"",""stream"":""stdout"",""time"":""2025-06-06T09:22:32.590398431Z""}"
2025-06-06T09:22:32.558857671Z,1674984152558857671,33.33.33.82,ts-seat-service-5c95b49cff-tdsdz,server,dc4007163b1a00287b135bdd6ba30de2,a48fa6bd89f9fc7a,"{""log"":""17:22:32.558 INFO  s.s.SeatServiceImpl#139 TraceID: dc4007163b1a00287b135bdd6ba30de2 SpanID: a48fa6bd89f9fc7a [getLeftTicketOfInterval][TrainNumber start with G|D][trainNumber:G1235]\n"",""stream"":""stdout"",""time"":""2025-06-06T09:22:32.558857671Z""}"
2025-06-06T09:22:32.558486568Z,1674984152558486568,33.33.33.82,ts-seat-service-5c95b49cff-tdsdz,server,dc4007163b1a00287b135bdd6ba30de2,a48fa6bd89f9fc7a,"{""log"":""17:22:32.557 INFO  s.s.SeatServiceImpl#137 TraceID: dc4007163b1a00287b135bdd6ba30de2 SpanID: a48fa6bd89f9fc7a [getLeftTicketOfInterval][Seat request][request:Seat(travelDate=2023-01-29 15:38:06, trainNumber=G1235, startStation=nanjing, destStation=shanghai, seatType=3, totalNum=2147483647, stations=[nanjing, shanghai])]\n"",""stream"":""stdout"",""time"":""2025-06-06T09:22:32.558486568Z""}"
2025-06-06T09:22:32.5582028Z,1674984152558202800,33.33.33.82,ts-seat-service-5c95b49cff-tdsdz,server,dc4007163b1a00287b135bdd6ba30de2,a48fa6bd89f9fc7a,"{""log"":""17:22:32.557 INFO  s.c.SeatController#57 TraceID: dc4007163b1a00287b135bdd6ba30de2 SpanID: a48fa6bd89f9fc7a [getLeftTicketOfInterval][Get left ticket of interval][TravelDate: 2023-01-29 15:38:06,TrainNumber: G1235,SeatType: 3]\n"",""stream"":""stdout"",""time"":""2025-06-06T09:22:32.5582028Z""}"
2025-06-06T09:22:32.553646301Z,1674984152553646301,33.33.33.82,ts-seat-service-5c95b49cff-tdsdz,server,dc4007163b1a00287b135bdd6ba30de2,3e809639fcbc6f01,"{""log"":""17:22:32.552 INFO  s.s.SeatServiceImpl#217 TraceID: dc4007163b1a00287b135bdd6ba30de2 SpanID: 3e809639fcbc6f01 [getDirectProportion][Configs is : Config(name=DirectTicketAllocationProportion, value=0.5, description=Allocation Proportion Of The Direct Ticket - From Start To End)]\n"",""stream"":""stdout"",""time"":""2025-06-06T09:22:32.553646301Z""}"
2025-06-06T09:22:32.549146168Z,1674984152549146168,33.33.33.82,ts-seat-service-5c95b49cff-tdsdz,server,dc4007163b1a00287b135bdd6ba30de2,3e809639fcbc6f01,"{""log"":""17:22:32.548 INFO  s.s.SeatServiceImpl#151 TraceID: dc4007163b1a00287b135bdd6ba30de2 SpanID: 3e809639fcbc6f01 [getLeftTicketOfInterval][Get Order tickets result][result is \u003c200,Response(status=0, msg=Order is Null., data=null),[vary:\""Origin,Access-Control-Request-Method,Access-Control-Request-Headers\"", x-content-type-options:\""nosniff\"", x-xss-protection:\""1; mode=block\"", cache-control:\""no-cache, no-store, max-age=0, must-revalidate\"", pragma:\""no-cache\"", expires:\""0\"", x-frame-options:\""DENY\"", content-type:\""application/json\"", date:\""Sun, 29 Jan 2023 09:22:32 GMT\"", x-envoy-upstream-service-time:\""10\"", server:\""envoy\"", transfer-encoding:\""chunked\""]\u003e]\n"",""stream"":""stdout"",""time"":""2025-06-06T09:22:32.549146168Z""}"
2025-06-06T09:22:32.533704256Z,1674984152533704256,33.33.33.82,ts-seat-service-5c95b49cff-tdsdz,server,dc4007163b1a00287b135bdd6ba30de2,3e809639fcbc6f01,"{""log"":""17:22:32.533 INFO  s.s.SeatServiceImpl#139 TraceID: dc4007163b1a00287b135bdd6ba30de2 SpanID: 3e809639fcbc6f01 [getLeftTicketOfInterval][TrainNumber start with G|D][trainNumber:G1235]\n"",""stream"":""stdout"",""time"":""2025-06-06T09:22:32.533704256Z""}"
2025-06-06T09:22:32.533304865Z,1674984152533304865,33.33.33.82,ts-seat-service-5c95b49cff-tdsdz,server,dc4007163b1a00287b135bdd6ba30de2,3e809639fcbc6f01,"{""log"":""17:22:32.532 INFO  s.s.SeatServiceImpl#137 TraceID: dc4007163b1a00287b135bdd6ba30de2 SpanID: 3e809639fcbc6f01 [getLeftTicketOfInterval][Seat request][request:Seat(travelDate=2023-01-29 15:38:06, trainNumber=G1235, startStation=nanjing, destStation=shanghai, seatType=2, totalNum=2147483647, stations=[nanjing, shanghai])]\n"",""stream"":""stdout"",""time"":""2025-06-06T09:22:32.533304865Z""}"
2025-06-06T09:22:32.532972437Z,1674984152532972437,33.33.33.82,ts-seat-service-5c95b49cff-tdsdz,server,dc4007163b1a00287b135bdd6ba30de2,3e809639fcbc6f01,"{""log"":""17:22:32.532 INFO  s.c.SeatController#57 TraceID: dc4007163b1a00287b135bdd6ba30de2 SpanID: 3e809639fcbc6f01 [getLeftTicketOfInterval][Get left ticket of interval][TravelDate: 2023-01-29 15:38:06,TrainNumber: G1235,SeatType: 2]\n"",""stream"":""stdout"",""time"":""2025-06-06T09:22:32.532972437Z""}"
2025-06-06T09:22:32.528223247Z,1674984152528223247,33.33.33.82,ts-seat-service-5c95b49cff-tdsdz,server,dc4007163b1a00287b135bdd6ba30de2,903d11d420e19f45,"{""log"":""17:22:32.527 INFO  s.s.SeatServiceImpl#217 TraceID: dc4007163b1a00287b135bdd6ba30de2 SpanID: 903d11d420e19f45 [getDirectProportion][Configs is : Config(name=DirectTicketAllocationProportion, value=0.5, description=Allocation Proportion Of The Direct Ticket - From Start To End)]\n"",""stream"":""stdout"",""time"":""2025-06-06T09:22:32.528223247Z""}"
2025-06-06T09:22:32.500648162Z,1674984152500648162,33.33.33.82,ts-seat-service-5c95b49cff-tdsdz,server,dc4007163b1a00287b135bdd6ba30de2,903d11d420e19f45,"{""log"":""17:22:32.499 INFO  s.s.SeatServiceImpl#151 TraceID: dc4007163b1a00287b135bdd6ba30de2 SpanID: 903d11d420e19f45 [getLeftTicketOfInterval][Get Order tickets result][result is \u003c200,Response(status=0, msg=Order is Null., data=null),[vary:\""Origin,Access-Control-Request-Method,Access-Control-Request-Headers\"", x-content-type-options:\""nosniff\"", x-xss-protection:\""1; mode=block\"", cache-control:\""no-cache, no-store, max-age=0, must-revalidate\"", pragma:\""no-cache\"", expires:\""0\"", x-frame-options:\""DENY\"", content-type:\""application/json\"", date:\""Sun, 29 Jan 2023 09:22:32 GMT\"", x-envoy-upstream-service-time:\""32\"", server:\""envoy\"", transfer-encoding:\""chunked\""]\u003e]\n"",""stream"":""stdout"",""time"":""2025-06-06T09:22:32.500648162Z""}"
2025-06-06T09:22:32.46410879Z,1674984152464108790,33.33.33.82,ts-seat-service-5c95b49cff-tdsdz,server,dc4007163b1a00287b135bdd6ba30de2,903d11d420e19f45,"{""log"":""17:22:32.463 INFO  s.s.SeatServiceImpl#139 TraceID: dc4007163b1a00287b135bdd6ba30de2 SpanID: 903d11d420e19f45 [getLeftTicketOfInterval][TrainNumber start with G|D][trainNumber:G1236]\n"",""stream"":""stdout"",""time"":""2025-06-06T09:22:32.46410879Z""}"
2025-06-06T09:22:32.463779349Z,1674984152463779349,33.33.33.82,ts-seat-service-5c95b49cff-tdsdz,server,dc4007163b1a00287b135bdd6ba30de2,903d11d420e19f45,"{""log"":""17:22:32.463 INFO  s.s.SeatServiceImpl#137 TraceID: dc4007163b1a00287b135bdd6ba30de2 SpanID: 903d11d420e19f45 [getLeftTicketOfInterval][Seat request][request:Seat(travelDate=2023-01-29 15:38:06, trainNumber=G1236, startStation=nanjing, destStation=shanghai, seatType=3, totalNum=2147483647, stations=[nanjing, suzhou, shanghai])]\n"",""stream"":""stdout"",""time"":""2025-06-06T09:22:32.463779349Z""}"
2025-06-06T09:22:32.46341489Z,1674984152463414890,33.33.33.82,ts-seat-service-5c95b49cff-tdsdz,server,dc4007163b1a00287b135bdd6ba30de2,903d11d420e19f45,"{""log"":""17:22:32.462 INFO  s.c.SeatController#57 TraceID: dc4007163b1a00287b135bdd6ba30de2 SpanID: 903d11d420e19f45 [getLeftTicketOfInterval][Get left ticket of interval][TravelDate: 2023-01-29 15:38:06,TrainNumber: G1236,SeatType: 3]\n"",""stream"":""stdout"",""time"":""2025-06-06T09:22:32.46341489Z""}"
2025-06-06T09:22:32.45866746Z,1674984152458667460,33.33.33.82,ts-seat-service-5c95b49cff-tdsdz,server,dc4007163b1a00287b135bdd6ba30de2,50729f32850b5213,"{""log"":""17:22:32.457 INFO  s.s.SeatServiceImpl#217 TraceID: dc4007163b1a00287b135bdd6ba30de2 SpanID: 50729f32850b5213 [getDirectProportion][Configs is : Config(name=DirectTicketAllocationProportion, value=0.5, description=Allocation Proportion Of The Direct Ticket - From Start To End)]\n"",""stream"":""stdout"",""time"":""2025-06-06T09:22:32.45866746Z""}"
2025-06-06T09:22:32.452213171Z,1674984152452213171,33.33.33.82,ts-seat-service-5c95b49cff-tdsdz,server,dc4007163b1a00287b135bdd6ba30de2,50729f32850b5213,"{""log"":""17:22:32.450 INFO  s.s.SeatServiceImpl#151 TraceID: dc4007163b1a00287b135bdd6ba30de2 SpanID: 50729f32850b5213 [getLeftTicketOfInterval][Get Order tickets result][result is \u003c200,Response(status=0, msg=Order is Null., data=null),[vary:\""Origin,Access-Control-Request-Method,Access-Control-Request-Headers\"", x-content-type-options:\""nosniff\"", x-xss-protection:\""1; mode=block\"", cache-control:\""no-cache, no-store, max-age=0, must-revalidate\"", pragma:\""no-cache\"", expires:\""0\"", x-frame-options:\""DENY\"", content-type:\""application/json\"", date:\""Sun, 29 Jan 2023 09:22:32 GMT\"", x-envoy-upstream-service-time:\""18\"", server:\""envoy\"", transfer-encoding:\""chunked\""]\u003e]\n"",""stream"":""stdout"",""time"":""2025-06-06T09:22:32.452213171Z""}"
2025-06-06T09:22:32.430726969Z,1674984152430726969,33.33.33.82,ts-seat-service-5c95b49cff-tdsdz,server,dc4007163b1a00287b135bdd6ba30de2,50729f32850b5213,"{""log"":""17:22:32.430 INFO  s.s.SeatServiceImpl#139 TraceID: dc4007163b1a00287b135bdd6ba30de2 SpanID: 50729f32850b5213 [getLeftTicketOfInterval][TrainNumber start with G|D][trainNumber:G1236]\n"",""stream"":""stdout"",""time"":""2025-06-06T09:22:32.430726969Z""}"
2025-06-06T09:22:32.430336995Z,1674984152430336995,33.33.33.82,ts-seat-service-5c95b49cff-tdsdz,server,dc4007163b1a00287b135bdd6ba30de2,50729f32850b5213,"{""log"":""17:22:32.429 INFO  s.s.SeatServiceImpl#137 TraceID: dc4007163b1a00287b135bdd6ba30de2 SpanID: 50729f32850b5213 [getLeftTicketOfInterval][Seat request][request:Seat(travelDate=2023-01-29 15:38:06, trainNumber=G1236, startStation=nanjing, destStation=shanghai, seatType=2, totalNum=2147483647, stations=[nanjing, suzhou, shanghai])]\n"",""stream"":""stdout"",""time"":""2025-06-06T09:22:32.430336995Z""}"
2025-06-06T09:22:32.429953733Z,1674984152429953733,33.33.33.82,ts-seat-service-5c95b49cff-tdsdz,server,dc4007163b1a00287b135bdd6ba30de2,50729f32850b5213,"{""log"":""17:22:32.428 INFO  s.c.SeatController#57 TraceID: dc4007163b1a00287b135bdd6ba30de2 SpanID: 50729f32850b5213 [getLeftTicketOfInterval][Get left ticket of interval][TravelDate: 2023-01-29 15:38:06,TrainNumber: G1236,SeatType: 2]\n"",""stream"":""stdout"",""time"":""2025-06-06T09:22:32.429953733Z""}"
2025-06-06T09:22:32.371109684Z,1674984152371109684,33.33.33.80,ts-route-service-b6c59fb57-zv8dt,server,dc4007163b1a00287b135bdd6ba30de2,19b0a187305da456,"{""log"":""17:22:32.370 INFO  r.c.RouteController#53 TraceID: dc4007163b1a00287b135bdd6ba30de2 SpanID: 19b0a187305da456 [getRouteById][Query route by id][RouteId: [92708982-77af-4318-be25-57ccb0ff69ad, aefcef3f-3f42-46e8-afd7-6cb2a928bd3d, a3f256c1-0e43-4f7d-9c21-121bf258101f, 084837bb-53c8-4438-87c8-0321a4d09917, f3d4d4ef-693b-4456-8eed-59c0d717dd08]]\n"",""stream"":""stdout"",""time"":""2025-06-06T09:22:32.371109684Z""}"
2025-06-06T09:22:32.398584007Z,1674984152398584007,33.33.33.79,ts-price-service-76846864d9-g465z,server,dc4007163b1a00287b135bdd6ba30de2,5c6e7fdb4df11b1e,"{""log"":""17:22:32.397 INFO  p.c.PriceController#46 TraceID: dc4007163b1a00287b135bdd6ba30de2 SpanID: 5c6e7fdb4df11b1e [findByRouteIdAndTrainType][Query price][routeId and Train Type: [a3f256c1-0e43-4f7d-9c21-121bf258101f:GaoTieOne, aefcef3f-3f42-46e8-afd7-6cb2a928bd3d:GaoTieOne, 92708982-77af-4318-be25-57ccb0ff69ad:GaoTieOne]]\n"",""stream"":""stdout"",""time"":""2025-06-06T09:22:32.398584007Z""}"
2025-06-06T09:22:32.86739385Z,1674984152867393850,33.33.33.76,ts-order-service-5b67c48447-mv5hb,server,dc4007163b1a00287b135bdd6ba30de2,f0af6cfe1b9779ee,"{""log"":""17:22:32.867 WARN  o.s.OrderServiceImpl#68 TraceID: dc4007163b1a00287b135bdd6ba30de2 SpanID: f0af6cfe1b9779ee [getSoldTickets][Seat][Left ticket info is empty][seat from date: 2023-01-29 15:38:06, train number: G1234]\n"",""stream"":""stdout"",""time"":""2025-06-06T09:22:32.86739385Z""}"
2025-06-06T09:22:32.862502211Z,1674984152862502211,33.33.33.76,ts-order-service-5b67c48447-mv5hb,server,dc4007163b1a00287b135bdd6ba30de2,f0af6cfe1b9779ee,"{""log"":""17:22:32.861 INFO  o.c.OrderController#39 TraceID: dc4007163b1a00287b135bdd6ba30de2 SpanID: f0af6cfe1b9779ee [getSoldTickets][Get Sold Ticket][Travel Date: 2023-01-29 15:38:06]\n"",""stream"":""stdout"",""time"":""2025-06-06T09:22:32.862502211Z""}"
2025-06-06T09:22:32.835226923Z,1674984152835226923,33.33.33.76,ts-order-service-5b67c48447-mv5hb,server,dc4007163b1a00287b135bdd6ba30de2,80872836aa87c05a,"{""log"":""17:22:32.834 WARN  o.s.OrderServiceImpl#68 TraceID: dc4007163b1a00287b135bdd6ba30de2 SpanID: 80872836aa87c05a [getSoldTickets][Seat][Left ticket info is empty][seat from date: 2023-01-29 15:38:06, train number: G1234]\n"",""stream"":""stdout"",""time"":""2025-06-06T09:22:32.835226923Z""}"
2025-06-06T09:22:32.831375065Z,1674984152831375065,33.33.33.76,ts-order-service-5b67c48447-mv5hb,server,dc4007163b1a00287b135bdd6ba30de2,80872836aa87c05a,"{""log"":""17:22:32.830 INFO  o.c.OrderController#39 TraceID: dc4007163b1a00287b135bdd6ba30de2 SpanID: 80872836aa87c05a [getSoldTickets][Get Sold Ticket][Travel Date: 2023-01-29 15:38:06]\n"",""stream"":""stdout"",""time"":""2025-06-06T09:22:32.831375065Z""}"
2025-06-06T09:22:32.56906074Z,1674984152569060740,33.33.33.76,ts-order-service-5b67c48447-mv5hb,server,dc4007163b1a00287b135bdd6ba30de2,717f45fc383c6b7a,"{""log"":""17:22:32.568 WARN  o.s.OrderServiceImpl#68 TraceID: dc4007163b1a00287b135bdd6ba30de2 SpanID: 717f45fc383c6b7a [getSoldTickets][Seat][Left ticket info is empty][seat from date: 2023-01-29 15:38:06, train number: G1235]\n"",""stream"":""stdout"",""time"":""2025-06-06T09:22:32.56906074Z""}"
2025-06-06T09:22:32.56545107Z,1674984152565451070,33.33.33.76,ts-order-service-5b67c48447-mv5hb,server,dc4007163b1a00287b135bdd6ba30de2,717f45fc383c6b7a,"{""log"":""17:22:32.565 INFO  o.c.OrderController#39 TraceID: dc4007163b1a00287b135bdd6ba30de2 SpanID: 717f45fc383c6b7a [getSoldTickets][Get Sold Ticket][Travel Date: 2023-01-29 15:38:06]\n"",""stream"":""stdout"",""time"":""2025-06-06T09:22:32.56545107Z""}"
2025-06-06T09:22:32.544636088Z,1674984152544636088,33.33.33.76,ts-order-service-5b67c48447-mv5hb,server,dc4007163b1a00287b135bdd6ba30de2,d8536c45eefa1e9c,"{""log"":""17:22:32.543 WARN  o.s.OrderServiceImpl#68 TraceID: dc4007163b1a00287b135bdd6ba30de2 SpanID: d8536c45eefa1e9c [getSoldTickets][Seat][Left ticket info is empty][seat from date: 2023-01-29 15:38:06, train number: G1235]\n"",""stream"":""stdout"",""time"":""2025-06-06T09:22:32.544636088Z""}"
2025-06-06T09:22:32.54048261Z,1674984152540482610,33.33.33.76,ts-order-service-5b67c48447-mv5hb,server,dc4007163b1a00287b135bdd6ba30de2,d8536c45eefa1e9c,"{""log"":""17:22:32.539 INFO  o.c.OrderController#39 TraceID: dc4007163b1a00287b135bdd6ba30de2 SpanID: d8536c45eefa1e9c [getSoldTickets][Get Sold Ticket][Travel Date: 2023-01-29 15:38:06]\n"",""stream"":""stdout"",""time"":""2025-06-06T09:22:32.54048261Z""}"
2025-06-06T09:22:32.473996039Z,1674984152473996039,33.33.33.76,ts-order-service-5b67c48447-mv5hb,server,dc4007163b1a00287b135bdd6ba30de2,b270ee8689d006be,"{""log"":""17:22:32.473 WARN  o.s.OrderServiceImpl#68 TraceID: dc4007163b1a00287b135bdd6ba30de2 SpanID: b270ee8689d006be [getSoldTickets][Seat][Left ticket info is empty][seat from date: 2023-01-29 15:38:06, train number: G1236]\n"",""stream"":""stdout"",""time"":""2025-06-06T09:22:32.473996039Z""}"
2025-06-06T09:22:32.470577002Z,1674984152470577002,33.33.33.76,ts-order-service-5b67c48447-mv5hb,server,dc4007163b1a00287b135bdd6ba30de2,b270ee8689d006be,"{""log"":""17:22:32.470 INFO  o.c.OrderController#39 TraceID: dc4007163b1a00287b135bdd6ba30de2 SpanID: b270ee8689d006be [getSoldTickets][Get Sold Ticket][Travel Date: 2023-01-29 15:38:06]\n"",""stream"":""stdout"",""time"":""2025-06-06T09:22:32.470577002Z""}"
2025-06-06T09:22:32.444087452Z,1674984152444087452,33.33.33.76,ts-order-service-5b67c48447-mv5hb,server,dc4007163b1a00287b135bdd6ba30de2,d414dbdd0bb806b9,"{""log"":""17:22:32.443 WARN  o.s.OrderServiceImpl#68 TraceID: dc4007163b1a00287b135bdd6ba30de2 SpanID: d414dbdd0bb806b9 [getSoldTickets][Seat][Left ticket info is empty][seat from date: 2023-01-29 15:38:06, train number: G1236]\n"",""stream"":""stdout"",""time"":""2025-06-06T09:22:32.444087452Z""}"
2025-06-06T09:22:32.437639669Z,1674984152437639669,33.33.33.76,ts-order-service-5b67c48447-mv5hb,server,dc4007163b1a00287b135bdd6ba30de2,d414dbdd0bb806b9,"{""log"":""17:22:32.437 INFO  o.c.OrderController#39 TraceID: dc4007163b1a00287b135bdd6ba30de2 SpanID: d414dbdd0bb806b9 [getSoldTickets][Get Sold Ticket][Travel Date: 2023-01-29 15:38:06]\n"",""stream"":""stdout"",""time"":""2025-06-06T09:22:32.437639669Z""}"
2025-06-06T09:22:32.874964409Z,1674984152874964409,33.33.33.115,ts-config-service-5fcd447d84-wxwjd,server,dc4007163b1a00287b135bdd6ba30de2,0552a034dbc031b5,"{""log"":""17:22:32.874 INFO  c.s.ConfigServiceImpl#65 TraceID: dc4007163b1a00287b135bdd6ba30de2 SpanID: 0552a034dbc031b5 [query][Query config success][config name: DirectTicketAllocationProportion]\n"",""stream"":""stdout"",""time"":""2025-06-06T09:22:32.874964409Z""}"
2025-06-06T09:22:32.873835704Z,1674984152873835704,33.33.33.115,ts-config-service-5fcd447d84-wxwjd,server,dc4007163b1a00287b135bdd6ba30de2,0552a034dbc031b5,"{""log"":""17:22:32.873 INFO  c.c.ConfigController#67 TraceID: dc4007163b1a00287b135bdd6ba30de2 SpanID: 0552a034dbc031b5 [retrieve][Retrieve config][configName: DirectTicketAllocationProportion]\n"",""stream"":""stdout"",""time"":""2025-06-06T09:22:32.873835704Z""}"
2025-06-06T09:22:32.844653749Z,1674984152844653749,33.33.33.115,ts-config-service-5fcd447d84-wxwjd,server,dc4007163b1a00287b135bdd6ba30de2,f374a19b1b320a87,"{""log"":""17:22:32.844 INFO  c.s.ConfigServiceImpl#65 TraceID: dc4007163b1a00287b135bdd6ba30de2 SpanID: f374a19b1b320a87 [query][Query config success][config name: DirectTicketAllocationProportion]\n"",""stream"":""stdout"",""time"":""2025-06-06T09:22:32.844653749Z""}"
2025-06-06T09:22:32.843684588Z,1674984152843684588,33.33.33.115,ts-config-service-5fcd447d84-wxwjd,server,dc4007163b1a00287b135bdd6ba30de2,f374a19b1b320a87,"{""log"":""17:22:32.843 INFO  c.c.ConfigController#67 TraceID: dc4007163b1a00287b135bdd6ba30de2 SpanID: f374a19b1b320a87 [retrieve][Retrieve config][configName: DirectTicketAllocationProportion]\n"",""stream"":""stdout"",""time"":""2025-06-06T09:22:32.843684588Z""}"
2025-06-06T09:22:32.593021819Z,1674984152593021819,33.33.33.115,ts-config-service-5fcd447d84-wxwjd,server,dc4007163b1a00287b135bdd6ba30de2,8d12cb5f5f8ca660,"{""log"":""17:22:32.592 INFO  c.s.ConfigServiceImpl#65 TraceID: dc4007163b1a00287b135bdd6ba30de2 SpanID: 8d12cb5f5f8ca660 [query][Query config success][config name: DirectTicketAllocationProportion]\n"",""stream"":""stdout"",""time"":""2025-06-06T09:22:32.593021819Z""}"
2025-06-06T09:22:32.592202353Z,1674984152592202353,33.33.33.115,ts-config-service-5fcd447d84-wxwjd,server,dc4007163b1a00287b135bdd6ba30de2,8d12cb5f5f8ca660,"{""log"":""17:22:32.591 INFO  c.c.ConfigController#67 TraceID: dc4007163b1a00287b135bdd6ba30de2 SpanID: 8d12cb5f5f8ca660 [retrieve][Retrieve config][configName: DirectTicketAllocationProportion]\n"",""stream"":""stdout"",""time"":""2025-06-06T09:22:32.592202353Z""}"
2025-06-06T09:22:32.551903795Z,1674984152551903795,33.33.33.115,ts-config-service-5fcd447d84-wxwjd,server,dc4007163b1a00287b135bdd6ba30de2,dd7b7fe1759952f8,"{""log"":""17:22:32.551 INFO  c.s.ConfigServiceImpl#65 TraceID: dc4007163b1a00287b135bdd6ba30de2 SpanID: dd7b7fe1759952f8 [query][Query config success][config name: DirectTicketAllocationProportion]\n"",""stream"":""stdout"",""time"":""2025-06-06T09:22:32.551903795Z""}"
2025-06-06T09:22:32.551117449Z,1674984152551117449,33.33.33.115,ts-config-service-5fcd447d84-wxwjd,server,dc4007163b1a00287b135bdd6ba30de2,dd7b7fe1759952f8,"{""log"":""17:22:32.550 INFO  c.c.ConfigController#67 TraceID: dc4007163b1a00287b135bdd6ba30de2 SpanID: dd7b7fe1759952f8 [retrieve][Retrieve config][configName: DirectTicketAllocationProportion]\n"",""stream"":""stdout"",""time"":""2025-06-06T09:22:32.551117449Z""}"
2025-06-06T09:22:32.503428271Z,1674984152503428271,33.33.33.115,ts-config-service-5fcd447d84-wxwjd,server,dc4007163b1a00287b135bdd6ba30de2,81c5089844e9399d,"{""log"":""17:22:32.503 INFO  c.s.ConfigServiceImpl#65 TraceID: dc4007163b1a00287b135bdd6ba30de2 SpanID: 81c5089844e9399d [query][Query config success][config name: DirectTicketAllocationProportion]\n"",""stream"":""stdout"",""time"":""2025-06-06T09:22:32.503428271Z""}"
2025-06-06T09:22:32.502599577Z,1674984152502599577,33.33.33.115,ts-config-service-5fcd447d84-wxwjd,server,dc4007163b1a00287b135bdd6ba30de2,81c5089844e9399d,"{""log"":""17:22:32.502 INFO  c.c.ConfigController#67 TraceID: dc4007163b1a00287b135bdd6ba30de2 SpanID: 81c5089844e9399d [retrieve][Retrieve config][configName: DirectTicketAllocationProportion]\n"",""stream"":""stdout"",""time"":""2025-06-06T09:22:32.502599577Z""}"
2025-06-06T09:22:32.456386885Z,1674984152456386885,33.33.33.115,ts-config-service-5fcd447d84-wxwjd,server,dc4007163b1a00287b135bdd6ba30de2,deb27d73e76dc2b7,"{""log"":""17:22:32.456 INFO  c.s.ConfigServiceImpl#65 TraceID: dc4007163b1a00287b135bdd6ba30de2 SpanID: deb27d73e76dc2b7 [query][Query config success][config name: DirectTicketAllocationProportion]\n"",""stream"":""stdout"",""time"":""2025-06-06T09:22:32.456386885Z""}"
2025-06-06T09:22:32.455179998Z,1674984152455179998,33.33.33.115,ts-config-service-5fcd447d84-wxwjd,server,dc4007163b1a00287b135bdd6ba30de2,deb27d73e76dc2b7,"{""log"":""17:22:32.454 INFO  c.c.ConfigController#67 TraceID: dc4007163b1a00287b135bdd6ba30de2 SpanID: deb27d73e76dc2b7 [retrieve][Retrieve config][configName: DirectTicketAllocationProportion]\n"",""stream"":""stdout"",""time"":""2025-06-06T09:22:32.455179998Z""}"
2025-06-06T09:22:32.407209811Z,1674984152407209811,33.33.33.76,ts-basic-service-5dc8d4f9fd-46997,server,dc4007163b1a00287b135bdd6ba30de2,fa7f87fd556c8b57,"{""log"":""17:22:32.406 INFO  f.m.s.BasicServiceImpl#320 TraceID: dc4007163b1a00287b135bdd6ba30de2 SpanID: fa7f87fd556c8b57 [queryForTravels][all done][result map: {G1236=TravelResult(status=true, percent=1.0, trainType=TrainType(id=111e1aed-10dc-4356-ad7e-daa5e551d4a7, name=GaoTieOne, economyClass=2147483647, confortClass=2147483647, averageSpeed=250), route=Route(id=a3f256c1-0e43-4f7d-9c21-121bf258101f, stations=[nanjing, suzhou, shanghai], distances=[0, 200, 250], startStation=nanjing, endStation=shanghai), prices={confortClass=250.0, economyClass=175.0}), G1235=TravelResult(status=true, percent=1.0, trainType=TrainType(id=111e1aed-10dc-4356-ad7e-daa5e551d4a7, name=GaoTieOne, economyClass=2147483647, confortClass=2147483647, averageSpeed=250), route=Route(id=aefcef3f-3f42-46e8-afd7-6cb2a928bd3d, stations=[nanjing, shanghai], distances=[0, 250], startStation=nanjing, endStation=shanghai), prices={confortClass=250.0, economyClass=125.0}), G1234=TravelResult(status=true, percent=1.0, trainType=TrainType(id=111e1aed-10dc-4356-ad7e-daa5e551d4a7, name=GaoTieOne, economyClass=2147483647, confortClass=2147483647, averageSpeed=250), route=Route(id=92708982-77af-4318-be25-57ccb0ff69ad, stations=[nanjing, zhenjiang, wuxi, suzhou, shanghai], distances=[0, 100, 150, 200, 250], startStation=nanjing, endStation=shanghai), prices={confortClass=250.0, economyClass=95.0})}]\n"",""stream"":""stdout"",""time"":""2025-06-06T09:22:32.407209811Z""}"
2025-06-06T09:22:32.406982382Z,1674984152406982382,33.33.33.76,ts-basic-service-5dc8d4f9fd-46997,server,dc4007163b1a00287b135bdd6ba30de2,fa7f87fd556c8b57,"{""log"":""17:22:32.406 INFO  f.m.s.BasicServiceImpl#481 TraceID: dc4007163b1a00287b135bdd6ba30de2 SpanID: fa7f87fd556c8b57 [queryPriceConfigByRouteIdsAndTrainTypes][Get Price Config by routeId and trainType][Success][priceConfigs: {92708982-77af-4318-be25-57ccb0ff69ad:GaoTieOne={id=6d20b8cb-039c-474c-ae25-b6177ea41152, trainType=GaoTieOne, routeId=92708982-77af-4318-be25-57ccb0ff69ad, basicPriceRate=0.38, firstClassPriceRate=1.0}, aefcef3f-3f42-46e8-afd7-6cb2a928bd3d:GaoTieOne={id=c5679b7e-4a54-4f52-9939-1ae86ba16fa7, trainType=GaoTieOne, routeId=aefcef3f-3f42-46e8-afd7-6cb2a928bd3d, basicPriceRate=0.5, firstClassPriceRate=1.0}, a3f256c1-0e43-4f7d-9c21-121bf258101f:GaoTieOne={id=719287d6-d3e7-4b54-9a92-71d039748b22, trainType=GaoTieOne, routeId=a3f256c1-0e43-4f7d-9c21-121bf258101f, basicPriceRate=0.7, firstClassPriceRate=1.0}}]\n"",""stream"":""stdout"",""time"":""2025-06-06T09:22:32.406982382Z""}"
2025-06-06T09:22:32.395051824Z,1674984152395051824,33.33.33.76,ts-basic-service-5dc8d4f9fd-46997,server,dc4007163b1a00287b135bdd6ba30de2,fa7f87fd556c8b57,"{""log"":""17:22:32.394 INFO  f.m.s.BasicServiceImpl#459 TraceID: dc4007163b1a00287b135bdd6ba30de2 SpanID: fa7f87fd556c8b57 [queryPriceConfigByRouteIdsAndTrainTypes][Query For Price Config][RouteId and TrainType: [a3f256c1-0e43-4f7d-9c21-121bf258101f:GaoTieOne, aefcef3f-3f42-46e8-afd7-6cb2a928bd3d:GaoTieOne, 92708982-77af-4318-be25-57ccb0ff69ad:GaoTieOne]]\n"",""stream"":""stdout"",""time"":""2025-06-06T09:22:32.395051824Z""}"
2025-06-06T09:22:32.394421784Z,1674984152394421784,33.33.33.76,ts-basic-service-5dc8d4f9fd-46997,server,dc4007163b1a00287b135bdd6ba30de2,fa7f87fd556c8b57,"{""log"":""17:22:32.393 ERROR  f.m.s.BasicServiceImpl#415 TraceID: dc4007163b1a00287b135bdd6ba30de2 SpanID: fa7f87fd556c8b57 [getRoutesByRouteIds][Get Route By Ids Failed]\n"",""stream"":""stdout"",""time"":""2025-06-06T09:22:32.394421784Z""}"
2025-06-06T09:22:32.36499781Z,1674984152364997810,33.33.33.76,ts-basic-service-5dc8d4f9fd-46997,server,dc4007163b1a00287b135bdd6ba30de2,fa7f87fd556c8b57,"{""log"":""17:22:32.364 INFO  f.m.s.BasicServiceImpl#405 TraceID: dc4007163b1a00287b135bdd6ba30de2 SpanID: fa7f87fd556c8b57 [getRoutesByRouteIds][Get Route By Ids][Route IDs: [92708982-77af-4318-be25-57ccb0ff69ad, aefcef3f-3f42-46e8-afd7-6cb2a928bd3d, a3f256c1-0e43-4f7d-9c21-121bf258101f, 084837bb-53c8-4438-87c8-0321a4d09917, f3d4d4ef-693b-4456-8eed-59c0d717dd08]]\n"",""stream"":""stdout"",""time"":""2025-06-06T09:22:32.36499781Z""}"
2025-06-06T09:22:32.279987563Z,1674984152279987563,33.33.33.76,ts-basic-service-5dc8d4f9fd-46997,server,dc4007163b1a00287b135bdd6ba30de2,fa7f87fd556c8b57,"{""log"":""17:22:32.279 INFO  f.m.s.BasicServiceImpl#374 TraceID: dc4007163b1a00287b135bdd6ba30de2 SpanID: fa7f87fd556c8b57 [queryTrainTypeByNames][Query Train Type][Train Type names: [DongCheOne, GaoTieOne, GaoTieTwo]]\n"",""stream"":""stdout"",""time"":""2025-06-06T09:22:32.279987563Z""}"
2025-06-06T09:22:32.257190863Z,1674984152257190863,33.33.33.76,ts-basic-service-5dc8d4f9fd-46997,server,dc4007163b1a00287b135bdd6ba30de2,fa7f87fd556c8b57,"{""log"":""17:22:32.256 INFO  f.m.s.BasicServiceImpl#343 TraceID: dc4007163b1a00287b135bdd6ba30de2 SpanID: fa7f87fd556c8b57 [checkStationsExists][Check Stations Exists][stationNames: [nanjing, shanghai]]\n"",""stream"":""stdout"",""time"":""2025-06-06T09:22:32.257190863Z""}"
2025-06-06T09:22:32.256976341Z,1674984152256976341,33.33.33.76,ts-basic-service-5dc8d4f9fd-46997,server,dc4007163b1a00287b135bdd6ba30de2,fa7f87fd556c8b57,"{""log"":""17:22:32.256 INFO  f.m.c.BasicController#45 TraceID: dc4007163b1a00287b135bdd6ba30de2 SpanID: fa7f87fd556c8b57 [queryForTravels][Query for travels][Travels: [Travel(trip=Trip(id=015fd636-861e-4714-9347-2efbb1a98f37, tripId=G1234, trainTypeName=GaoTieOne, routeId=92708982-77af-4318-be25-57ccb0ff69ad, startStationName=shanghai, stationsName=suzhou, terminalStationName=taiyuan, startTime=2013-05-04 09:00:00, endTime=2013-05-04 15:51:52), startPlace=nanjing, endPlace=shanghai, departureTime=2023-01-29 15:38:06), Travel(trip=Trip(id=38893061-3fd2-4ac4-bbc9-f0d727f83d6f, tripId=G1235, trainTypeName=GaoTieOne, routeId=aefcef3f-3f42-46e8-afd7-6cb2a928bd3d, startStationName=shanghai, stationsName=suzhou, terminalStationName=taiyuan, startTime=2013-05-04 12:00:00, endTime=2013-05-04 17:51:52), startPlace=nanjing, endPlace=shanghai, departureTime=2023-01-29 15:38:06), Travel(trip=Trip(id=cfcf2553-3371-42c5-b583-a3c4bb8ef505, tripId=G1236, trainTypeName=GaoTieOne, routeId=a3f256c1-0e43-4f7d-9c21-121bf258101f, startStationName=shanghai, stationsName=suzhou, terminalStationName=taiyuan, startTime=2013-05-04 14:00:00, endTime=2013-05-04 20:51:52), startPlace=nanjing, endPlace=shanghai, departureTime=2023-01-29 15:38:06), Travel(trip=Trip(id=a71c2e28-22c2-4b7f-90cf-715a7f4b35b4, tripId=G1237, trainTypeName=GaoTieTwo, routeId=084837bb-53c8-4438-87c8-0321a4d09917, startStationName=shanghai, stationsName=suzhou, terminalStationName=taiyuan, startTime=2013-05-04 08:00:00, endTime=2013-05-04 17:21:52), startPlace=nanjing, endPlace=shanghai, departureTime=2023-01-29 15:38:06), Travel(trip=Trip(id=465eec52-1bc7-4d8b-8c38-e8f210bb3a77, tripId=D1345, trainTypeName=DongCheOne, routeId=f3d4d4ef-693b-4456-8eed-59c0d717dd08, startStationName=shanghai, stationsName=suzhou, terminalStationName=taiyuan, startTime=2013-05-04 07:00:00, endTime=2013-05-04 19:59:52), startPlace=nanjing, endPlace=shanghai, departureTime=2023-01-29 15:38:06)]]\n"",""stream"":""stdout"",""time"":""2025-06-06T09:22:32.256976341Z""}"
2025-06-06T09:22:30.783073314Z,1674984150783073314,33.33.33.116,ts-travel-service-64469b5b48-25zj6,server,77473394d0bd91caa5bddb60e6c1110a,4f38e51b41fbde77,"{""log"":""17:22:30.782 INFO  t.s.TravelServiceImpl#457 TraceID: 77473394d0bd91caa5bddb60e6c1110a SpanID: 4f38e51b41fbde77 [getTickets][Calculate distance][calculate time：16  time: Sat May 04 07:16:00 CST 2013]\n"",""stream"":""stdout"",""time"":""2025-06-06T09:22:30.783073314Z""}"
2025-06-06T09:22:30.783066898Z,1674984150783066898,33.33.33.116,ts-travel-service-64469b5b48-25zj6,server,77473394d0bd91caa5bddb60e6c1110a,4f38e51b41fbde77,"{""log"":""17:22:30.781 INFO  t.s.TravelServiceImpl#451 TraceID: 77473394d0bd91caa5bddb60e6c1110a SpanID: 4f38e51b41fbde77 [getTickets][Calculate distance][calculate time：0  time: Sat May 04 07:00:00 CST 2013]\n"",""stream"":""stdout"",""time"":""2025-06-06T09:22:30.783066898Z""}"
2025-06-06T09:22:30.783025484Z,1674984150783025484,33.33.33.116,ts-travel-service-64469b5b48-25zj6,server,77473394d0bd91caa5bddb60e6c1110a,4f38e51b41fbde77,"{""log"":""17:22:30.781 INFO  t.s.TravelServiceImpl#558 TraceID: 77473394d0bd91caa5bddb60e6c1110a SpanID: 4f38e51b41fbde77 [getRestTicketNumber][Get Rest tickets num][num is: Response(status=1, msg=Get Left Ticket of Internal Success, data=1073741823)]\n"",""stream"":""stdout"",""time"":""2025-06-06T09:22:30.783025484Z""}"
2025-06-06T09:22:30.744667915Z,1674984150744667915,33.33.33.116,ts-travel-service-64469b5b48-25zj6,server,77473394d0bd91caa5bddb60e6c1110a,4f38e51b41fbde77,"{""log"":""17:22:30.744 INFO  t.s.TravelServiceImpl#548 TraceID: 77473394d0bd91caa5bddb60e6c1110a SpanID: 4f38e51b41fbde77 [getRestTicketNumber][Seat request][request: Seat(travelDate=2023-01-29 15:38:06, trainNumber=D1345, startStation=shanghai, destStation=suzhou, seatType=3, totalNum=2147483647, stations=[shanghai, suzhou])]\n"",""stream"":""stdout"",""time"":""2025-06-06T09:22:30.744667915Z""}"
2025-06-06T09:22:30.744546025Z,1674984150744546025,33.33.33.116,ts-travel-service-64469b5b48-25zj6,server,77473394d0bd91caa5bddb60e6c1110a,4f38e51b41fbde77,"{""log"":""17:22:30.744 INFO  t.s.TravelServiceImpl#558 TraceID: 77473394d0bd91caa5bddb60e6c1110a SpanID: 4f38e51b41fbde77 [getRestTicketNumber][Get Rest tickets num][num is: Response(status=1, msg=Get Left Ticket of Internal Success, data=1073741823)]\n"",""stream"":""stdout"",""time"":""2025-06-06T09:22:30.744546025Z""}"
2025-06-06T09:22:30.488575602Z,1674984150488575602,33.33.33.116,ts-travel-service-64469b5b48-25zj6,server,77473394d0bd91caa5bddb60e6c1110a,4f38e51b41fbde77,"{""log"":""17:22:30.488 INFO  t.s.TravelServiceImpl#548 TraceID: 77473394d0bd91caa5bddb60e6c1110a SpanID: 4f38e51b41fbde77 [getRestTicketNumber][Seat request][request: Seat(travelDate=2023-01-29 15:38:06, trainNumber=D1345, startStation=shanghai, destStation=suzhou, seatType=2, totalNum=2147483647, stations=[shanghai, suzhou])]\n"",""stream"":""stdout"",""time"":""2025-06-06T09:22:30.488575602Z""}"
2025-06-06T09:22:30.337286541Z,1674984150337286541,33.33.33.116,ts-travel-service-64469b5b48-25zj6,server,77473394d0bd91caa5bddb60e6c1110a,4f38e51b41fbde77,"{""log"":""17:22:30.337 INFO  t.s.TravelServiceImpl#343 TraceID: 77473394d0bd91caa5bddb60e6c1110a SpanID: 4f38e51b41fbde77 [getTicketsByBatch][before get basic][trips: [Trip(id=015fd636-861e-4714-9347-2efbb1a98f37, tripId=G1234, trainTypeName=GaoTieOne, routeId=92708982-77af-4318-be25-57ccb0ff69ad, startStationName=shanghai, stationsName=suzhou, terminalStationName=taiyuan, startTime=2013-05-04 09:00:00, endTime=2013-05-04 15:51:52), Trip(id=38893061-3fd2-4ac4-bbc9-f0d727f83d6f, tripId=G1235, trainTypeName=GaoTieOne, routeId=aefcef3f-3f42-46e8-afd7-6cb2a928bd3d, startStationName=shanghai, stationsName=suzhou, terminalStationName=taiyuan, startTime=2013-05-04 12:00:00, endTime=2013-05-04 17:51:52), Trip(id=cfcf2553-3371-42c5-b583-a3c4bb8ef505, tripId=G1236, trainTypeName=GaoTieOne, routeId=a3f256c1-0e43-4f7d-9c21-121bf258101f, startStationName=shanghai, stationsName=suzhou, terminalStationName=taiyuan, startTime=2013-05-04 14:00:00, endTime=2013-05-04 20:51:52), Trip(id=a71c2e28-22c2-4b7f-90cf-715a7f4b35b4, tripId=G1237, trainTypeName=GaoTieTwo, routeId=084837bb-53c8-4438-87c8-0321a4d09917, startStationName=shanghai, stationsName=suzhou, terminalStationName=taiyuan, startTime=2013-05-04 08:00:00, endTime=2013-05-04 17:21:52), Trip(id=465eec52-1bc7-4d8b-8c38-e8f210bb3a77, tripId=D1345, trainTypeName=DongCheOne, routeId=f3d4d4ef-693b-4456-8eed-59c0d717dd08, startStationName=shanghai, stationsName=suzhou, terminalStationName=taiyuan, startTime=2013-05-04 07:00:00, endTime=2013-05-04 19:59:52)]]\n"",""stream"":""stdout"",""time"":""2025-06-06T09:22:30.337286541Z""}"
2025-06-06T09:22:30.337128629Z,1674984150337128629,33.33.33.116,ts-travel-service-64469b5b48-25zj6,server,77473394d0bd91caa5bddb60e6c1110a,4f38e51b41fbde77,"{""log"":""17:22:30.336 INFO  t.s.TravelServiceImpl#487 TraceID: 77473394d0bd91caa5bddb60e6c1110a SpanID: 4f38e51b41fbde77 [departrue date][y: 2023][m:0][d: 29]\n"",""stream"":""stdout"",""time"":""2025-06-06T09:22:30.337128629Z""}"
2025-06-06T09:22:30.33699992Z,1674984150336999920,33.33.33.116,ts-travel-service-64469b5b48-25zj6,server,77473394d0bd91caa5bddb60e6c1110a,4f38e51b41fbde77,"{""log"":""17:22:30.336 INFO  t.s.TravelServiceImpl#486 TraceID: 77473394d0bd91caa5bddb60e6c1110a SpanID: 4f38e51b41fbde77 [today date][y: 2023][m:0][d: 29]\n"",""stream"":""stdout"",""time"":""2025-06-06T09:22:30.33699992Z""}"
2025-06-06T09:22:30.334965193Z,1674984150334965193,33.33.33.116,ts-travel-service-64469b5b48-25zj6,server,77473394d0bd91caa5bddb60e6c1110a,4f38e51b41fbde77,"{""log"":""17:22:30.334 INFO  t.c.TravelController#122 TraceID: 77473394d0bd91caa5bddb60e6c1110a SpanID: 4f38e51b41fbde77 [query][Query TripResponse]\n"",""stream"":""stdout"",""time"":""2025-06-06T09:22:30.334965193Z""}"
2025-06-06T09:22:30.39324542Z,1674984150393245420,33.33.33.79,ts-train-service-86f5f97bc9-dkqmf,server,77473394d0bd91caa5bddb60e6c1110a,6e6580a4f18c3b44,"{""log"":""17:22:30.392 INFO  t.c.TrainController#72 TraceID: 77473394d0bd91caa5bddb60e6c1110a SpanID: 6e6580a4f18c3b44 [retrieveByNames][Retrieve train][TrainTypeNames: [DongCheOne, GaoTieOne, GaoTieTwo]]\n"",""stream"":""stdout"",""time"":""2025-06-06T09:22:30.39324542Z""}"
2025-06-06T09:22:30.348538208Z,1674984150348538208,33.33.33.76,ts-station-service-7f4f5f6f77-5qb6j,server,77473394d0bd91caa5bddb60e6c1110a,41058ab2e5027b68,"{""log"":""17:22:30.348 INFO  f.m.c.StationController#71 TraceID: 77473394d0bd91caa5bddb60e6c1110a SpanID: 41058ab2e5027b68 [queryForIdBatch][Query stations for id batch][StationNameNumbers: 2]\n"",""stream"":""stdout"",""time"":""2025-06-06T09:22:30.348538208Z""}"
2025-06-06T09:22:30.780333315Z,1674984150780333315,33.33.33.82,ts-seat-service-5c95b49cff-tdsdz,server,77473394d0bd91caa5bddb60e6c1110a,e82f06ce5850df69,"{""log"":""17:22:30.779 INFO  s.s.SeatServiceImpl#217 TraceID: 77473394d0bd91caa5bddb60e6c1110a SpanID: e82f06ce5850df69 [getDirectProportion][Configs is : Config(name=DirectTicketAllocationProportion, value=0.5, description=Allocation Proportion Of The Direct Ticket - From Start To End)]\n"",""stream"":""stdout"",""time"":""2025-06-06T09:22:30.780333315Z""}"
2025-06-06T09:22:30.759254327Z,1674984150759254327,33.33.33.82,ts-seat-service-5c95b49cff-tdsdz,server,77473394d0bd91caa5bddb60e6c1110a,e82f06ce5850df69,"{""log"":""17:22:30.758 INFO  s.s.SeatServiceImpl#151 TraceID: 77473394d0bd91caa5bddb60e6c1110a SpanID: e82f06ce5850df69 [getLeftTicketOfInterval][Get Order tickets result][result is \u003c200,Response(status=0, msg=Order is Null., data=null),[vary:\""Origin,Access-Control-Request-Method,Access-Control-Request-Headers\"", x-content-type-options:\""nosniff\"", x-xss-protection:\""1; mode=block\"", cache-control:\""no-cache, no-store, max-age=0, must-revalidate\"", pragma:\""no-cache\"", expires:\""0\"", x-frame-options:\""DENY\"", content-type:\""application/json\"", date:\""Sun, 29 Jan 2023 09:22:29 GMT\"", x-envoy-upstream-service-time:\""6\"", server:\""envoy\"", transfer-encoding:\""chunked\""]\u003e]\n"",""stream"":""stdout"",""time"":""2025-06-06T09:22:30.759254327Z""}"
2025-06-06T09:22:30.749550292Z,1674984150749550292,33.33.33.82,ts-seat-service-5c95b49cff-tdsdz,server,77473394d0bd91caa5bddb60e6c1110a,e82f06ce5850df69,"{""log"":""17:22:30.748 INFO  s.s.SeatServiceImpl#139 TraceID: 77473394d0bd91caa5bddb60e6c1110a SpanID: e82f06ce5850df69 [getLeftTicketOfInterval][TrainNumber start with G|D][trainNumber:D1345]\n"",""stream"":""stdout"",""time"":""2025-06-06T09:22:30.749550292Z""}"
2025-06-06T09:22:30.749089166Z,1674984150749089166,33.33.33.82,ts-seat-service-5c95b49cff-tdsdz,server,77473394d0bd91caa5bddb60e6c1110a,e82f06ce5850df69,"{""log"":""17:22:30.748 INFO  s.s.SeatServiceImpl#137 TraceID: 77473394d0bd91caa5bddb60e6c1110a SpanID: e82f06ce5850df69 [getLeftTicketOfInterval][Seat request][request:Seat(travelDate=2023-01-29 15:38:06, trainNumber=D1345, startStation=shanghai, destStation=suzhou, seatType=3, totalNum=2147483647, stations=[shanghai, suzhou])]\n"",""stream"":""stdout"",""time"":""2025-06-06T09:22:30.749089166Z""}"
2025-06-06T09:22:30.748657968Z,1674984150748657968,33.33.33.82,ts-seat-service-5c95b49cff-tdsdz,server,77473394d0bd91caa5bddb60e6c1110a,e82f06ce5850df69,"{""log"":""17:22:30.747 INFO  s.c.SeatController#57 TraceID: 77473394d0bd91caa5bddb60e6c1110a SpanID: e82f06ce5850df69 [getLeftTicketOfInterval][Get left ticket of interval][TravelDate: 2023-01-29 15:38:06,TrainNumber: D1345,SeatType: 3]\n"",""stream"":""stdout"",""time"":""2025-06-06T09:22:30.748657968Z""}"
2025-06-06T09:22:30.742830273Z,1674984150742830273,33.33.33.82,ts-seat-service-5c95b49cff-tdsdz,server,77473394d0bd91caa5bddb60e6c1110a,17c04a56f1015bf5,"{""log"":""17:22:30.742 INFO  s.s.SeatServiceImpl#217 TraceID: 77473394d0bd91caa5bddb60e6c1110a SpanID: 17c04a56f1015bf5 [getDirectProportion][Configs is : Config(name=DirectTicketAllocationProportion, value=0.5, description=Allocation Proportion Of The Direct Ticket - From Start To End)]\n"",""stream"":""stdout"",""time"":""2025-06-06T09:22:30.742830273Z""}"
2025-06-06T09:22:30.736519413Z,1674984150736519413,33.33.33.82,ts-seat-service-5c95b49cff-tdsdz,server,77473394d0bd91caa5bddb60e6c1110a,17c04a56f1015bf5,"{""log"":""17:22:30.735 INFO  s.s.SeatServiceImpl#151 TraceID: 77473394d0bd91caa5bddb60e6c1110a SpanID: 17c04a56f1015bf5 [getLeftTicketOfInterval][Get Order tickets result][result is \u003c200,Response(status=0, msg=Order is Null., data=null),[vary:\""Origin,Access-Control-Request-Method,Access-Control-Request-Headers\"", x-content-type-options:\""nosniff\"", x-xss-protection:\""1; mode=block\"", cache-control:\""no-cache, no-store, max-age=0, must-revalidate\"", pragma:\""no-cache\"", expires:\""0\"", x-frame-options:\""DENY\"", content-type:\""application/json\"", date:\""Sun, 29 Jan 2023 09:22:29 GMT\"", x-envoy-upstream-service-time:\""13\"", server:\""envoy\"", transfer-encoding:\""chunked\""]\u003e]\n"",""stream"":""stdout"",""time"":""2025-06-06T09:22:30.736519413Z""}"
2025-06-06T09:22:30.719129861Z,1674984150719129861,33.33.33.82,ts-seat-service-5c95b49cff-tdsdz,server,77473394d0bd91caa5bddb60e6c1110a,17c04a56f1015bf5,"{""log"":""17:22:30.718 INFO  s.s.SeatServiceImpl#139 TraceID: 77473394d0bd91caa5bddb60e6c1110a SpanID: 17c04a56f1015bf5 [getLeftTicketOfInterval][TrainNumber start with G|D][trainNumber:D1345]\n"",""stream"":""stdout"",""time"":""2025-06-06T09:22:30.719129861Z""}"
2025-06-06T09:22:30.718802605Z,1674984150718802605,33.33.33.82,ts-seat-service-5c95b49cff-tdsdz,server,77473394d0bd91caa5bddb60e6c1110a,17c04a56f1015bf5,"{""log"":""17:22:30.718 INFO  s.s.SeatServiceImpl#137 TraceID: 77473394d0bd91caa5bddb60e6c1110a SpanID: 17c04a56f1015bf5 [getLeftTicketOfInterval][Seat request][request:Seat(travelDate=2023-01-29 15:38:06, trainNumber=D1345, startStation=shanghai, destStation=suzhou, seatType=2, totalNum=2147483647, stations=[shanghai, suzhou])]\n"",""stream"":""stdout"",""time"":""2025-06-06T09:22:30.718802605Z""}"
2025-06-06T09:22:30.718382958Z,1674984150718382958,33.33.33.82,ts-seat-service-5c95b49cff-tdsdz,server,77473394d0bd91caa5bddb60e6c1110a,17c04a56f1015bf5,"{""log"":""17:22:30.717 INFO  s.c.SeatController#57 TraceID: 77473394d0bd91caa5bddb60e6c1110a SpanID: 17c04a56f1015bf5 [getLeftTicketOfInterval][Get left ticket of interval][TravelDate: 2023-01-29 15:38:06,TrainNumber: D1345,SeatType: 2]\n"",""stream"":""stdout"",""time"":""2025-06-06T09:22:30.718382958Z""}"
2025-06-06T09:22:30.438748057Z,1674984150438748057,33.33.33.80,ts-route-service-b6c59fb57-zv8dt,server,77473394d0bd91caa5bddb60e6c1110a,1f7e871c88df8db1,"{""log"":""17:22:30.436 INFO  r.c.RouteController#53 TraceID: 77473394d0bd91caa5bddb60e6c1110a SpanID: 1f7e871c88df8db1 [getRouteById][Query route by id][RouteId: [92708982-77af-4318-be25-57ccb0ff69ad, aefcef3f-3f42-46e8-afd7-6cb2a928bd3d, a3f256c1-0e43-4f7d-9c21-121bf258101f, 084837bb-53c8-4438-87c8-0321a4d09917, f3d4d4ef-693b-4456-8eed-59c0d717dd08]]\n"",""stream"":""stdout"",""time"":""2025-06-06T09:22:30.438748057Z""}"
2025-06-06T09:22:30.476445409Z,1674984150476445409,33.33.33.79,ts-price-service-76846864d9-g465z,server,77473394d0bd91caa5bddb60e6c1110a,c97ae0cd4e982293,"{""log"":""17:22:30.475 INFO  p.c.PriceController#46 TraceID: 77473394d0bd91caa5bddb60e6c1110a SpanID: c97ae0cd4e982293 [findByRouteIdAndTrainType][Query price][routeId and Train Type: [f3d4d4ef-693b-4456-8eed-59c0d717dd08:DongCheOne]]\n"",""stream"":""stdout"",""time"":""2025-06-06T09:22:30.476445409Z""}"
2025-06-06T09:22:30.757169519Z,1674984150757169519,33.33.33.76,ts-order-service-5b67c48447-mv5hb,server,77473394d0bd91caa5bddb60e6c1110a,4c3c0443352d628b,"{""log"":""17:22:30.756 WARN  o.s.OrderServiceImpl#68 TraceID: 77473394d0bd91caa5bddb60e6c1110a SpanID: 4c3c0443352d628b [getSoldTickets][Seat][Left ticket info is empty][seat from date: 2023-01-29 15:38:06, train number: D1345]\n"",""stream"":""stdout"",""time"":""2025-06-06T09:22:30.757169519Z""}"
2025-06-06T09:22:30.754740659Z,1674984150754740659,33.33.33.76,ts-order-service-5b67c48447-mv5hb,server,77473394d0bd91caa5bddb60e6c1110a,4c3c0443352d628b,"{""log"":""17:22:30.754 INFO  o.c.OrderController#39 TraceID: 77473394d0bd91caa5bddb60e6c1110a SpanID: 4c3c0443352d628b [getSoldTickets][Get Sold Ticket][Travel Date: 2023-01-29 15:38:06]\n"",""stream"":""stdout"",""time"":""2025-06-06T09:22:30.754740659Z""}"
2025-06-06T09:22:30.734232013Z,1674984150734232013,33.33.33.76,ts-order-service-5b67c48447-mv5hb,server,77473394d0bd91caa5bddb60e6c1110a,dfb34487b70d3ea8,"{""log"":""17:22:30.733 WARN  o.s.OrderServiceImpl#68 TraceID: 77473394d0bd91caa5bddb60e6c1110a SpanID: dfb34487b70d3ea8 [getSoldTickets][Seat][Left ticket info is empty][seat from date: 2023-01-29 15:38:06, train number: D1345]\n"",""stream"":""stdout"",""time"":""2025-06-06T09:22:30.734232013Z""}"
2025-06-06T09:22:30.731518275Z,1674984150731518275,33.33.33.76,ts-order-service-5b67c48447-mv5hb,server,77473394d0bd91caa5bddb60e6c1110a,dfb34487b70d3ea8,"{""log"":""17:22:30.731 INFO  o.c.OrderController#39 TraceID: 77473394d0bd91caa5bddb60e6c1110a SpanID: dfb34487b70d3ea8 [getSoldTickets][Get Sold Ticket][Travel Date: 2023-01-29 15:38:06]\n"",""stream"":""stdout"",""time"":""2025-06-06T09:22:30.731518275Z""}"
2025-06-06T09:22:30.762163965Z,1674984150762163965,33.33.33.115,ts-config-service-5fcd447d84-wxwjd,server,77473394d0bd91caa5bddb60e6c1110a,341da53d319f0909,"{""log"":""17:22:30.761 INFO  c.s.ConfigServiceImpl#65 TraceID: 77473394d0bd91caa5bddb60e6c1110a SpanID: 341da53d319f0909 [query][Query config success][config name: DirectTicketAllocationProportion]\n"",""stream"":""stdout"",""time"":""2025-06-06T09:22:30.762163965Z""}"
2025-06-06T09:22:30.761278732Z,1674984150761278732,33.33.33.115,ts-config-service-5fcd447d84-wxwjd,server,77473394d0bd91caa5bddb60e6c1110a,341da53d319f0909,"{""log"":""17:22:30.760 INFO  c.c.ConfigController#67 TraceID: 77473394d0bd91caa5bddb60e6c1110a SpanID: 341da53d319f0909 [retrieve][Retrieve config][configName: DirectTicketAllocationProportion]\n"",""stream"":""stdout"",""time"":""2025-06-06T09:22:30.761278732Z""}"
2025-06-06T09:22:30.740292991Z,1674984150740292991,33.33.33.115,ts-config-service-5fcd447d84-wxwjd,server,77473394d0bd91caa5bddb60e6c1110a,80c644da1994b378,"{""log"":""17:22:30.739 INFO  c.s.ConfigServiceImpl#65 TraceID: 77473394d0bd91caa5bddb60e6c1110a SpanID: 80c644da1994b378 [query][Query config success][config name: DirectTicketAllocationProportion]\n"",""stream"":""stdout"",""time"":""2025-06-06T09:22:30.740292991Z""}"
2025-06-06T09:22:30.739290457Z,1674984150739290457,33.33.33.115,ts-config-service-5fcd447d84-wxwjd,server,77473394d0bd91caa5bddb60e6c1110a,80c644da1994b378,"{""log"":""17:22:30.738 INFO  c.c.ConfigController#67 TraceID: 77473394d0bd91caa5bddb60e6c1110a SpanID: 80c644da1994b378 [retrieve][Retrieve config][configName: DirectTicketAllocationProportion]\n"",""stream"":""stdout"",""time"":""2025-06-06T09:22:30.739290457Z""}"
2025-06-06T09:22:30.484396226Z,1674984150484396226,33.33.33.76,ts-basic-service-5dc8d4f9fd-46997,server,77473394d0bd91caa5bddb60e6c1110a,f0a98e2d9ead84f5,"{""log"":""17:22:30.484 INFO  f.m.s.BasicServiceImpl#320 TraceID: 77473394d0bd91caa5bddb60e6c1110a SpanID: f0a98e2d9ead84f5 [queryForTravels][all done][result map: {D1345=TravelResult(status=true, percent=1.0, trainType=TrainType(id=a14b45f8-64d9-4e40-9d78-5152f726ba8d, name=DongCheOne, economyClass=2147483647, confortClass=2147483647, averageSpeed=180), route=Route(id=f3d4d4ef-693b-4456-8eed-59c0d717dd08, stations=[shanghai, suzhou], distances=[0, 50], startStation=shanghai, endStation=suzhou), prices={confortClass=50.0, economyClass=22.5})}]\n"",""stream"":""stdout"",""time"":""2025-06-06T09:22:30.484396226Z""}"
2025-06-06T09:22:30.484231421Z,1674984150484231421,33.33.33.76,ts-basic-service-5dc8d4f9fd-46997,server,77473394d0bd91caa5bddb60e6c1110a,f0a98e2d9ead84f5,"{""log"":""17:22:30.483 INFO  f.m.s.BasicServiceImpl#481 TraceID: 77473394d0bd91caa5bddb60e6c1110a SpanID: f0a98e2d9ead84f5 [queryPriceConfigByRouteIdsAndTrainTypes][Get Price Config by routeId and trainType][Success][priceConfigs: {f3d4d4ef-693b-4456-8eed-59c0d717dd08:DongCheOne={id=d5c4523a-827c-468c-95be-e9024a40572e, trainType=DongCheOne, routeId=f3d4d4ef-693b-4456-8eed-59c0d717dd08, basicPriceRate=0.45, firstClassPriceRate=1.0}}]\n"",""stream"":""stdout"",""time"":""2025-06-06T09:22:30.484231421Z""}"
2025-06-06T09:22:30.457910293Z,1674984150457910293,33.33.33.76,ts-basic-service-5dc8d4f9fd-46997,server,77473394d0bd91caa5bddb60e6c1110a,f0a98e2d9ead84f5,"{""log"":""17:22:30.457 INFO  f.m.s.BasicServiceImpl#459 TraceID: 77473394d0bd91caa5bddb60e6c1110a SpanID: f0a98e2d9ead84f5 [queryPriceConfigByRouteIdsAndTrainTypes][Query For Price Config][RouteId and TrainType: [f3d4d4ef-693b-4456-8eed-59c0d717dd08:DongCheOne]]\n"",""stream"":""stdout"",""time"":""2025-06-06T09:22:30.457910293Z""}"
2025-06-06T09:22:30.457281346Z,1674984150457281346,33.33.33.76,ts-basic-service-5dc8d4f9fd-46997,server,77473394d0bd91caa5bddb60e6c1110a,f0a98e2d9ead84f5,"{""log"":""17:22:30.456 ERROR  f.m.s.BasicServiceImpl#415 TraceID: 77473394d0bd91caa5bddb60e6c1110a SpanID: f0a98e2d9ead84f5 [getRoutesByRouteIds][Get Route By Ids Failed]\n"",""stream"":""stdout"",""time"":""2025-06-06T09:22:30.457281346Z""}"
2025-06-06T09:22:30.402037285Z,1674984150402037285,33.33.33.76,ts-basic-service-5dc8d4f9fd-46997,server,77473394d0bd91caa5bddb60e6c1110a,f0a98e2d9ead84f5,"{""log"":""17:22:30.401 INFO  f.m.s.BasicServiceImpl#405 TraceID: 77473394d0bd91caa5bddb60e6c1110a SpanID: f0a98e2d9ead84f5 [getRoutesByRouteIds][Get Route By Ids][Route IDs: [92708982-77af-4318-be25-57ccb0ff69ad, aefcef3f-3f42-46e8-afd7-6cb2a928bd3d, a3f256c1-0e43-4f7d-9c21-121bf258101f, 084837bb-53c8-4438-87c8-0321a4d09917, f3d4d4ef-693b-4456-8eed-59c0d717dd08]]\n"",""stream"":""stdout"",""time"":""2025-06-06T09:22:30.402037285Z""}"
2025-06-06T09:22:30.353445126Z,1674984150353445126,33.33.33.76,ts-basic-service-5dc8d4f9fd-46997,server,77473394d0bd91caa5bddb60e6c1110a,f0a98e2d9ead84f5,"{""log"":""17:22:30.353 INFO  f.m.s.BasicServiceImpl#374 TraceID: 77473394d0bd91caa5bddb60e6c1110a SpanID: f0a98e2d9ead84f5 [queryTrainTypeByNames][Query Train Type][Train Type names: [DongCheOne, GaoTieOne, GaoTieTwo]]\n"",""stream"":""stdout"",""time"":""2025-06-06T09:22:30.353445126Z""}"
2025-06-06T09:22:30.346032671Z,1674984150346032671,33.33.33.76,ts-basic-service-5dc8d4f9fd-46997,server,77473394d0bd91caa5bddb60e6c1110a,f0a98e2d9ead84f5,"{""log"":""17:22:30.345 INFO  f.m.s.BasicServiceImpl#343 TraceID: 77473394d0bd91caa5bddb60e6c1110a SpanID: f0a98e2d9ead84f5 [checkStationsExists][Check Stations Exists][stationNames: [suzhou, shanghai]]\n"",""stream"":""stdout"",""time"":""2025-06-06T09:22:30.346032671Z""}"
2025-06-06T09:22:30.345961148Z,1674984150345961148,33.33.33.76,ts-basic-service-5dc8d4f9fd-46997,server,77473394d0bd91caa5bddb60e6c1110a,f0a98e2d9ead84f5,"{""log"":""17:22:30.345 INFO  f.m.c.BasicController#45 TraceID: 77473394d0bd91caa5bddb60e6c1110a SpanID: f0a98e2d9ead84f5 [queryForTravels][Query for travels][Travels: [Travel(trip=Trip(id=015fd636-861e-4714-9347-2efbb1a98f37, tripId=G1234, trainTypeName=GaoTieOne, routeId=92708982-77af-4318-be25-57ccb0ff69ad, startStationName=shanghai, stationsName=suzhou, terminalStationName=taiyuan, startTime=2013-05-04 09:00:00, endTime=2013-05-04 15:51:52), startPlace=shanghai, endPlace=suzhou, departureTime=2023-01-29 15:38:06), Travel(trip=Trip(id=38893061-3fd2-4ac4-bbc9-f0d727f83d6f, tripId=G1235, trainTypeName=GaoTieOne, routeId=aefcef3f-3f42-46e8-afd7-6cb2a928bd3d, startStationName=shanghai, stationsName=suzhou, terminalStationName=taiyuan, startTime=2013-05-04 12:00:00, endTime=2013-05-04 17:51:52), startPlace=shanghai, endPlace=suzhou, departureTime=2023-01-29 15:38:06), Travel(trip=Trip(id=cfcf2553-3371-42c5-b583-a3c4bb8ef505, tripId=G1236, trainTypeName=GaoTieOne, routeId=a3f256c1-0e43-4f7d-9c21-121bf258101f, startStationName=shanghai, stationsName=suzhou, terminalStationName=taiyuan, startTime=2013-05-04 14:00:00, endTime=2013-05-04 20:51:52), startPlace=shanghai, endPlace=suzhou, departureTime=2023-01-29 15:38:06), Travel(trip=Trip(id=a71c2e28-22c2-4b7f-90cf-715a7f4b35b4, tripId=G1237, trainTypeName=GaoTieTwo, routeId=084837bb-53c8-4438-87c8-0321a4d09917, startStationName=shanghai, stationsName=suzhou, terminalStationName=taiyuan, startTime=2013-05-04 08:00:00, endTime=2013-05-04 17:21:52), startPlace=shanghai, endPlace=suzhou, departureTime=2023-01-29 15:38:06), Travel(trip=Trip(id=465eec52-1bc7-4d8b-8c38-e8f210bb3a77, tripId=D1345, trainTypeName=DongCheOne, routeId=f3d4d4ef-693b-4456-8eed-59c0d717dd08, startStationName=shanghai, stationsName=suzhou, terminalStationName=taiyuan, startTime=2013-05-04 07:00:00, endTime=2013-05-04 19:59:52), startPlace=shanghai, endPlace=suzhou, departureTime=2023-01-29 15:38:06)]]\n"",""stream"":""stdout"",""time"":""2025-06-06T09:22:30.345961148Z""}"
2025-06-06T09:22:45.121561293Z,1674984165121561293,33.33.33.116,ts-travel-service-64469b5b48-25zj6,server,6958390a47b9cbde1f1575e735e9afae,ebb186713bc3c455,"{""log"":""17:22:45.121 INFO  t.s.TravelServiceImpl#457 TraceID: 6958390a47b9cbde1f1575e735e9afae SpanID: ebb186713bc3c455 [getTickets][Calculate distance][calculate time：60  time: Sat May 04 10:00:00 CST 2013]\n"",""stream"":""stdout"",""time"":""2025-06-06T09:22:45.121561293Z""}"
2025-06-06T09:22:45.121424644Z,1674984165121424644,33.33.33.116,ts-travel-service-64469b5b48-25zj6,server,6958390a47b9cbde1f1575e735e9afae,ebb186713bc3c455,"{""log"":""17:22:45.121 INFO  t.s.TravelServiceImpl#451 TraceID: 6958390a47b9cbde1f1575e735e9afae SpanID: ebb186713bc3c455 [getTickets][Calculate distance][calculate time：48  time: Sat May 04 09:48:00 CST 2013]\n"",""stream"":""stdout"",""time"":""2025-06-06T09:22:45.121424644Z""}"
2025-06-06T09:22:45.121263828Z,1674984165121263828,33.33.33.116,ts-travel-service-64469b5b48-25zj6,server,6958390a47b9cbde1f1575e735e9afae,ebb186713bc3c455,"{""log"":""17:22:45.120 INFO  t.s.TravelServiceImpl#558 TraceID: 6958390a47b9cbde1f1575e735e9afae SpanID: ebb186713bc3c455 [getRestTicketNumber][Get Rest tickets num][num is: Response(status=1, msg=Get Left Ticket of Internal Success, data=1073741823)]\n"",""stream"":""stdout"",""time"":""2025-06-06T09:22:45.121263828Z""}"
2025-06-06T09:22:45.092394165Z,1674984165092394165,33.33.33.116,ts-travel-service-64469b5b48-25zj6,server,6958390a47b9cbde1f1575e735e9afae,ebb186713bc3c455,"{""log"":""17:22:45.092 INFO  t.s.TravelServiceImpl#548 TraceID: 6958390a47b9cbde1f1575e735e9afae SpanID: ebb186713bc3c455 [getRestTicketNumber][Seat request][request: Seat(travelDate=2023-01-29 15:38:06, trainNumber=G1234, startStation=suzhou, destStation=shanghai, seatType=3, totalNum=2147483647, stations=[nanjing, zhenjiang, wuxi, suzhou, shanghai])]\n"",""stream"":""stdout"",""time"":""2025-06-06T09:22:45.092394165Z""}"
2025-06-06T09:22:45.092245402Z,1674984165092245402,33.33.33.116,ts-travel-service-64469b5b48-25zj6,server,6958390a47b9cbde1f1575e735e9afae,ebb186713bc3c455,"{""log"":""17:22:45.091 INFO  t.s.TravelServiceImpl#558 TraceID: 6958390a47b9cbde1f1575e735e9afae SpanID: ebb186713bc3c455 [getRestTicketNumber][Get Rest tickets num][num is: Response(status=1, msg=Get Left Ticket of Internal Success, data=1073741823)]\n"",""stream"":""stdout"",""time"":""2025-06-06T09:22:45.092245402Z""}"
2025-06-06T09:22:45.077008179Z,1674984165077008179,33.33.33.116,ts-travel-service-64469b5b48-25zj6,server,6958390a47b9cbde1f1575e735e9afae,ebb186713bc3c455,"{""log"":""17:22:45.076 INFO  t.s.TravelServiceImpl#548 TraceID: 6958390a47b9cbde1f1575e735e9afae SpanID: ebb186713bc3c455 [getRestTicketNumber][Seat request][request: Seat(travelDate=2023-01-29 15:38:06, trainNumber=G1234, startStation=suzhou, destStation=shanghai, seatType=2, totalNum=2147483647, stations=[nanjing, zhenjiang, wuxi, suzhou, shanghai])]\n"",""stream"":""stdout"",""time"":""2025-06-06T09:22:45.077008179Z""}"
2025-06-06T09:22:45.076865638Z,1674984165076865638,33.33.33.116,ts-travel-service-64469b5b48-25zj6,server,6958390a47b9cbde1f1575e735e9afae,ebb186713bc3c455,"{""log"":""17:22:45.076 INFO  t.s.TravelServiceImpl#457 TraceID: 6958390a47b9cbde1f1575e735e9afae SpanID: ebb186713bc3c455 [getTickets][Calculate distance][calculate time：60  time: Sat May 04 15:00:00 CST 2013]\n"",""stream"":""stdout"",""time"":""2025-06-06T09:22:45.076865638Z""}"
2025-06-06T09:22:45.076737144Z,1674984165076737144,33.33.33.116,ts-travel-service-64469b5b48-25zj6,server,6958390a47b9cbde1f1575e735e9afae,ebb186713bc3c455,"{""log"":""17:22:45.076 INFO  t.s.TravelServiceImpl#451 TraceID: 6958390a47b9cbde1f1575e735e9afae SpanID: ebb186713bc3c455 [getTickets][Calculate distance][calculate time：48  time: Sat May 04 14:48:00 CST 2013]\n"",""stream"":""stdout"",""time"":""2025-06-06T09:22:45.076737144Z""}"
2025-06-06T09:22:45.076597029Z,1674984165076597029,33.33.33.116,ts-travel-service-64469b5b48-25zj6,server,6958390a47b9cbde1f1575e735e9afae,ebb186713bc3c455,"{""log"":""17:22:45.076 INFO  t.s.TravelServiceImpl#558 TraceID: 6958390a47b9cbde1f1575e735e9afae SpanID: ebb186713bc3c455 [getRestTicketNumber][Get Rest tickets num][num is: Response(status=1, msg=Get Left Ticket of Internal Success, data=1073741823)]\n"",""stream"":""stdout"",""time"":""2025-06-06T09:22:45.076597029Z""}"
2025-06-06T09:22:44.83718318Z,1674984164837183180,33.33.33.116,ts-travel-service-64469b5b48-25zj6,server,6958390a47b9cbde1f1575e735e9afae,ebb186713bc3c455,"{""log"":""17:22:44.836 INFO  t.s.TravelServiceImpl#548 TraceID: 6958390a47b9cbde1f1575e735e9afae SpanID: ebb186713bc3c455 [getRestTicketNumber][Seat request][request: Seat(travelDate=2023-01-29 15:38:06, trainNumber=G1236, startStation=suzhou, destStation=shanghai, seatType=3, totalNum=2147483647, stations=[nanjing, suzhou, shanghai])]\n"",""stream"":""stdout"",""time"":""2025-06-06T09:22:44.83718318Z""}"
2025-06-06T09:22:44.837032462Z,1674984164837032462,33.33.33.116,ts-travel-service-64469b5b48-25zj6,server,6958390a47b9cbde1f1575e735e9afae,ebb186713bc3c455,"{""log"":""17:22:44.836 INFO  t.s.TravelServiceImpl#558 TraceID: 6958390a47b9cbde1f1575e735e9afae SpanID: ebb186713bc3c455 [getRestTicketNumber][Get Rest tickets num][num is: Response(status=1, msg=Get Left Ticket of Internal Success, data=1073741823)]\n"",""stream"":""stdout"",""time"":""2025-06-06T09:22:44.837032462Z""}"
2025-06-06T09:22:44.800451932Z,1674984164800451932,33.33.33.116,ts-travel-service-64469b5b48-25zj6,server,6958390a47b9cbde1f1575e735e9afae,ebb186713bc3c455,"{""log"":""17:22:44.800 INFO  t.s.TravelServiceImpl#548 TraceID: 6958390a47b9cbde1f1575e735e9afae SpanID: ebb186713bc3c455 [getRestTicketNumber][Seat request][request: Seat(travelDate=2023-01-29 15:38:06, trainNumber=G1236, startStation=suzhou, destStation=shanghai, seatType=2, totalNum=2147483647, stations=[nanjing, suzhou, shanghai])]\n"",""stream"":""stdout"",""time"":""2025-06-06T09:22:44.800451932Z""}"
2025-06-06T09:22:44.800293451Z,1674984164800293451,33.33.33.116,ts-travel-service-64469b5b48-25zj6,server,6958390a47b9cbde1f1575e735e9afae,ebb186713bc3c455,"{""log"":""17:22:44.800 INFO  t.s.TravelServiceImpl#457 TraceID: 6958390a47b9cbde1f1575e735e9afae SpanID: ebb186713bc3c455 [getTickets][Calculate distance][calculate time：15  time: Sat May 04 08:15:00 CST 2013]\n"",""stream"":""stdout"",""time"":""2025-06-06T09:22:44.800293451Z""}"
2025-06-06T09:22:44.800157518Z,1674984164800157518,33.33.33.116,ts-travel-service-64469b5b48-25zj6,server,6958390a47b9cbde1f1575e735e9afae,ebb186713bc3c455,"{""log"":""17:22:44.799 INFO  t.s.TravelServiceImpl#451 TraceID: 6958390a47b9cbde1f1575e735e9afae SpanID: ebb186713bc3c455 [getTickets][Calculate distance][calculate time：0  time: Sat May 04 08:00:00 CST 2013]\n"",""stream"":""stdout"",""time"":""2025-06-06T09:22:44.800157518Z""}"
2025-06-06T09:22:44.799994324Z,1674984164799994324,33.33.33.116,ts-travel-service-64469b5b48-25zj6,server,6958390a47b9cbde1f1575e735e9afae,ebb186713bc3c455,"{""log"":""17:22:44.799 INFO  t.s.TravelServiceImpl#558 TraceID: 6958390a47b9cbde1f1575e735e9afae SpanID: ebb186713bc3c455 [getRestTicketNumber][Get Rest tickets num][num is: Response(status=1, msg=Get Left Ticket of Internal Success, data=1073741823)]\n"",""stream"":""stdout"",""time"":""2025-06-06T09:22:44.799994324Z""}"
2025-06-06T09:22:44.783282102Z,1674984164783282102,33.33.33.116,ts-travel-service-64469b5b48-25zj6,server,6958390a47b9cbde1f1575e735e9afae,ebb186713bc3c455,"{""log"":""17:22:44.783 INFO  t.s.TravelServiceImpl#548 TraceID: 6958390a47b9cbde1f1575e735e9afae SpanID: ebb186713bc3c455 [getRestTicketNumber][Seat request][request: Seat(travelDate=2023-01-29 15:38:06, trainNumber=G1237, startStation=suzhou, destStation=shanghai, seatType=3, totalNum=2147483647, stations=[suzhou, shanghai])]\n"",""stream"":""stdout"",""time"":""2025-06-06T09:22:44.783282102Z""}"
2025-06-06T09:22:44.78314723Z,1674984164783147230,33.33.33.116,ts-travel-service-64469b5b48-25zj6,server,6958390a47b9cbde1f1575e735e9afae,ebb186713bc3c455,"{""log"":""17:22:44.782 INFO  t.s.TravelServiceImpl#558 TraceID: 6958390a47b9cbde1f1575e735e9afae SpanID: ebb186713bc3c455 [getRestTicketNumber][Get Rest tickets num][num is: Response(status=1, msg=Get Left Ticket of Internal Success, data=1073741823)]\n"",""stream"":""stdout"",""time"":""2025-06-06T09:22:44.78314723Z""}"
2025-06-06T09:22:44.734453309Z,1674984164734453309,33.33.33.116,ts-travel-service-64469b5b48-25zj6,server,6958390a47b9cbde1f1575e735e9afae,ebb186713bc3c455,"{""log"":""17:22:44.734 INFO  t.s.TravelServiceImpl#548 TraceID: 6958390a47b9cbde1f1575e735e9afae SpanID: ebb186713bc3c455 [getRestTicketNumber][Seat request][request: Seat(travelDate=2023-01-29 15:38:06, trainNumber=G1237, startStation=suzhou, destStation=shanghai, seatType=2, totalNum=2147483647, stations=[suzhou, shanghai])]\n"",""stream"":""stdout"",""time"":""2025-06-06T09:22:44.734453309Z""}"
2025-06-06T09:22:44.687928032Z,1674984164687928032,33.33.33.116,ts-travel-service-64469b5b48-25zj6,server,6958390a47b9cbde1f1575e735e9afae,ebb186713bc3c455,"{""log"":""17:22:44.687 INFO  t.s.TravelServiceImpl#343 TraceID: 6958390a47b9cbde1f1575e735e9afae SpanID: ebb186713bc3c455 [getTicketsByBatch][before get basic][trips: [Trip(id=015fd636-861e-4714-9347-2efbb1a98f37, tripId=G1234, trainTypeName=GaoTieOne, routeId=92708982-77af-4318-be25-57ccb0ff69ad, startStationName=shanghai, stationsName=suzhou, terminalStationName=taiyuan, startTime=2013-05-04 09:00:00, endTime=2013-05-04 15:51:52), Trip(id=38893061-3fd2-4ac4-bbc9-f0d727f83d6f, tripId=G1235, trainTypeName=GaoTieOne, routeId=aefcef3f-3f42-46e8-afd7-6cb2a928bd3d, startStationName=shanghai, stationsName=suzhou, terminalStationName=taiyuan, startTime=2013-05-04 12:00:00, endTime=2013-05-04 17:51:52), Trip(id=cfcf2553-3371-42c5-b583-a3c4bb8ef505, tripId=G1236, trainTypeName=GaoTieOne, routeId=a3f256c1-0e43-4f7d-9c21-121bf258101f, startStationName=shanghai, stationsName=suzhou, terminalStationName=taiyuan, startTime=2013-05-04 14:00:00, endTime=2013-05-04 20:51:52), Trip(id=a71c2e28-22c2-4b7f-90cf-715a7f4b35b4, tripId=G1237, trainTypeName=GaoTieTwo, routeId=084837bb-53c8-4438-87c8-0321a4d09917, startStationName=shanghai, stationsName=suzhou, terminalStationName=taiyuan, startTime=2013-05-04 08:00:00, endTime=2013-05-04 17:21:52), Trip(id=465eec52-1bc7-4d8b-8c38-e8f210bb3a77, tripId=D1345, trainTypeName=DongCheOne, routeId=f3d4d4ef-693b-4456-8eed-59c0d717dd08, startStationName=shanghai, stationsName=suzhou, terminalStationName=taiyuan, startTime=2013-05-04 07:00:00, endTime=2013-05-04 19:59:52)]]\n"",""stream"":""stdout"",""time"":""2025-06-06T09:22:44.687928032Z""}"
2025-06-06T09:22:44.687748671Z,1674984164687748671,33.33.33.116,ts-travel-service-64469b5b48-25zj6,server,6958390a47b9cbde1f1575e735e9afae,ebb186713bc3c455,"{""log"":""17:22:44.687 INFO  t.s.TravelServiceImpl#487 TraceID: 6958390a47b9cbde1f1575e735e9afae SpanID: ebb186713bc3c455 [departrue date][y: 2023][m:0][d: 29]\n"",""stream"":""stdout"",""time"":""2025-06-06T09:22:44.687748671Z""}"
2025-06-06T09:22:44.687665412Z,1674984164687665412,33.33.33.116,ts-travel-service-64469b5b48-25zj6,server,6958390a47b9cbde1f1575e735e9afae,ebb186713bc3c455,"{""log"":""17:22:44.687 INFO  t.s.TravelServiceImpl#486 TraceID: 6958390a47b9cbde1f1575e735e9afae SpanID: ebb186713bc3c455 [today date][y: 2023][m:0][d: 29]\n"",""stream"":""stdout"",""time"":""2025-06-06T09:22:44.687665412Z""}"
2025-06-06T09:22:44.684891568Z,1674984164684891568,33.33.33.116,ts-travel-service-64469b5b48-25zj6,server,6958390a47b9cbde1f1575e735e9afae,ebb186713bc3c455,"{""log"":""17:22:44.684 INFO  t.c.TravelController#122 TraceID: 6958390a47b9cbde1f1575e735e9afae SpanID: ebb186713bc3c455 [query][Query TripResponse]\n"",""stream"":""stdout"",""time"":""2025-06-06T09:22:44.684891568Z""}"
2025-06-06T09:22:44.700557859Z,1674984164700557859,33.33.33.79,ts-train-service-86f5f97bc9-dkqmf,server,6958390a47b9cbde1f1575e735e9afae,0b0572848730d392,"{""log"":""17:22:44.699 INFO  t.c.TrainController#72 TraceID: 6958390a47b9cbde1f1575e735e9afae SpanID: 0b0572848730d392 [retrieveByNames][Retrieve train][TrainTypeNames: [DongCheOne, GaoTieOne, GaoTieTwo]]\n"",""stream"":""stdout"",""time"":""2025-06-06T09:22:44.700557859Z""}"
2025-06-06T09:22:44.693602258Z,1674984164693602258,33.33.33.76,ts-station-service-7f4f5f6f77-5qb6j,server,6958390a47b9cbde1f1575e735e9afae,47d772685147f428,"{""log"":""17:22:44.693 INFO  f.m.c.StationController#71 TraceID: 6958390a47b9cbde1f1575e735e9afae SpanID: 47d772685147f428 [queryForIdBatch][Query stations for id batch][StationNameNumbers: 2]\n"",""stream"":""stdout"",""time"":""2025-06-06T09:22:44.693602258Z""}"
2025-06-06T09:22:45.119954608Z,1674984165119954608,33.33.33.82,ts-seat-service-5c95b49cff-tdsdz,server,6958390a47b9cbde1f1575e735e9afae,af006de5a5de8fea,"{""log"":""17:22:45.119 INFO  s.s.SeatServiceImpl#217 TraceID: 6958390a47b9cbde1f1575e735e9afae SpanID: af006de5a5de8fea [getDirectProportion][Configs is : Config(name=DirectTicketAllocationProportion, value=0.5, description=Allocation Proportion Of The Direct Ticket - From Start To End)]\n"",""stream"":""stdout"",""time"":""2025-06-06T09:22:45.119954608Z""}"
2025-06-06T09:22:45.114383839Z,1674984165114383839,33.33.33.82,ts-seat-service-5c95b49cff-tdsdz,server,6958390a47b9cbde1f1575e735e9afae,af006de5a5de8fea,"{""log"":""17:22:45.113 INFO  s.s.SeatServiceImpl#151 TraceID: 6958390a47b9cbde1f1575e735e9afae SpanID: af006de5a5de8fea [getLeftTicketOfInterval][Get Order tickets result][result is \u003c200,Response(status=0, msg=Order is Null., data=null),[vary:\""Origin,Access-Control-Request-Method,Access-Control-Request-Headers\"", x-content-type-options:\""nosniff\"", x-xss-protection:\""1; mode=block\"", cache-control:\""no-cache, no-store, max-age=0, must-revalidate\"", pragma:\""no-cache\"", expires:\""0\"", x-frame-options:\""DENY\"", content-type:\""application/json\"", date:\""Sun, 29 Jan 2023 09:22:44 GMT\"", x-envoy-upstream-service-time:\""2\"", server:\""envoy\"", transfer-encoding:\""chunked\""]\u003e]\n"",""stream"":""stdout"",""time"":""2025-06-06T09:22:45.114383839Z""}"
2025-06-06T09:22:45.109539636Z,1674984165109539636,33.33.33.82,ts-seat-service-5c95b49cff-tdsdz,server,6958390a47b9cbde1f1575e735e9afae,af006de5a5de8fea,"{""log"":""17:22:45.109 INFO  s.s.SeatServiceImpl#139 TraceID: 6958390a47b9cbde1f1575e735e9afae SpanID: af006de5a5de8fea [getLeftTicketOfInterval][TrainNumber start with G|D][trainNumber:G1234]\n"",""stream"":""stdout"",""time"":""2025-06-06T09:22:45.109539636Z""}"
2025-06-06T09:22:45.109183347Z,1674984165109183347,33.33.33.82,ts-seat-service-5c95b49cff-tdsdz,server,6958390a47b9cbde1f1575e735e9afae,af006de5a5de8fea,"{""log"":""17:22:45.108 INFO  s.s.SeatServiceImpl#137 TraceID: 6958390a47b9cbde1f1575e735e9afae SpanID: af006de5a5de8fea [getLeftTicketOfInterval][Seat request][request:Seat(travelDate=2023-01-29 15:38:06, trainNumber=G1234, startStation=suzhou, destStation=shanghai, seatType=3, totalNum=2147483647, stations=[nanjing, zhenjiang, wuxi, suzhou, shanghai])]\n"",""stream"":""stdout"",""time"":""2025-06-06T09:22:45.109183347Z""}"
2025-06-06T09:22:45.108843396Z,1674984165108843396,33.33.33.82,ts-seat-service-5c95b49cff-tdsdz,server,6958390a47b9cbde1f1575e735e9afae,af006de5a5de8fea,"{""log"":""17:22:45.108 INFO  s.c.SeatController#57 TraceID: 6958390a47b9cbde1f1575e735e9afae SpanID: af006de5a5de8fea [getLeftTicketOfInterval][Get left ticket of interval][TravelDate: 2023-01-29 15:38:06,TrainNumber: G1234,SeatType: 3]\n"",""stream"":""stdout"",""time"":""2025-06-06T09:22:45.108843396Z""}"
2025-06-06T09:22:45.090881437Z,1674984165090881437,33.33.33.82,ts-seat-service-5c95b49cff-tdsdz,server,6958390a47b9cbde1f1575e735e9afae,cc33b16b8349c545,"{""log"":""17:22:45.090 INFO  s.s.SeatServiceImpl#217 TraceID: 6958390a47b9cbde1f1575e735e9afae SpanID: cc33b16b8349c545 [getDirectProportion][Configs is : Config(name=DirectTicketAllocationProportion, value=0.5, description=Allocation Proportion Of The Direct Ticket - From Start To End)]\n"",""stream"":""stdout"",""time"":""2025-06-06T09:22:45.090881437Z""}"
2025-06-06T09:22:45.086352387Z,1674984165086352387,33.33.33.82,ts-seat-service-5c95b49cff-tdsdz,server,6958390a47b9cbde1f1575e735e9afae,cc33b16b8349c545,"{""log"":""17:22:45.085 INFO  s.s.SeatServiceImpl#151 TraceID: 6958390a47b9cbde1f1575e735e9afae SpanID: cc33b16b8349c545 [getLeftTicketOfInterval][Get Order tickets result][result is \u003c200,Response(status=0, msg=Order is Null., data=null),[vary:\""Origin,Access-Control-Request-Method,Access-Control-Request-Headers\"", x-content-type-options:\""nosniff\"", x-xss-protection:\""1; mode=block\"", cache-control:\""no-cache, no-store, max-age=0, must-revalidate\"", pragma:\""no-cache\"", expires:\""0\"", x-frame-options:\""DENY\"", content-type:\""application/json\"", date:\""Sun, 29 Jan 2023 09:22:44 GMT\"", x-envoy-upstream-service-time:\""3\"", server:\""envoy\"", transfer-encoding:\""chunked\""]\u003e]\n"",""stream"":""stdout"",""time"":""2025-06-06T09:22:45.086352387Z""}"
2025-06-06T09:22:45.080851638Z,1674984165080851638,33.33.33.82,ts-seat-service-5c95b49cff-tdsdz,server,6958390a47b9cbde1f1575e735e9afae,cc33b16b8349c545,"{""log"":""17:22:45.080 INFO  s.s.SeatServiceImpl#139 TraceID: 6958390a47b9cbde1f1575e735e9afae SpanID: cc33b16b8349c545 [getLeftTicketOfInterval][TrainNumber start with G|D][trainNumber:G1234]\n"",""stream"":""stdout"",""time"":""2025-06-06T09:22:45.080851638Z""}"
2025-06-06T09:22:45.080510894Z,1674984165080510894,33.33.33.82,ts-seat-service-5c95b49cff-tdsdz,server,6958390a47b9cbde1f1575e735e9afae,cc33b16b8349c545,"{""log"":""17:22:45.079 INFO  s.s.SeatServiceImpl#137 TraceID: 6958390a47b9cbde1f1575e735e9afae SpanID: cc33b16b8349c545 [getLeftTicketOfInterval][Seat request][request:Seat(travelDate=2023-01-29 15:38:06, trainNumber=G1234, startStation=suzhou, destStation=shanghai, seatType=2, totalNum=2147483647, stations=[nanjing, zhenjiang, wuxi, suzhou, shanghai])]\n"",""stream"":""stdout"",""time"":""2025-06-06T09:22:45.080510894Z""}"
2025-06-06T09:22:45.0801283Z,1674984165080128300,33.33.33.82,ts-seat-service-5c95b49cff-tdsdz,server,6958390a47b9cbde1f1575e735e9afae,cc33b16b8349c545,"{""log"":""17:22:45.079 INFO  s.c.SeatController#57 TraceID: 6958390a47b9cbde1f1575e735e9afae SpanID: cc33b16b8349c545 [getLeftTicketOfInterval][Get left ticket of interval][TravelDate: 2023-01-29 15:38:06,TrainNumber: G1234,SeatType: 2]\n"",""stream"":""stdout"",""time"":""2025-06-06T09:22:45.0801283Z""}"
2025-06-06T09:22:45.074410883Z,1674984165074410883,33.33.33.82,ts-seat-service-5c95b49cff-tdsdz,server,6958390a47b9cbde1f1575e735e9afae,2d9d8465ca2a5583,"{""log"":""17:22:45.073 INFO  s.s.SeatServiceImpl#217 TraceID: 6958390a47b9cbde1f1575e735e9afae SpanID: 2d9d8465ca2a5583 [getDirectProportion][Configs is : Config(name=DirectTicketAllocationProportion, value=0.5, description=Allocation Proportion Of The Direct Ticket - From Start To End)]\n"",""stream"":""stdout"",""time"":""2025-06-06T09:22:45.074410883Z""}"
2025-06-06T09:22:45.068003418Z,1674984165068003418,33.33.33.82,ts-seat-service-5c95b49cff-tdsdz,server,6958390a47b9cbde1f1575e735e9afae,2d9d8465ca2a5583,"{""log"":""17:22:45.067 INFO  s.s.SeatServiceImpl#151 TraceID: 6958390a47b9cbde1f1575e735e9afae SpanID: 2d9d8465ca2a5583 [getLeftTicketOfInterval][Get Order tickets result][result is \u003c200,Response(status=0, msg=Order is Null., data=null),[vary:\""Origin,Access-Control-Request-Method,Access-Control-Request-Headers\"", x-content-type-options:\""nosniff\"", x-xss-protection:\""1; mode=block\"", cache-control:\""no-cache, no-store, max-age=0, must-revalidate\"", pragma:\""no-cache\"", expires:\""0\"", x-frame-options:\""DENY\"", content-type:\""application/json\"", date:\""Sun, 29 Jan 2023 09:22:44 GMT\"", x-envoy-upstream-service-time:\""3\"", server:\""envoy\"", transfer-encoding:\""chunked\""]\u003e]\n"",""stream"":""stdout"",""time"":""2025-06-06T09:22:45.068003418Z""}"
2025-06-06T09:22:45.061683116Z,1674984165061683116,33.33.33.82,ts-seat-service-5c95b49cff-tdsdz,server,6958390a47b9cbde1f1575e735e9afae,2d9d8465ca2a5583,"{""log"":""17:22:45.061 INFO  s.s.SeatServiceImpl#139 TraceID: 6958390a47b9cbde1f1575e735e9afae SpanID: 2d9d8465ca2a5583 [getLeftTicketOfInterval][TrainNumber start with G|D][trainNumber:G1236]\n"",""stream"":""stdout"",""time"":""2025-06-06T09:22:45.061683116Z""}"
2025-06-06T09:22:45.061238118Z,1674984165061238118,33.33.33.82,ts-seat-service-5c95b49cff-tdsdz,server,6958390a47b9cbde1f1575e735e9afae,2d9d8465ca2a5583,"{""log"":""17:22:45.060 INFO  s.s.SeatServiceImpl#137 TraceID: 6958390a47b9cbde1f1575e735e9afae SpanID: 2d9d8465ca2a5583 [getLeftTicketOfInterval][Seat request][request:Seat(travelDate=2023-01-29 15:38:06, trainNumber=G1236, startStation=suzhou, destStation=shanghai, seatType=3, totalNum=2147483647, stations=[nanjing, suzhou, shanghai])]\n"",""stream"":""stdout"",""time"":""2025-06-06T09:22:45.061238118Z""}"
2025-06-06T09:22:45.06090611Z,1674984165060906110,33.33.33.82,ts-seat-service-5c95b49cff-tdsdz,server,6958390a47b9cbde1f1575e735e9afae,2d9d8465ca2a5583,"{""log"":""17:22:45.060 INFO  s.c.SeatController#57 TraceID: 6958390a47b9cbde1f1575e735e9afae SpanID: 2d9d8465ca2a5583 [getLeftTicketOfInterval][Get left ticket of interval][TravelDate: 2023-01-29 15:38:06,TrainNumber: G1236,SeatType: 3]\n"",""stream"":""stdout"",""time"":""2025-06-06T09:22:45.06090611Z""}"
2025-06-06T09:22:44.835612352Z,1674984164835612352,33.33.33.82,ts-seat-service-5c95b49cff-tdsdz,server,6958390a47b9cbde1f1575e735e9afae,03bd2f4f4b328b08,"{""log"":""17:22:44.835 INFO  s.s.SeatServiceImpl#217 TraceID: 6958390a47b9cbde1f1575e735e9afae SpanID: 03bd2f4f4b328b08 [getDirectProportion][Configs is : Config(name=DirectTicketAllocationProportion, value=0.5, description=Allocation Proportion Of The Direct Ticket - From Start To End)]\n"",""stream"":""stdout"",""time"":""2025-06-06T09:22:44.835612352Z""}"
2025-06-06T09:22:47.552768971Z,1674984167552768971,33.33.33.116,ts-travel-service-64469b5b48-25zj6,server,81924a3f75cbbfb60d180941e68e1f3e,6bc85306d1dee1a7,"{""log"":""17:22:47.552 INFO  t.s.TravelServiceImpl#457 TraceID: 81924a3f75cbbfb60d180941e68e1f3e SpanID: 6bc85306d1dee1a7 [getTickets][Calculate distance][calculate time：16  time: Sat May 04 07:16:00 CST 2013]\n"",""stream"":""stdout"",""time"":""2025-06-06T09:22:47.552768971Z""}"
2025-06-06T09:22:47.552627123Z,1674984167552627123,33.33.33.116,ts-travel-service-64469b5b48-25zj6,server,81924a3f75cbbfb60d180941e68e1f3e,6bc85306d1dee1a7,"{""log"":""17:22:47.552 INFO  t.s.TravelServiceImpl#451 TraceID: 81924a3f75cbbfb60d180941e68e1f3e SpanID: 6bc85306d1dee1a7 [getTickets][Calculate distance][calculate time：0  time: Sat May 04 07:00:00 CST 2013]\n"",""stream"":""stdout"",""time"":""2025-06-06T09:22:47.552627123Z""}"
2025-06-06T09:22:44.831547573Z,1674984164831547573,33.33.33.82,ts-seat-service-5c95b49cff-tdsdz,server,6958390a47b9cbde1f1575e735e9afae,03bd2f4f4b328b08,"{""log"":""17:22:44.830 INFO  s.s.SeatServiceImpl#151 TraceID: 6958390a47b9cbde1f1575e735e9afae SpanID: 03bd2f4f4b328b08 [getLeftTicketOfInterval][Get Order tickets result][result is \u003c200,Response(status=0, msg=Order is Null., data=null),[vary:\""Origin,Access-Control-Request-Method,Access-Control-Request-Headers\"", x-content-type-options:\""nosniff\"", x-xss-protection:\""1; mode=block\"", cache-control:\""no-cache, no-store, max-age=0, must-revalidate\"", pragma:\""no-cache\"", expires:\""0\"", x-frame-options:\""DENY\"", content-type:\""application/json\"", date:\""Sun, 29 Jan 2023 09:22:44 GMT\"", x-envoy-upstream-service-time:\""26\"", server:\""envoy\"", transfer-encoding:\""chunked\""]\u003e]\n"",""stream"":""stdout"",""time"":""2025-06-06T09:22:44.831547573Z""}"
2025-06-06T09:22:47.552449568Z,1674984167552449568,33.33.33.116,ts-travel-service-64469b5b48-25zj6,server,81924a3f75cbbfb60d180941e68e1f3e,6bc85306d1dee1a7,"{""log"":""17:22:47.552 INFO  t.s.TravelServiceImpl#558 TraceID: 81924a3f75cbbfb60d180941e68e1f3e SpanID: 6bc85306d1dee1a7 [getRestTicketNumber][Get Rest tickets num][num is: Response(status=1, msg=Get Left Ticket of Internal Success, data=1073741823)]\n"",""stream"":""stdout"",""time"":""2025-06-06T09:22:47.552449568Z""}"
2025-06-06T09:22:44.803518211Z,1674984164803518211,33.33.33.82,ts-seat-service-5c95b49cff-tdsdz,server,6958390a47b9cbde1f1575e735e9afae,03bd2f4f4b328b08,"{""log"":""17:22:44.803 INFO  s.s.SeatServiceImpl#139 TraceID: 6958390a47b9cbde1f1575e735e9afae SpanID: 03bd2f4f4b328b08 [getLeftTicketOfInterval][TrainNumber start with G|D][trainNumber:G1236]\n"",""stream"":""stdout"",""time"":""2025-06-06T09:22:44.803518211Z""}"
2025-06-06T09:22:47.537329513Z,1674984167537329513,33.33.33.116,ts-travel-service-64469b5b48-25zj6,server,81924a3f75cbbfb60d180941e68e1f3e,6bc85306d1dee1a7,"{""log"":""17:22:47.537 INFO  t.s.TravelServiceImpl#548 TraceID: 81924a3f75cbbfb60d180941e68e1f3e SpanID: 6bc85306d1dee1a7 [getRestTicketNumber][Seat request][request: Seat(travelDate=2023-01-29 15:38:06, trainNumber=D1345, startStation=shanghai, destStation=suzhou, seatType=3, totalNum=2147483647, stations=[shanghai, suzhou])]\n"",""stream"":""stdout"",""time"":""2025-06-06T09:22:47.537329513Z""}"
2025-06-06T09:22:44.803297656Z,1674984164803297656,33.33.33.82,ts-seat-service-5c95b49cff-tdsdz,server,6958390a47b9cbde1f1575e735e9afae,03bd2f4f4b328b08,"{""log"":""17:22:44.802 INFO  s.s.SeatServiceImpl#137 TraceID: 6958390a47b9cbde1f1575e735e9afae SpanID: 03bd2f4f4b328b08 [getLeftTicketOfInterval][Seat request][request:Seat(travelDate=2023-01-29 15:38:06, trainNumber=G1236, startStation=suzhou, destStation=shanghai, seatType=2, totalNum=2147483647, stations=[nanjing, suzhou, shanghai])]\n"",""stream"":""stdout"",""time"":""2025-06-06T09:22:44.803297656Z""}"
2025-06-06T09:22:47.53718721Z,1674984167537187210,33.33.33.116,ts-travel-service-64469b5b48-25zj6,server,81924a3f75cbbfb60d180941e68e1f3e,6bc85306d1dee1a7,"{""log"":""17:22:47.536 INFO  t.s.TravelServiceImpl#558 TraceID: 81924a3f75cbbfb60d180941e68e1f3e SpanID: 6bc85306d1dee1a7 [getRestTicketNumber][Get Rest tickets num][num is: Response(status=1, msg=Get Left Ticket of Internal Success, data=1073741823)]\n"",""stream"":""stdout"",""time"":""2025-06-06T09:22:47.53718721Z""}"
2025-06-06T09:22:44.803057504Z,1674984164803057504,33.33.33.82,ts-seat-service-5c95b49cff-tdsdz,server,6958390a47b9cbde1f1575e735e9afae,03bd2f4f4b328b08,"{""log"":""17:22:44.802 INFO  s.c.SeatController#57 TraceID: 6958390a47b9cbde1f1575e735e9afae SpanID: 03bd2f4f4b328b08 [getLeftTicketOfInterval][Get left ticket of interval][TravelDate: 2023-01-29 15:38:06,TrainNumber: G1236,SeatType: 2]\n"",""stream"":""stdout"",""time"":""2025-06-06T09:22:44.803057504Z""}"
2025-06-06T09:22:47.503686185Z,1674984167503686185,33.33.33.116,ts-travel-service-64469b5b48-25zj6,server,81924a3f75cbbfb60d180941e68e1f3e,6bc85306d1dee1a7,"{""log"":""17:22:47.503 INFO  t.s.TravelServiceImpl#548 TraceID: 81924a3f75cbbfb60d180941e68e1f3e SpanID: 6bc85306d1dee1a7 [getRestTicketNumber][Seat request][request: Seat(travelDate=2023-01-29 15:38:06, trainNumber=D1345, startStation=shanghai, destStation=suzhou, seatType=2, totalNum=2147483647, stations=[shanghai, suzhou])]\n"",""stream"":""stdout"",""time"":""2025-06-06T09:22:47.503686185Z""}"
2025-06-06T09:22:44.79824632Z,1674984164798246320,33.33.33.82,ts-seat-service-5c95b49cff-tdsdz,server,6958390a47b9cbde1f1575e735e9afae,e0a3109787f539f1,"{""log"":""17:22:44.797 INFO  s.s.SeatServiceImpl#217 TraceID: 6958390a47b9cbde1f1575e735e9afae SpanID: e0a3109787f539f1 [getDirectProportion][Configs is : Config(name=DirectTicketAllocationProportion, value=0.5, description=Allocation Proportion Of The Direct Ticket - From Start To End)]\n"",""stream"":""stdout"",""time"":""2025-06-06T09:22:44.79824632Z""}"
2025-06-06T09:22:44.793361733Z,1674984164793361733,33.33.33.82,ts-seat-service-5c95b49cff-tdsdz,server,6958390a47b9cbde1f1575e735e9afae,e0a3109787f539f1,"{""log"":""17:22:44.792 INFO  s.s.SeatServiceImpl#151 TraceID: 6958390a47b9cbde1f1575e735e9afae SpanID: e0a3109787f539f1 [getLeftTicketOfInterval][Get Order tickets result][result is \u003c200,Response(status=0, msg=Order is Null., data=null),[vary:\""Origin,Access-Control-Request-Method,Access-Control-Request-Headers\"", x-content-type-options:\""nosniff\"", x-xss-protection:\""1; mode=block\"", cache-control:\""no-cache, no-store, max-age=0, must-revalidate\"", pragma:\""no-cache\"", expires:\""0\"", x-frame-options:\""DENY\"", content-type:\""application/json\"", date:\""Sun, 29 Jan 2023 09:22:44 GMT\"", x-envoy-upstream-service-time:\""3\"", server:\""envoy\"", transfer-encoding:\""chunked\""]\u003e]\n"",""stream"":""stdout"",""time"":""2025-06-06T09:22:44.793361733Z""}"
2025-06-06T09:22:44.787745971Z,1674984164787745971,33.33.33.82,ts-seat-service-5c95b49cff-tdsdz,server,6958390a47b9cbde1f1575e735e9afae,e0a3109787f539f1,"{""log"":""17:22:44.787 INFO  s.s.SeatServiceImpl#139 TraceID: 6958390a47b9cbde1f1575e735e9afae SpanID: e0a3109787f539f1 [getLeftTicketOfInterval][TrainNumber start with G|D][trainNumber:G1237]\n"",""stream"":""stdout"",""time"":""2025-06-06T09:22:44.787745971Z""}"
2025-06-06T09:22:44.787083401Z,1674984164787083401,33.33.33.82,ts-seat-service-5c95b49cff-tdsdz,server,6958390a47b9cbde1f1575e735e9afae,e0a3109787f539f1,"{""log"":""17:22:44.786 INFO  s.s.SeatServiceImpl#137 TraceID: 6958390a47b9cbde1f1575e735e9afae SpanID: e0a3109787f539f1 [getLeftTicketOfInterval][Seat request][request:Seat(travelDate=2023-01-29 15:38:06, trainNumber=G1237, startStation=suzhou, destStation=shanghai, seatType=3, totalNum=2147483647, stations=[suzhou, shanghai])]\n"",""stream"":""stdout"",""time"":""2025-06-06T09:22:44.787083401Z""}"
2025-06-06T09:22:44.786391654Z,1674984164786391654,33.33.33.82,ts-seat-service-5c95b49cff-tdsdz,server,6958390a47b9cbde1f1575e735e9afae,e0a3109787f539f1,"{""log"":""17:22:44.785 INFO  s.c.SeatController#57 TraceID: 6958390a47b9cbde1f1575e735e9afae SpanID: e0a3109787f539f1 [getLeftTicketOfInterval][Get left ticket of interval][TravelDate: 2023-01-29 15:38:06,TrainNumber: G1237,SeatType: 3]\n"",""stream"":""stdout"",""time"":""2025-06-06T09:22:44.786391654Z""}"
2025-06-06T09:22:44.780812072Z,1674984164780812072,33.33.33.82,ts-seat-service-5c95b49cff-tdsdz,server,6958390a47b9cbde1f1575e735e9afae,6b131aa7a5720b1a,"{""log"":""17:22:44.779 INFO  s.s.SeatServiceImpl#217 TraceID: 6958390a47b9cbde1f1575e735e9afae SpanID: 6b131aa7a5720b1a [getDirectProportion][Configs is : Config(name=DirectTicketAllocationProportion, value=0.5, description=Allocation Proportion Of The Direct Ticket - From Start To End)]\n"",""stream"":""stdout"",""time"":""2025-06-06T09:22:44.780812072Z""}"
2025-06-06T09:22:47.465773544Z,1674984167465773544,33.33.33.116,ts-travel-service-64469b5b48-25zj6,server,81924a3f75cbbfb60d180941e68e1f3e,6bc85306d1dee1a7,"{""log"":""17:22:47.465 INFO  t.s.TravelServiceImpl#343 TraceID: 81924a3f75cbbfb60d180941e68e1f3e SpanID: 6bc85306d1dee1a7 [getTicketsByBatch][before get basic][trips: [Trip(id=015fd636-861e-4714-9347-2efbb1a98f37, tripId=G1234, trainTypeName=GaoTieOne, routeId=92708982-77af-4318-be25-57ccb0ff69ad, startStationName=shanghai, stationsName=suzhou, terminalStationName=taiyuan, startTime=2013-05-04 09:00:00, endTime=2013-05-04 15:51:52), Trip(id=38893061-3fd2-4ac4-bbc9-f0d727f83d6f, tripId=G1235, trainTypeName=GaoTieOne, routeId=aefcef3f-3f42-46e8-afd7-6cb2a928bd3d, startStationName=shanghai, stationsName=suzhou, terminalStationName=taiyuan, startTime=2013-05-04 12:00:00, endTime=2013-05-04 17:51:52), Trip(id=cfcf2553-3371-42c5-b583-a3c4bb8ef505, tripId=G1236, trainTypeName=GaoTieOne, routeId=a3f256c1-0e43-4f7d-9c21-121bf258101f, startStationName=shanghai, stationsName=suzhou, terminalStationName=taiyuan, startTime=2013-05-04 14:00:00, endTime=2013-05-04 20:51:52), Trip(id=a71c2e28-22c2-4b7f-90cf-715a7f4b35b4, tripId=G1237, trainTypeName=GaoTieTwo, routeId=084837bb-53c8-4438-87c8-0321a4d09917, startStationName=shanghai, stationsName=suzhou, terminalStationName=taiyuan, startTime=2013-05-04 08:00:00, endTime=2013-05-04 17:21:52), Trip(id=465eec52-1bc7-4d8b-8c38-e8f210bb3a77, tripId=D1345, trainTypeName=DongCheOne, routeId=f3d4d4ef-693b-4456-8eed-59c0d717dd08, startStationName=shanghai, stationsName=suzhou, terminalStationName=taiyuan, startTime=2013-05-04 07:00:00, endTime=2013-05-04 19:59:52)]]\n"",""stream"":""stdout"",""time"":""2025-06-06T09:22:47.465773544Z""}"
2025-06-06T09:22:47.465555596Z,1674984167465555596,33.33.33.116,ts-travel-service-64469b5b48-25zj6,server,81924a3f75cbbfb60d180941e68e1f3e,6bc85306d1dee1a7,"{""log"":""17:22:47.465 INFO  t.s.TravelServiceImpl#487 TraceID: 81924a3f75cbbfb60d180941e68e1f3e SpanID: 6bc85306d1dee1a7 [departrue date][y: 2023][m:0][d: 29]\n"",""stream"":""stdout"",""time"":""2025-06-06T09:22:47.465555596Z""}"
2025-06-06T09:22:47.46544974Z,1674984167465449740,33.33.33.116,ts-travel-service-64469b5b48-25zj6,server,81924a3f75cbbfb60d180941e68e1f3e,6bc85306d1dee1a7,"{""log"":""17:22:47.465 INFO  t.s.TravelServiceImpl#486 TraceID: 81924a3f75cbbfb60d180941e68e1f3e SpanID: 6bc85306d1dee1a7 [today date][y: 2023][m:0][d: 29]\n"",""stream"":""stdout"",""time"":""2025-06-06T09:22:47.46544974Z""}"
2025-06-06T09:22:44.773391538Z,1674984164773391538,33.33.33.82,ts-seat-service-5c95b49cff-tdsdz,server,6958390a47b9cbde1f1575e735e9afae,6b131aa7a5720b1a,"{""log"":""17:22:44.772 INFO  s.s.SeatServiceImpl#151 TraceID: 6958390a47b9cbde1f1575e735e9afae SpanID: 6b131aa7a5720b1a [getLeftTicketOfInterval][Get Order tickets result][result is \u003c200,Response(status=0, msg=Order is Null., data=null),[vary:\""Origin,Access-Control-Request-Method,Access-Control-Request-Headers\"", x-content-type-options:\""nosniff\"", x-xss-protection:\""1; mode=block\"", cache-control:\""no-cache, no-store, max-age=0, must-revalidate\"", pragma:\""no-cache\"", expires:\""0\"", x-frame-options:\""DENY\"", content-type:\""application/json\"", date:\""Sun, 29 Jan 2023 09:22:44 GMT\"", x-envoy-upstream-service-time:\""31\"", server:\""envoy\"", transfer-encoding:\""chunked\""]\u003e]\n"",""stream"":""stdout"",""time"":""2025-06-06T09:22:44.773391538Z""}"
2025-06-06T09:22:47.462912439Z,1674984167462912439,33.33.33.116,ts-travel-service-64469b5b48-25zj6,server,81924a3f75cbbfb60d180941e68e1f3e,6bc85306d1dee1a7,"{""log"":""17:22:47.462 INFO  t.c.TravelController#122 TraceID: 81924a3f75cbbfb60d180941e68e1f3e SpanID: 6bc85306d1dee1a7 [query][Query TripResponse]\n"",""stream"":""stdout"",""time"":""2025-06-06T09:22:47.462912439Z""}"
2025-06-06T09:22:44.7390021Z,1674984164739002100,33.33.33.82,ts-seat-service-5c95b49cff-tdsdz,server,6958390a47b9cbde1f1575e735e9afae,6b131aa7a5720b1a,"{""log"":""17:22:44.738 INFO  s.s.SeatServiceImpl#139 TraceID: 6958390a47b9cbde1f1575e735e9afae SpanID: 6b131aa7a5720b1a [getLeftTicketOfInterval][TrainNumber start with G|D][trainNumber:G1237]\n"",""stream"":""stdout"",""time"":""2025-06-06T09:22:44.7390021Z""}"
2025-06-06T09:22:47.476730522Z,1674984167476730522,33.33.33.79,ts-train-service-86f5f97bc9-dkqmf,server,81924a3f75cbbfb60d180941e68e1f3e,da6c55c76d069a86,"{""log"":""17:22:47.476 INFO  t.c.TrainController#72 TraceID: 81924a3f75cbbfb60d180941e68e1f3e SpanID: da6c55c76d069a86 [retrieveByNames][Retrieve train][TrainTypeNames: [DongCheOne, GaoTieOne, GaoTieTwo]]\n"",""stream"":""stdout"",""time"":""2025-06-06T09:22:47.476730522Z""}"
2025-06-06T09:22:47.471591018Z,1674984167471591018,33.33.33.76,ts-station-service-7f4f5f6f77-5qb6j,server,81924a3f75cbbfb60d180941e68e1f3e,53f01d74a9e812fe,"{""log"":""17:22:47.471 INFO  f.m.c.StationController#71 TraceID: 81924a3f75cbbfb60d180941e68e1f3e SpanID: 53f01d74a9e812fe [queryForIdBatch][Query stations for id batch][StationNameNumbers: 2]\n"",""stream"":""stdout"",""time"":""2025-06-06T09:22:47.471591018Z""}"
2025-06-06T09:22:44.738682118Z,1674984164738682118,33.33.33.82,ts-seat-service-5c95b49cff-tdsdz,server,6958390a47b9cbde1f1575e735e9afae,6b131aa7a5720b1a,"{""log"":""17:22:44.738 INFO  s.s.SeatServiceImpl#137 TraceID: 6958390a47b9cbde1f1575e735e9afae SpanID: 6b131aa7a5720b1a [getLeftTicketOfInterval][Seat request][request:Seat(travelDate=2023-01-29 15:38:06, trainNumber=G1237, startStation=suzhou, destStation=shanghai, seatType=2, totalNum=2147483647, stations=[suzhou, shanghai])]\n"",""stream"":""stdout"",""time"":""2025-06-06T09:22:44.738682118Z""}"
2025-06-06T09:22:44.738274385Z,1674984164738274385,33.33.33.82,ts-seat-service-5c95b49cff-tdsdz,server,6958390a47b9cbde1f1575e735e9afae,6b131aa7a5720b1a,"{""log"":""17:22:44.737 INFO  s.c.SeatController#57 TraceID: 6958390a47b9cbde1f1575e735e9afae SpanID: 6b131aa7a5720b1a [getLeftTicketOfInterval][Get left ticket of interval][TravelDate: 2023-01-29 15:38:06,TrainNumber: G1237,SeatType: 2]\n"",""stream"":""stdout"",""time"":""2025-06-06T09:22:44.738274385Z""}"
2025-06-06T09:22:47.550905812Z,1674984167550905812,33.33.33.82,ts-seat-service-5c95b49cff-tdsdz,server,81924a3f75cbbfb60d180941e68e1f3e,2f9bac9f38144525,"{""log"":""17:22:47.550 INFO  s.s.SeatServiceImpl#217 TraceID: 81924a3f75cbbfb60d180941e68e1f3e SpanID: 2f9bac9f38144525 [getDirectProportion][Configs is : Config(name=DirectTicketAllocationProportion, value=0.5, description=Allocation Proportion Of The Direct Ticket - From Start To End)]\n"",""stream"":""stdout"",""time"":""2025-06-06T09:22:47.550905812Z""}"
2025-06-06T09:22:44.709565666Z,1674984164709565666,33.33.33.80,ts-route-service-b6c59fb57-zv8dt,server,6958390a47b9cbde1f1575e735e9afae,0c827f0894d564c8,"{""log"":""17:22:44.708 INFO  r.c.RouteController#53 TraceID: 6958390a47b9cbde1f1575e735e9afae SpanID: 0c827f0894d564c8 [getRouteById][Query route by id][RouteId: [92708982-77af-4318-be25-57ccb0ff69ad, aefcef3f-3f42-46e8-afd7-6cb2a928bd3d, a3f256c1-0e43-4f7d-9c21-121bf258101f, 084837bb-53c8-4438-87c8-0321a4d09917, f3d4d4ef-693b-4456-8eed-59c0d717dd08]]\n"",""stream"":""stdout"",""time"":""2025-06-06T09:22:44.709565666Z""}"
2025-06-06T09:22:47.546494526Z,1674984167546494526,33.33.33.82,ts-seat-service-5c95b49cff-tdsdz,server,81924a3f75cbbfb60d180941e68e1f3e,2f9bac9f38144525,"{""log"":""17:22:47.545 INFO  s.s.SeatServiceImpl#151 TraceID: 81924a3f75cbbfb60d180941e68e1f3e SpanID: 2f9bac9f38144525 [getLeftTicketOfInterval][Get Order tickets result][result is \u003c200,Response(status=0, msg=Order is Null., data=null),[vary:\""Origin,Access-Control-Request-Method,Access-Control-Request-Headers\"", x-content-type-options:\""nosniff\"", x-xss-protection:\""1; mode=block\"", cache-control:\""no-cache, no-store, max-age=0, must-revalidate\"", pragma:\""no-cache\"", expires:\""0\"", x-frame-options:\""DENY\"", content-type:\""application/json\"", date:\""Sun, 29 Jan 2023 09:22:47 GMT\"", x-envoy-upstream-service-time:\""3\"", server:\""envoy\"", transfer-encoding:\""chunked\""]\u003e]\n"",""stream"":""stdout"",""time"":""2025-06-06T09:22:47.546494526Z""}"
2025-06-06T09:22:44.727367365Z,1674984164727367365,33.33.33.79,ts-price-service-76846864d9-g465z,server,6958390a47b9cbde1f1575e735e9afae,e1a1d3b796f61e02,"{""log"":""17:22:44.726 INFO  p.c.PriceController#46 TraceID: 6958390a47b9cbde1f1575e735e9afae SpanID: e1a1d3b796f61e02 [findByRouteIdAndTrainType][Query price][routeId and Train Type: [084837bb-53c8-4438-87c8-0321a4d09917:GaoTieTwo, a3f256c1-0e43-4f7d-9c21-121bf258101f:GaoTieOne, 92708982-77af-4318-be25-57ccb0ff69ad:GaoTieOne]]\n"",""stream"":""stdout"",""time"":""2025-06-06T09:22:44.727367365Z""}"
2025-06-06T09:22:47.54082719Z,1674984167540827190,33.33.33.82,ts-seat-service-5c95b49cff-tdsdz,server,81924a3f75cbbfb60d180941e68e1f3e,2f9bac9f38144525,"{""log"":""17:22:47.540 INFO  s.s.SeatServiceImpl#139 TraceID: 81924a3f75cbbfb60d180941e68e1f3e SpanID: 2f9bac9f38144525 [getLeftTicketOfInterval][TrainNumber start with G|D][trainNumber:D1345]\n"",""stream"":""stdout"",""time"":""2025-06-06T09:22:47.54082719Z""}"
2025-06-06T09:22:45.112592238Z,1674984165112592238,33.33.33.76,ts-order-service-5b67c48447-mv5hb,server,6958390a47b9cbde1f1575e735e9afae,7d6f7f844ba6d468,"{""log"":""17:22:45.112 WARN  o.s.OrderServiceImpl#68 TraceID: 6958390a47b9cbde1f1575e735e9afae SpanID: 7d6f7f844ba6d468 [getSoldTickets][Seat][Left ticket info is empty][seat from date: 2023-01-29 15:38:06, train number: G1234]\n"",""stream"":""stdout"",""time"":""2025-06-06T09:22:45.112592238Z""}"
2025-06-06T09:22:47.540456626Z,1674984167540456626,33.33.33.82,ts-seat-service-5c95b49cff-tdsdz,server,81924a3f75cbbfb60d180941e68e1f3e,2f9bac9f38144525,"{""log"":""17:22:47.539 INFO  s.s.SeatServiceImpl#137 TraceID: 81924a3f75cbbfb60d180941e68e1f3e SpanID: 2f9bac9f38144525 [getLeftTicketOfInterval][Seat request][request:Seat(travelDate=2023-01-29 15:38:06, trainNumber=D1345, startStation=shanghai, destStation=suzhou, seatType=3, totalNum=2147483647, stations=[shanghai, suzhou])]\n"",""stream"":""stdout"",""time"":""2025-06-06T09:22:47.540456626Z""}"
2025-06-06T09:22:45.111616546Z,1674984165111616546,33.33.33.76,ts-order-service-5b67c48447-mv5hb,server,6958390a47b9cbde1f1575e735e9afae,7d6f7f844ba6d468,"{""log"":""17:22:45.111 INFO  o.c.OrderController#39 TraceID: 6958390a47b9cbde1f1575e735e9afae SpanID: 7d6f7f844ba6d468 [getSoldTickets][Get Sold Ticket][Travel Date: 2023-01-29 15:38:06]\n"",""stream"":""stdout"",""time"":""2025-06-06T09:22:45.111616546Z""}"
2025-06-06T09:22:47.540077576Z,1674984167540077576,33.33.33.82,ts-seat-service-5c95b49cff-tdsdz,server,81924a3f75cbbfb60d180941e68e1f3e,2f9bac9f38144525,"{""log"":""17:22:47.539 INFO  s.c.SeatController#57 TraceID: 81924a3f75cbbfb60d180941e68e1f3e SpanID: 2f9bac9f38144525 [getLeftTicketOfInterval][Get left ticket of interval][TravelDate: 2023-01-29 15:38:06,TrainNumber: D1345,SeatType: 3]\n"",""stream"":""stdout"",""time"":""2025-06-06T09:22:47.540077576Z""}"
2025-06-06T09:22:45.08424924Z,1674984165084249240,33.33.33.76,ts-order-service-5b67c48447-mv5hb,server,6958390a47b9cbde1f1575e735e9afae,f1818e4d4510255c,"{""log"":""17:22:45.083 WARN  o.s.OrderServiceImpl#68 TraceID: 6958390a47b9cbde1f1575e735e9afae SpanID: f1818e4d4510255c [getSoldTickets][Seat][Left ticket info is empty][seat from date: 2023-01-29 15:38:06, train number: G1234]\n"",""stream"":""stdout"",""time"":""2025-06-06T09:22:45.08424924Z""}"
2025-06-06T09:22:47.535578159Z,1674984167535578159,33.33.33.82,ts-seat-service-5c95b49cff-tdsdz,server,81924a3f75cbbfb60d180941e68e1f3e,59d24ff5e3784882,"{""log"":""17:22:47.534 INFO  s.s.SeatServiceImpl#217 TraceID: 81924a3f75cbbfb60d180941e68e1f3e SpanID: 59d24ff5e3784882 [getDirectProportion][Configs is : Config(name=DirectTicketAllocationProportion, value=0.5, description=Allocation Proportion Of The Direct Ticket - From Start To End)]\n"",""stream"":""stdout"",""time"":""2025-06-06T09:22:47.535578159Z""}"
2025-06-06T09:22:45.083054767Z,1674984165083054767,33.33.33.76,ts-order-service-5b67c48447-mv5hb,server,6958390a47b9cbde1f1575e735e9afae,f1818e4d4510255c,"{""log"":""17:22:45.082 INFO  o.c.OrderController#39 TraceID: 6958390a47b9cbde1f1575e735e9afae SpanID: f1818e4d4510255c [getSoldTickets][Get Sold Ticket][Travel Date: 2023-01-29 15:38:06]\n"",""stream"":""stdout"",""time"":""2025-06-06T09:22:45.083054767Z""}"
2025-06-06T09:22:45.065768614Z,1674984165065768614,33.33.33.76,ts-order-service-5b67c48447-mv5hb,server,6958390a47b9cbde1f1575e735e9afae,5c10e1656a1e2390,"{""log"":""17:22:45.065 WARN  o.s.OrderServiceImpl#68 TraceID: 6958390a47b9cbde1f1575e735e9afae SpanID: 5c10e1656a1e2390 [getSoldTickets][Seat][Left ticket info is empty][seat from date: 2023-01-29 15:38:06, train number: G1236]\n"",""stream"":""stdout"",""time"":""2025-06-06T09:22:45.065768614Z""}"
2025-06-06T09:22:47.530907757Z,1674984167530907757,33.33.33.82,ts-seat-service-5c95b49cff-tdsdz,server,81924a3f75cbbfb60d180941e68e1f3e,59d24ff5e3784882,"{""log"":""17:22:47.530 INFO  s.s.SeatServiceImpl#151 TraceID: 81924a3f75cbbfb60d180941e68e1f3e SpanID: 59d24ff5e3784882 [getLeftTicketOfInterval][Get Order tickets result][result is \u003c200,Response(status=0, msg=Order is Null., data=null),[vary:\""Origin,Access-Control-Request-Method,Access-Control-Request-Headers\"", x-content-type-options:\""nosniff\"", x-xss-protection:\""1; mode=block\"", cache-control:\""no-cache, no-store, max-age=0, must-revalidate\"", pragma:\""no-cache\"", expires:\""0\"", x-frame-options:\""DENY\"", content-type:\""application/json\"", date:\""Sun, 29 Jan 2023 09:22:47 GMT\"", x-envoy-upstream-service-time:\""4\"", server:\""envoy\"", transfer-encoding:\""chunked\""]\u003e]\n"",""stream"":""stdout"",""time"":""2025-06-06T09:22:47.530907757Z""}"
2025-06-06T09:22:47.522466026Z,1674984167522466026,33.33.33.82,ts-seat-service-5c95b49cff-tdsdz,server,81924a3f75cbbfb60d180941e68e1f3e,59d24ff5e3784882,"{""log"":""17:22:47.521 INFO  s.s.SeatServiceImpl#139 TraceID: 81924a3f75cbbfb60d180941e68e1f3e SpanID: 59d24ff5e3784882 [getLeftTicketOfInterval][TrainNumber start with G|D][trainNumber:D1345]\n"",""stream"":""stdout"",""time"":""2025-06-06T09:22:47.522466026Z""}"
2025-06-06T09:22:45.064614443Z,1674984165064614443,33.33.33.76,ts-order-service-5b67c48447-mv5hb,server,6958390a47b9cbde1f1575e735e9afae,5c10e1656a1e2390,"{""log"":""17:22:45.064 INFO  o.c.OrderController#39 TraceID: 6958390a47b9cbde1f1575e735e9afae SpanID: 5c10e1656a1e2390 [getSoldTickets][Get Sold Ticket][Travel Date: 2023-01-29 15:38:06]\n"",""stream"":""stdout"",""time"":""2025-06-06T09:22:45.064614443Z""}"
2025-06-06T09:22:44.806291619Z,1674984164806291619,33.33.33.76,ts-order-service-5b67c48447-mv5hb,server,6958390a47b9cbde1f1575e735e9afae,a3044b4debfed4e3,"{""log"":""17:22:44.806 WARN  o.s.OrderServiceImpl#68 TraceID: 6958390a47b9cbde1f1575e735e9afae SpanID: a3044b4debfed4e3 [getSoldTickets][Seat][Left ticket info is empty][seat from date: 2023-01-29 15:38:06, train number: G1236]\n"",""stream"":""stdout"",""time"":""2025-06-06T09:22:44.806291619Z""}"
2025-06-06T09:22:47.522128676Z,1674984167522128676,33.33.33.82,ts-seat-service-5c95b49cff-tdsdz,server,81924a3f75cbbfb60d180941e68e1f3e,59d24ff5e3784882,"{""log"":""17:22:47.521 INFO  s.s.SeatServiceImpl#137 TraceID: 81924a3f75cbbfb60d180941e68e1f3e SpanID: 59d24ff5e3784882 [getLeftTicketOfInterval][Seat request][request:Seat(travelDate=2023-01-29 15:38:06, trainNumber=D1345, startStation=shanghai, destStation=suzhou, seatType=2, totalNum=2147483647, stations=[shanghai, suzhou])]\n"",""stream"":""stdout"",""time"":""2025-06-06T09:22:47.522128676Z""}"
2025-06-06T09:22:44.805347865Z,1674984164805347865,33.33.33.76,ts-order-service-5b67c48447-mv5hb,server,6958390a47b9cbde1f1575e735e9afae,a3044b4debfed4e3,"{""log"":""17:22:44.805 INFO  o.c.OrderController#39 TraceID: 6958390a47b9cbde1f1575e735e9afae SpanID: a3044b4debfed4e3 [getSoldTickets][Get Sold Ticket][Travel Date: 2023-01-29 15:38:06]\n"",""stream"":""stdout"",""time"":""2025-06-06T09:22:44.805347865Z""}"
2025-06-06T09:22:47.521747112Z,1674984167521747112,33.33.33.82,ts-seat-service-5c95b49cff-tdsdz,server,81924a3f75cbbfb60d180941e68e1f3e,59d24ff5e3784882,"{""log"":""17:22:47.520 INFO  s.c.SeatController#57 TraceID: 81924a3f75cbbfb60d180941e68e1f3e SpanID: 59d24ff5e3784882 [getLeftTicketOfInterval][Get left ticket of interval][TravelDate: 2023-01-29 15:38:06,TrainNumber: D1345,SeatType: 2]\n"",""stream"":""stdout"",""time"":""2025-06-06T09:22:47.521747112Z""}"
2025-06-06T09:22:44.791381825Z,1674984164791381825,33.33.33.76,ts-order-service-5b67c48447-mv5hb,server,6958390a47b9cbde1f1575e735e9afae,71f3bf5e2975f60d,"{""log"":""17:22:44.791 WARN  o.s.OrderServiceImpl#68 TraceID: 6958390a47b9cbde1f1575e735e9afae SpanID: 71f3bf5e2975f60d [getSoldTickets][Seat][Left ticket info is empty][seat from date: 2023-01-29 15:38:06, train number: G1237]\n"",""stream"":""stdout"",""time"":""2025-06-06T09:22:44.791381825Z""}"
2025-06-06T09:22:47.484042564Z,1674984167484042564,33.33.33.80,ts-route-service-b6c59fb57-zv8dt,server,81924a3f75cbbfb60d180941e68e1f3e,911b54d2d67b944c,"{""log"":""17:22:47.483 INFO  r.c.RouteController#53 TraceID: 81924a3f75cbbfb60d180941e68e1f3e SpanID: 911b54d2d67b944c [getRouteById][Query route by id][RouteId: [92708982-77af-4318-be25-57ccb0ff69ad, aefcef3f-3f42-46e8-afd7-6cb2a928bd3d, a3f256c1-0e43-4f7d-9c21-121bf258101f, 084837bb-53c8-4438-87c8-0321a4d09917, f3d4d4ef-693b-4456-8eed-59c0d717dd08]]\n"",""stream"":""stdout"",""time"":""2025-06-06T09:22:47.484042564Z""}"
2025-06-06T09:22:44.789887705Z,1674984164789887705,33.33.33.76,ts-order-service-5b67c48447-mv5hb,server,6958390a47b9cbde1f1575e735e9afae,71f3bf5e2975f60d,"{""log"":""17:22:44.789 INFO  o.c.OrderController#39 TraceID: 6958390a47b9cbde1f1575e735e9afae SpanID: 71f3bf5e2975f60d [getSoldTickets][Get Sold Ticket][Travel Date: 2023-01-29 15:38:06]\n"",""stream"":""stdout"",""time"":""2025-06-06T09:22:44.789887705Z""}"
2025-06-06T09:22:47.498125655Z,1674984167498125655,33.33.33.79,ts-price-service-76846864d9-g465z,server,81924a3f75cbbfb60d180941e68e1f3e,628793d654cecf43,"{""log"":""17:22:47.497 INFO  p.c.PriceController#46 TraceID: 81924a3f75cbbfb60d180941e68e1f3e SpanID: 628793d654cecf43 [findByRouteIdAndTrainType][Query price][routeId and Train Type: [f3d4d4ef-693b-4456-8eed-59c0d717dd08:DongCheOne]]\n"",""stream"":""stdout"",""time"":""2025-06-06T09:22:47.498125655Z""}"
2025-06-06T09:22:44.743420045Z,1674984164743420045,33.33.33.76,ts-order-service-5b67c48447-mv5hb,server,6958390a47b9cbde1f1575e735e9afae,e8d8bba0dabbabab,"{""log"":""17:22:44.743 WARN  o.s.OrderServiceImpl#68 TraceID: 6958390a47b9cbde1f1575e735e9afae SpanID: e8d8bba0dabbabab [getSoldTickets][Seat][Left ticket info is empty][seat from date: 2023-01-29 15:38:06, train number: G1237]\n"",""stream"":""stdout"",""time"":""2025-06-06T09:22:44.743420045Z""}"
2025-06-06T09:22:47.544586123Z,1674984167544586123,33.33.33.76,ts-order-service-5b67c48447-mv5hb,server,81924a3f75cbbfb60d180941e68e1f3e,a83c4ece4b7bd3e1,"{""log"":""17:22:47.544 WARN  o.s.OrderServiceImpl#68 TraceID: 81924a3f75cbbfb60d180941e68e1f3e SpanID: a83c4ece4b7bd3e1 [getSoldTickets][Seat][Left ticket info is empty][seat from date: 2023-01-29 15:38:06, train number: D1345]\n"",""stream"":""stdout"",""time"":""2025-06-06T09:22:47.544586123Z""}"
2025-06-06T09:22:47.543135927Z,1674984167543135927,33.33.33.76,ts-order-service-5b67c48447-mv5hb,server,81924a3f75cbbfb60d180941e68e1f3e,a83c4ece4b7bd3e1,"{""log"":""17:22:47.542 INFO  o.c.OrderController#39 TraceID: 81924a3f75cbbfb60d180941e68e1f3e SpanID: a83c4ece4b7bd3e1 [getSoldTickets][Get Sold Ticket][Travel Date: 2023-01-29 15:38:06]\n"",""stream"":""stdout"",""time"":""2025-06-06T09:22:47.543135927Z""}"
2025-06-06T09:22:44.741958591Z,1674984164741958591,33.33.33.76,ts-order-service-5b67c48447-mv5hb,server,6958390a47b9cbde1f1575e735e9afae,e8d8bba0dabbabab,"{""log"":""17:22:44.741 INFO  o.c.OrderController#39 TraceID: 6958390a47b9cbde1f1575e735e9afae SpanID: e8d8bba0dabbabab [getSoldTickets][Get Sold Ticket][Travel Date: 2023-01-29 15:38:06]\n"",""stream"":""stdout"",""time"":""2025-06-06T09:22:44.741958591Z""}"
2025-06-06T09:22:47.529340829Z,1674984167529340829,33.33.33.76,ts-order-service-5b67c48447-mv5hb,server,81924a3f75cbbfb60d180941e68e1f3e,119255c134bcd505,"{""log"":""17:22:47.528 WARN  o.s.OrderServiceImpl#68 TraceID: 81924a3f75cbbfb60d180941e68e1f3e SpanID: 119255c134bcd505 [getSoldTickets][Seat][Left ticket info is empty][seat from date: 2023-01-29 15:38:06, train number: D1345]\n"",""stream"":""stdout"",""time"":""2025-06-06T09:22:47.529340829Z""}"
2025-06-06T09:22:47.526753393Z,1674984167526753393,33.33.33.76,ts-order-service-5b67c48447-mv5hb,server,81924a3f75cbbfb60d180941e68e1f3e,119255c134bcd505,"{""log"":""17:22:47.526 INFO  o.c.OrderController#39 TraceID: 81924a3f75cbbfb60d180941e68e1f3e SpanID: 119255c134bcd505 [getSoldTickets][Get Sold Ticket][Travel Date: 2023-01-29 15:38:06]\n"",""stream"":""stdout"",""time"":""2025-06-06T09:22:47.526753393Z""}"
2025-06-06T09:22:45.117562416Z,1674984165117562416,33.33.33.115,ts-config-service-5fcd447d84-wxwjd,server,6958390a47b9cbde1f1575e735e9afae,6629c162572aeb81,"{""log"":""17:22:45.117 INFO  c.s.ConfigServiceImpl#65 TraceID: 6958390a47b9cbde1f1575e735e9afae SpanID: 6629c162572aeb81 [query][Query config success][config name: DirectTicketAllocationProportion]\n"",""stream"":""stdout"",""time"":""2025-06-06T09:22:45.117562416Z""}"
2025-06-06T09:22:47.548952792Z,1674984167548952792,33.33.33.115,ts-config-service-5fcd447d84-wxwjd,server,81924a3f75cbbfb60d180941e68e1f3e,7231e03baffd1bde,"{""log"":""17:22:47.548 INFO  c.s.ConfigServiceImpl#65 TraceID: 81924a3f75cbbfb60d180941e68e1f3e SpanID: 7231e03baffd1bde [query][Query config success][config name: DirectTicketAllocationProportion]\n"",""stream"":""stdout"",""time"":""2025-06-06T09:22:47.548952792Z""}"
2025-06-06T09:22:45.116631584Z,1674984165116631584,33.33.33.115,ts-config-service-5fcd447d84-wxwjd,server,6958390a47b9cbde1f1575e735e9afae,6629c162572aeb81,"{""log"":""17:22:45.116 INFO  c.c.ConfigController#67 TraceID: 6958390a47b9cbde1f1575e735e9afae SpanID: 6629c162572aeb81 [retrieve][Retrieve config][configName: DirectTicketAllocationProportion]\n"",""stream"":""stdout"",""time"":""2025-06-06T09:22:45.116631584Z""}"
2025-06-06T09:22:47.548186214Z,1674984167548186214,33.33.33.115,ts-config-service-5fcd447d84-wxwjd,server,81924a3f75cbbfb60d180941e68e1f3e,7231e03baffd1bde,"{""log"":""17:22:47.547 INFO  c.c.ConfigController#67 TraceID: 81924a3f75cbbfb60d180941e68e1f3e SpanID: 7231e03baffd1bde [retrieve][Retrieve config][configName: DirectTicketAllocationProportion]\n"",""stream"":""stdout"",""time"":""2025-06-06T09:22:47.548186214Z""}"
2025-06-06T09:22:45.089001736Z,1674984165089001736,33.33.33.115,ts-config-service-5fcd447d84-wxwjd,server,6958390a47b9cbde1f1575e735e9afae,baf4d9cdd0c8b2f1,"{""log"":""17:22:45.088 INFO  c.s.ConfigServiceImpl#65 TraceID: 6958390a47b9cbde1f1575e735e9afae SpanID: baf4d9cdd0c8b2f1 [query][Query config success][config name: DirectTicketAllocationProportion]\n"",""stream"":""stdout"",""time"":""2025-06-06T09:22:45.089001736Z""}"
2025-06-06T09:22:47.533758187Z,1674984167533758187,33.33.33.115,ts-config-service-5fcd447d84-wxwjd,server,81924a3f75cbbfb60d180941e68e1f3e,91381bfacc7d830e,"{""log"":""17:22:47.533 INFO  c.s.ConfigServiceImpl#65 TraceID: 81924a3f75cbbfb60d180941e68e1f3e SpanID: 91381bfacc7d830e [query][Query config success][config name: DirectTicketAllocationProportion]\n"",""stream"":""stdout"",""time"":""2025-06-06T09:22:47.533758187Z""}"
2025-06-06T09:22:45.088260924Z,1674984165088260924,33.33.33.115,ts-config-service-5fcd447d84-wxwjd,server,6958390a47b9cbde1f1575e735e9afae,baf4d9cdd0c8b2f1,"{""log"":""17:22:45.087 INFO  c.c.ConfigController#67 TraceID: 6958390a47b9cbde1f1575e735e9afae SpanID: baf4d9cdd0c8b2f1 [retrieve][Retrieve config][configName: DirectTicketAllocationProportion]\n"",""stream"":""stdout"",""time"":""2025-06-06T09:22:45.088260924Z""}"
2025-06-06T09:22:47.532840925Z,1674984167532840925,33.33.33.115,ts-config-service-5fcd447d84-wxwjd,server,81924a3f75cbbfb60d180941e68e1f3e,91381bfacc7d830e,"{""log"":""17:22:47.532 INFO  c.c.ConfigController#67 TraceID: 81924a3f75cbbfb60d180941e68e1f3e SpanID: 91381bfacc7d830e [retrieve][Retrieve config][configName: DirectTicketAllocationProportion]\n"",""stream"":""stdout"",""time"":""2025-06-06T09:22:47.532840925Z""}"
2025-06-06T09:22:45.07183599Z,1674984165071835990,33.33.33.115,ts-config-service-5fcd447d84-wxwjd,server,6958390a47b9cbde1f1575e735e9afae,0d0f739b801f0aef,"{""log"":""17:22:45.071 INFO  c.s.ConfigServiceImpl#65 TraceID: 6958390a47b9cbde1f1575e735e9afae SpanID: 0d0f739b801f0aef [query][Query config success][config name: DirectTicketAllocationProportion]\n"",""stream"":""stdout"",""time"":""2025-06-06T09:22:45.07183599Z""}"
2025-06-06T09:22:45.070814081Z,1674984165070814081,33.33.33.115,ts-config-service-5fcd447d84-wxwjd,server,6958390a47b9cbde1f1575e735e9afae,0d0f739b801f0aef,"{""log"":""17:22:45.070 INFO  c.c.ConfigController#67 TraceID: 6958390a47b9cbde1f1575e735e9afae SpanID: 0d0f739b801f0aef [retrieve][Retrieve config][configName: DirectTicketAllocationProportion]\n"",""stream"":""stdout"",""time"":""2025-06-06T09:22:45.070814081Z""}"
2025-06-06T09:22:47.501717974Z,1674984167501717974,33.33.33.76,ts-basic-service-5dc8d4f9fd-46997,server,81924a3f75cbbfb60d180941e68e1f3e,de3d5adeac89e11e,"{""log"":""17:22:47.501 INFO  f.m.s.BasicServiceImpl#320 TraceID: 81924a3f75cbbfb60d180941e68e1f3e SpanID: de3d5adeac89e11e [queryForTravels][all done][result map: {D1345=TravelResult(status=true, percent=1.0, trainType=TrainType(id=a14b45f8-64d9-4e40-9d78-5152f726ba8d, name=DongCheOne, economyClass=2147483647, confortClass=2147483647, averageSpeed=180), route=Route(id=f3d4d4ef-693b-4456-8eed-59c0d717dd08, stations=[shanghai, suzhou], distances=[0, 50], startStation=shanghai, endStation=suzhou), prices={confortClass=50.0, economyClass=22.5})}]\n"",""stream"":""stdout"",""time"":""2025-06-06T09:22:47.501717974Z""}"
2025-06-06T09:22:44.834137574Z,1674984164834137574,33.33.33.115,ts-config-service-5fcd447d84-wxwjd,server,6958390a47b9cbde1f1575e735e9afae,ab84da6dadb47e2b,"{""log"":""17:22:44.833 INFO  c.s.ConfigServiceImpl#65 TraceID: 6958390a47b9cbde1f1575e735e9afae SpanID: ab84da6dadb47e2b [query][Query config success][config name: DirectTicketAllocationProportion]\n"",""stream"":""stdout"",""time"":""2025-06-06T09:22:44.834137574Z""}"
2025-06-06T09:22:44.8334599Z,1674984164833459900,33.33.33.115,ts-config-service-5fcd447d84-wxwjd,server,6958390a47b9cbde1f1575e735e9afae,ab84da6dadb47e2b,"{""log"":""17:22:44.833 INFO  c.c.ConfigController#67 TraceID: 6958390a47b9cbde1f1575e735e9afae SpanID: ab84da6dadb47e2b [retrieve][Retrieve config][configName: DirectTicketAllocationProportion]\n"",""stream"":""stdout"",""time"":""2025-06-06T09:22:44.8334599Z""}"
2025-06-06T09:22:44.796218364Z,1674984164796218364,33.33.33.115,ts-config-service-5fcd447d84-wxwjd,server,6958390a47b9cbde1f1575e735e9afae,d38c873e656df7dc,"{""log"":""17:22:44.795 INFO  c.s.ConfigServiceImpl#65 TraceID: 6958390a47b9cbde1f1575e735e9afae SpanID: d38c873e656df7dc [query][Query config success][config name: DirectTicketAllocationProportion]\n"",""stream"":""stdout"",""time"":""2025-06-06T09:22:44.796218364Z""}"
2025-06-06T09:22:47.501535928Z,1674984167501535928,33.33.33.76,ts-basic-service-5dc8d4f9fd-46997,server,81924a3f75cbbfb60d180941e68e1f3e,de3d5adeac89e11e,"{""log"":""17:22:47.501 INFO  f.m.s.BasicServiceImpl#481 TraceID: 81924a3f75cbbfb60d180941e68e1f3e SpanID: de3d5adeac89e11e [queryPriceConfigByRouteIdsAndTrainTypes][Get Price Config by routeId and trainType][Success][priceConfigs: {f3d4d4ef-693b-4456-8eed-59c0d717dd08:DongCheOne={id=d5c4523a-827c-468c-95be-e9024a40572e, trainType=DongCheOne, routeId=f3d4d4ef-693b-4456-8eed-59c0d717dd08, basicPriceRate=0.45, firstClassPriceRate=1.0}}]\n"",""stream"":""stdout"",""time"":""2025-06-06T09:22:47.501535928Z""}"
2025-06-06T09:22:44.795391125Z,1674984164795391125,33.33.33.115,ts-config-service-5fcd447d84-wxwjd,server,6958390a47b9cbde1f1575e735e9afae,d38c873e656df7dc,"{""log"":""17:22:44.795 INFO  c.c.ConfigController#67 TraceID: 6958390a47b9cbde1f1575e735e9afae SpanID: d38c873e656df7dc [retrieve][Retrieve config][configName: DirectTicketAllocationProportion]\n"",""stream"":""stdout"",""time"":""2025-06-06T09:22:44.795391125Z""}"
2025-06-06T09:22:47.494745804Z,1674984167494745804,33.33.33.76,ts-basic-service-5dc8d4f9fd-46997,server,81924a3f75cbbfb60d180941e68e1f3e,de3d5adeac89e11e,"{""log"":""17:22:47.494 INFO  f.m.s.BasicServiceImpl#459 TraceID: 81924a3f75cbbfb60d180941e68e1f3e SpanID: de3d5adeac89e11e [queryPriceConfigByRouteIdsAndTrainTypes][Query For Price Config][RouteId and TrainType: [f3d4d4ef-693b-4456-8eed-59c0d717dd08:DongCheOne]]\n"",""stream"":""stdout"",""time"":""2025-06-06T09:22:47.494745804Z""}"
2025-06-06T09:22:44.778224376Z,1674984164778224376,33.33.33.115,ts-config-service-5fcd447d84-wxwjd,server,6958390a47b9cbde1f1575e735e9afae,1705e39d6040eaaf,"{""log"":""17:22:44.777 INFO  c.s.ConfigServiceImpl#65 TraceID: 6958390a47b9cbde1f1575e735e9afae SpanID: 1705e39d6040eaaf [query][Query config success][config name: DirectTicketAllocationProportion]\n"",""stream"":""stdout"",""time"":""2025-06-06T09:22:44.778224376Z""}"
2025-06-06T09:22:47.494358675Z,1674984167494358675,33.33.33.76,ts-basic-service-5dc8d4f9fd-46997,server,81924a3f75cbbfb60d180941e68e1f3e,de3d5adeac89e11e,"{""log"":""17:22:47.494 ERROR  f.m.s.BasicServiceImpl#415 TraceID: 81924a3f75cbbfb60d180941e68e1f3e SpanID: de3d5adeac89e11e [getRoutesByRouteIds][Get Route By Ids Failed]\n"",""stream"":""stdout"",""time"":""2025-06-06T09:22:47.494358675Z""}"
2025-06-06T09:22:44.776760715Z,1674984164776760715,33.33.33.115,ts-config-service-5fcd447d84-wxwjd,server,6958390a47b9cbde1f1575e735e9afae,1705e39d6040eaaf,"{""log"":""17:22:44.776 INFO  c.c.ConfigController#67 TraceID: 6958390a47b9cbde1f1575e735e9afae SpanID: 1705e39d6040eaaf [retrieve][Retrieve config][configName: DirectTicketAllocationProportion]\n"",""stream"":""stdout"",""time"":""2025-06-06T09:22:44.776760715Z""}"
2025-06-06T09:22:47.479864911Z,1674984167479864911,33.33.33.76,ts-basic-service-5dc8d4f9fd-46997,server,81924a3f75cbbfb60d180941e68e1f3e,de3d5adeac89e11e,"{""log"":""17:22:47.479 INFO  f.m.s.BasicServiceImpl#405 TraceID: 81924a3f75cbbfb60d180941e68e1f3e SpanID: de3d5adeac89e11e [getRoutesByRouteIds][Get Route By Ids][Route IDs: [92708982-77af-4318-be25-57ccb0ff69ad, aefcef3f-3f42-46e8-afd7-6cb2a928bd3d, a3f256c1-0e43-4f7d-9c21-121bf258101f, 084837bb-53c8-4438-87c8-0321a4d09917, f3d4d4ef-693b-4456-8eed-59c0d717dd08]]\n"",""stream"":""stdout"",""time"":""2025-06-06T09:22:47.479864911Z""}"
2025-06-06T09:22:47.473878988Z,1674984167473878988,33.33.33.76,ts-basic-service-5dc8d4f9fd-46997,server,81924a3f75cbbfb60d180941e68e1f3e,de3d5adeac89e11e,"{""log"":""17:22:47.473 INFO  f.m.s.BasicServiceImpl#374 TraceID: 81924a3f75cbbfb60d180941e68e1f3e SpanID: de3d5adeac89e11e [queryTrainTypeByNames][Query Train Type][Train Type names: [DongCheOne, GaoTieOne, GaoTieTwo]]\n"",""stream"":""stdout"",""time"":""2025-06-06T09:22:47.473878988Z""}"
2025-06-06T09:22:47.469405152Z,1674984167469405152,33.33.33.76,ts-basic-service-5dc8d4f9fd-46997,server,81924a3f75cbbfb60d180941e68e1f3e,de3d5adeac89e11e,"{""log"":""17:22:47.469 INFO  f.m.s.BasicServiceImpl#343 TraceID: 81924a3f75cbbfb60d180941e68e1f3e SpanID: de3d5adeac89e11e [checkStationsExists][Check Stations Exists][stationNames: [suzhou, shanghai]]\n"",""stream"":""stdout"",""time"":""2025-06-06T09:22:47.469405152Z""}"
2025-06-06T09:22:44.732466626Z,1674984164732466626,33.33.33.76,ts-basic-service-5dc8d4f9fd-46997,server,6958390a47b9cbde1f1575e735e9afae,4c6644ac51f83321,"{""log"":""17:22:44.732 INFO  f.m.s.BasicServiceImpl#320 TraceID: 6958390a47b9cbde1f1575e735e9afae SpanID: 4c6644ac51f83321 [queryForTravels][all done][result map: {G1237=TravelResult(status=true, percent=1.0, trainType=TrainType(id=615aa260-d076-48d0-ab7c-2d366a534223, name=GaoTieTwo, economyClass=2147483647, confortClass=2147483647, averageSpeed=200), route=Route(id=084837bb-53c8-4438-87c8-0321a4d09917, stations=[suzhou, shanghai], distances=[0, 50], startStation=suzhou, endStation=shanghai), prices={confortClass=50.0, economyClass=30.0}), G1236=TravelResult(status=true, percent=1.0, trainType=TrainType(id=111e1aed-10dc-4356-ad7e-daa5e551d4a7, name=GaoTieOne, economyClass=2147483647, confortClass=2147483647, averageSpeed=250), route=Route(id=a3f256c1-0e43-4f7d-9c21-121bf258101f, stations=[nanjing, suzhou, shanghai], distances=[0, 200, 250], startStation=nanjing, endStation=shanghai), prices={confortClass=50.0, economyClass=35.0}), G1234=TravelResult(status=true, percent=1.0, trainType=TrainType(id=111e1aed-10dc-4356-ad7e-daa5e551d4a7, name=GaoTieOne, economyClass=2147483647, confortClass=2147483647, averageSpeed=250), route=Route(id=92708982-77af-4318-be25-57ccb0ff69ad, stations=[nanjing, zhenjiang, wuxi, suzhou, shanghai], distances=[0, 100, 150, 200, 250], startStation=nanjing, endStation=shanghai), prices={confortClass=50.0, economyClass=19.0})}]\n"",""stream"":""stdout"",""time"":""2025-06-06T09:22:44.732466626Z""}"
2025-06-06T09:22:44.73223665Z,1674984164732236650,33.33.33.76,ts-basic-service-5dc8d4f9fd-46997,server,6958390a47b9cbde1f1575e735e9afae,4c6644ac51f83321,"{""log"":""17:22:44.731 INFO  f.m.s.BasicServiceImpl#481 TraceID: 6958390a47b9cbde1f1575e735e9afae SpanID: 4c6644ac51f83321 [queryPriceConfigByRouteIdsAndTrainTypes][Get Price Config by routeId and trainType][Success][priceConfigs: {92708982-77af-4318-be25-57ccb0ff69ad:GaoTieOne={id=6d20b8cb-039c-474c-ae25-b6177ea41152, trainType=GaoTieOne, routeId=92708982-77af-4318-be25-57ccb0ff69ad, basicPriceRate=0.38, firstClassPriceRate=1.0}, 084837bb-53c8-4438-87c8-0321a4d09917:GaoTieTwo={id=7de18cf8-bb17-4bb2-aeb4-85d8176d3a93, trainType=GaoTieTwo, routeId=084837bb-53c8-4438-87c8-0321a4d09917, basicPriceRate=0.6, firstClassPriceRate=1.0}, a3f256c1-0e43-4f7d-9c21-121bf258101f:GaoTieOne={id=719287d6-d3e7-4b54-9a92-71d039748b22, trainType=GaoTieOne, routeId=a3f256c1-0e43-4f7d-9c21-121bf258101f, basicPriceRate=0.7, firstClassPriceRate=1.0}}]\n"",""stream"":""stdout"",""time"":""2025-06-06T09:22:44.73223665Z""}"
2025-06-06T09:22:44.72353321Z,1674984164723533210,33.33.33.76,ts-basic-service-5dc8d4f9fd-46997,server,6958390a47b9cbde1f1575e735e9afae,4c6644ac51f83321,"{""log"":""17:22:44.723 INFO  f.m.s.BasicServiceImpl#459 TraceID: 6958390a47b9cbde1f1575e735e9afae SpanID: 4c6644ac51f83321 [queryPriceConfigByRouteIdsAndTrainTypes][Query For Price Config][RouteId and TrainType: [084837bb-53c8-4438-87c8-0321a4d09917:GaoTieTwo, a3f256c1-0e43-4f7d-9c21-121bf258101f:GaoTieOne, 92708982-77af-4318-be25-57ccb0ff69ad:GaoTieOne]]\n"",""stream"":""stdout"",""time"":""2025-06-06T09:22:44.72353321Z""}"
2025-06-06T09:22:44.72307323Z,1674984164723073230,33.33.33.76,ts-basic-service-5dc8d4f9fd-46997,server,6958390a47b9cbde1f1575e735e9afae,4c6644ac51f83321,"{""log"":""17:22:44.722 ERROR  f.m.s.BasicServiceImpl#415 TraceID: 6958390a47b9cbde1f1575e735e9afae SpanID: 4c6644ac51f83321 [getRoutesByRouteIds][Get Route By Ids Failed]\n"",""stream"":""stdout"",""time"":""2025-06-06T09:22:44.72307323Z""}"
2025-06-06T09:22:47.469265303Z,1674984167469265303,33.33.33.76,ts-basic-service-5dc8d4f9fd-46997,server,81924a3f75cbbfb60d180941e68e1f3e,de3d5adeac89e11e,"{""log"":""17:22:47.468 INFO  f.m.c.BasicController#45 TraceID: 81924a3f75cbbfb60d180941e68e1f3e SpanID: de3d5adeac89e11e [queryForTravels][Query for travels][Travels: [Travel(trip=Trip(id=015fd636-861e-4714-9347-2efbb1a98f37, tripId=G1234, trainTypeName=GaoTieOne, routeId=92708982-77af-4318-be25-57ccb0ff69ad, startStationName=shanghai, stationsName=suzhou, terminalStationName=taiyuan, startTime=2013-05-04 09:00:00, endTime=2013-05-04 15:51:52), startPlace=shanghai, endPlace=suzhou, departureTime=2023-01-29 15:38:06), Travel(trip=Trip(id=38893061-3fd2-4ac4-bbc9-f0d727f83d6f, tripId=G1235, trainTypeName=GaoTieOne, routeId=aefcef3f-3f42-46e8-afd7-6cb2a928bd3d, startStationName=shanghai, stationsName=suzhou, terminalStationName=taiyuan, startTime=2013-05-04 12:00:00, endTime=2013-05-04 17:51:52), startPlace=shanghai, endPlace=suzhou, departureTime=2023-01-29 15:38:06), Travel(trip=Trip(id=cfcf2553-3371-42c5-b583-a3c4bb8ef505, tripId=G1236, trainTypeName=GaoTieOne, routeId=a3f256c1-0e43-4f7d-9c21-121bf258101f, startStationName=shanghai, stationsName=suzhou, terminalStationName=taiyuan, startTime=2013-05-04 14:00:00, endTime=2013-05-04 20:51:52), startPlace=shanghai, endPlace=suzhou, departureTime=2023-01-29 15:38:06), Travel(trip=Trip(id=a71c2e28-22c2-4b7f-90cf-715a7f4b35b4, tripId=G1237, trainTypeName=GaoTieTwo, routeId=084837bb-53c8-4438-87c8-0321a4d09917, startStationName=shanghai, stationsName=suzhou, terminalStationName=taiyuan, startTime=2013-05-04 08:00:00, endTime=2013-05-04 17:21:52), startPlace=shanghai, endPlace=suzhou, departureTime=2023-01-29 15:38:06), Travel(trip=Trip(id=465eec52-1bc7-4d8b-8c38-e8f210bb3a77, tripId=D1345, trainTypeName=DongCheOne, routeId=f3d4d4ef-693b-4456-8eed-59c0d717dd08, startStationName=shanghai, stationsName=suzhou, terminalStationName=taiyuan, startTime=2013-05-04 07:00:00, endTime=2013-05-04 19:59:52), startPlace=shanghai, endPlace=suzhou, departureTime=2023-01-29 15:38:06)]]\n"",""stream"":""stdout"",""time"":""2025-06-06T09:22:47.469265303Z""}"
2025-06-06T09:22:44.704944741Z,1674984164704944741,33.33.33.76,ts-basic-service-5dc8d4f9fd-46997,server,6958390a47b9cbde1f1575e735e9afae,4c6644ac51f83321,"{""log"":""17:22:44.704 INFO  f.m.s.BasicServiceImpl#405 TraceID: 6958390a47b9cbde1f1575e735e9afae SpanID: 4c6644ac51f83321 [getRoutesByRouteIds][Get Route By Ids][Route IDs: [92708982-77af-4318-be25-57ccb0ff69ad, aefcef3f-3f42-46e8-afd7-6cb2a928bd3d, a3f256c1-0e43-4f7d-9c21-121bf258101f, 084837bb-53c8-4438-87c8-0321a4d09917, f3d4d4ef-693b-4456-8eed-59c0d717dd08]]\n"",""stream"":""stdout"",""time"":""2025-06-06T09:22:44.704944741Z""}"
2025-06-06T09:22:44.696492331Z,1674984164696492331,33.33.33.76,ts-basic-service-5dc8d4f9fd-46997,server,6958390a47b9cbde1f1575e735e9afae,4c6644ac51f83321,"{""log"":""17:22:44.696 INFO  f.m.s.BasicServiceImpl#374 TraceID: 6958390a47b9cbde1f1575e735e9afae SpanID: 4c6644ac51f83321 [queryTrainTypeByNames][Query Train Type][Train Type names: [DongCheOne, GaoTieOne, GaoTieTwo]]\n"",""stream"":""stdout"",""time"":""2025-06-06T09:22:44.696492331Z""}"
2025-06-06T09:22:44.691208382Z,1674984164691208382,33.33.33.76,ts-basic-service-5dc8d4f9fd-46997,server,6958390a47b9cbde1f1575e735e9afae,4c6644ac51f83321,"{""log"":""17:22:44.691 INFO  f.m.s.BasicServiceImpl#343 TraceID: 6958390a47b9cbde1f1575e735e9afae SpanID: 4c6644ac51f83321 [checkStationsExists][Check Stations Exists][stationNames: [suzhou, shanghai]]\n"",""stream"":""stdout"",""time"":""2025-06-06T09:22:44.691208382Z""}"
2025-06-06T09:22:44.691106659Z,1674984164691106659,33.33.33.76,ts-basic-service-5dc8d4f9fd-46997,server,6958390a47b9cbde1f1575e735e9afae,4c6644ac51f83321,"{""log"":""17:22:44.690 INFO  f.m.c.BasicController#45 TraceID: 6958390a47b9cbde1f1575e735e9afae SpanID: 4c6644ac51f83321 [queryForTravels][Query for travels][Travels: [Travel(trip=Trip(id=015fd636-861e-4714-9347-2efbb1a98f37, tripId=G1234, trainTypeName=GaoTieOne, routeId=92708982-77af-4318-be25-57ccb0ff69ad, startStationName=shanghai, stationsName=suzhou, terminalStationName=taiyuan, startTime=2013-05-04 09:00:00, endTime=2013-05-04 15:51:52), startPlace=suzhou, endPlace=shanghai, departureTime=2023-01-29 15:38:06), Travel(trip=Trip(id=38893061-3fd2-4ac4-bbc9-f0d727f83d6f, tripId=G1235, trainTypeName=GaoTieOne, routeId=aefcef3f-3f42-46e8-afd7-6cb2a928bd3d, startStationName=shanghai, stationsName=suzhou, terminalStationName=taiyuan, startTime=2013-05-04 12:00:00, endTime=2013-05-04 17:51:52), startPlace=suzhou, endPlace=shanghai, departureTime=2023-01-29 15:38:06), Travel(trip=Trip(id=cfcf2553-3371-42c5-b583-a3c4bb8ef505, tripId=G1236, trainTypeName=GaoTieOne, routeId=a3f256c1-0e43-4f7d-9c21-121bf258101f, startStationName=shanghai, stationsName=suzhou, terminalStationName=taiyuan, startTime=2013-05-04 14:00:00, endTime=2013-05-04 20:51:52), startPlace=suzhou, endPlace=shanghai, departureTime=2023-01-29 15:38:06), Travel(trip=Trip(id=a71c2e28-22c2-4b7f-90cf-715a7f4b35b4, tripId=G1237, trainTypeName=GaoTieTwo, routeId=084837bb-53c8-4438-87c8-0321a4d09917, startStationName=shanghai, stationsName=suzhou, terminalStationName=taiyuan, startTime=2013-05-04 08:00:00, endTime=2013-05-04 17:21:52), startPlace=suzhou, endPlace=shanghai, departureTime=2023-01-29 15:38:06), Travel(trip=Trip(id=465eec52-1bc7-4d8b-8c38-e8f210bb3a77, tripId=D1345, trainTypeName=DongCheOne, routeId=f3d4d4ef-693b-4456-8eed-59c0d717dd08, startStationName=shanghai, stationsName=suzhou, terminalStationName=taiyuan, startTime=2013-05-04 07:00:00, endTime=2013-05-04 19:59:52), startPlace=suzhou, endPlace=shanghai, departureTime=2023-01-29 15:38:06)]]\n"",""stream"":""stdout"",""time"":""2025-06-06T09:22:44.691106659Z""}"
2025-06-06T09:22:29.880684203Z,1674984149880684203,33.33.33.116,ts-travel-service-64469b5b48-25zj6,server,9629696e0afb880313544117a92d1985,d1c46d0663056e85,"{""log"":""17:22:29.880 INFO  t.s.TravelServiceImpl#457 TraceID: 9629696e0afb880313544117a92d1985 SpanID: d1c46d0663056e85 [getTickets][Calculate distance][calculate time：16  time: Sat May 04 07:16:00 CST 2013]\n"",""stream"":""stdout"",""time"":""2025-06-06T09:22:29.880684203Z""}"
2025-06-06T09:22:29.88055592Z,1674984149880555920,33.33.33.116,ts-travel-service-64469b5b48-25zj6,server,9629696e0afb880313544117a92d1985,d1c46d0663056e85,"{""log"":""17:22:29.880 INFO  t.s.TravelServiceImpl#451 TraceID: 9629696e0afb880313544117a92d1985 SpanID: d1c46d0663056e85 [getTickets][Calculate distance][calculate time：0  time: Sat May 04 07:00:00 CST 2013]\n"",""stream"":""stdout"",""time"":""2025-06-06T09:22:29.88055592Z""}"
2025-06-06T09:22:29.880381981Z,1674984149880381981,33.33.33.116,ts-travel-service-64469b5b48-25zj6,server,9629696e0afb880313544117a92d1985,d1c46d0663056e85,"{""log"":""17:22:29.880 INFO  t.s.TravelServiceImpl#558 TraceID: 9629696e0afb880313544117a92d1985 SpanID: d1c46d0663056e85 [getRestTicketNumber][Get Rest tickets num][num is: Response(status=1, msg=Get Left Ticket of Internal Success, data=1073741823)]\n"",""stream"":""stdout"",""time"":""2025-06-06T09:22:29.880381981Z""}"
2025-06-06T09:22:29.854087828Z,1674984149854087828,33.33.33.116,ts-travel-service-64469b5b48-25zj6,server,9629696e0afb880313544117a92d1985,d1c46d0663056e85,"{""log"":""17:22:29.853 INFO  t.s.TravelServiceImpl#548 TraceID: 9629696e0afb880313544117a92d1985 SpanID: d1c46d0663056e85 [getRestTicketNumber][Seat request][request: Seat(travelDate=2023-01-29 15:38:06, trainNumber=D1345, startStation=shanghai, destStation=suzhou, seatType=3, totalNum=2147483647, stations=[shanghai, suzhou])]\n"",""stream"":""stdout"",""time"":""2025-06-06T09:22:29.854087828Z""}"
2025-06-06T09:22:29.853989082Z,1674984149853989082,33.33.33.116,ts-travel-service-64469b5b48-25zj6,server,9629696e0afb880313544117a92d1985,d1c46d0663056e85,"{""log"":""17:22:29.853 INFO  t.s.TravelServiceImpl#558 TraceID: 9629696e0afb880313544117a92d1985 SpanID: d1c46d0663056e85 [getRestTicketNumber][Get Rest tickets num][num is: Response(status=1, msg=Get Left Ticket of Internal Success, data=1073741823)]\n"",""stream"":""stdout"",""time"":""2025-06-06T09:22:29.853989082Z""}"
2025-06-06T09:22:29.601955466Z,1674984149601955466,33.33.33.116,ts-travel-service-64469b5b48-25zj6,server,9629696e0afb880313544117a92d1985,d1c46d0663056e85,"{""log"":""17:22:29.601 INFO  t.s.TravelServiceImpl#548 TraceID: 9629696e0afb880313544117a92d1985 SpanID: d1c46d0663056e85 [getRestTicketNumber][Seat request][request: Seat(travelDate=2023-01-29 15:38:06, trainNumber=D1345, startStation=shanghai, destStation=suzhou, seatType=2, totalNum=2147483647, stations=[shanghai, suzhou])]\n"",""stream"":""stdout"",""time"":""2025-06-06T09:22:29.601955466Z""}"
2025-06-06T09:22:29.249732794Z,1674984149249732794,33.33.33.116,ts-travel-service-64469b5b48-25zj6,server,9629696e0afb880313544117a92d1985,d1c46d0663056e85,"{""log"":""17:22:29.249 INFO  t.s.TravelServiceImpl#343 TraceID: 9629696e0afb880313544117a92d1985 SpanID: d1c46d0663056e85 [getTicketsByBatch][before get basic][trips: [Trip(id=015fd636-861e-4714-9347-2efbb1a98f37, tripId=G1234, trainTypeName=GaoTieOne, routeId=92708982-77af-4318-be25-57ccb0ff69ad, startStationName=shanghai, stationsName=suzhou, terminalStationName=taiyuan, startTime=2013-05-04 09:00:00, endTime=2013-05-04 15:51:52), Trip(id=38893061-3fd2-4ac4-bbc9-f0d727f83d6f, tripId=G1235, trainTypeName=GaoTieOne, routeId=aefcef3f-3f42-46e8-afd7-6cb2a928bd3d, startStationName=shanghai, stationsName=suzhou, terminalStationName=taiyuan, startTime=2013-05-04 12:00:00, endTime=2013-05-04 17:51:52), Trip(id=cfcf2553-3371-42c5-b583-a3c4bb8ef505, tripId=G1236, trainTypeName=GaoTieOne, routeId=a3f256c1-0e43-4f7d-9c21-121bf258101f, startStationName=shanghai, stationsName=suzhou, terminalStationName=taiyuan, startTime=2013-05-04 14:00:00, endTime=2013-05-04 20:51:52), Trip(id=a71c2e28-22c2-4b7f-90cf-715a7f4b35b4, tripId=G1237, trainTypeName=GaoTieTwo, routeId=084837bb-53c8-4438-87c8-0321a4d09917, startStationName=shanghai, stationsName=suzhou, terminalStationName=taiyuan, startTime=2013-05-04 08:00:00, endTime=2013-05-04 17:21:52), Trip(id=465eec52-1bc7-4d8b-8c38-e8f210bb3a77, tripId=D1345, trainTypeName=DongCheOne, routeId=f3d4d4ef-693b-4456-8eed-59c0d717dd08, startStationName=shanghai, stationsName=suzhou, terminalStationName=taiyuan, startTime=2013-05-04 07:00:00, endTime=2013-05-04 19:59:52)]]\n"",""stream"":""stdout"",""time"":""2025-06-06T09:22:29.249732794Z""}"
2025-06-06T09:22:29.249544351Z,1674984149249544351,33.33.33.116,ts-travel-service-64469b5b48-25zj6,server,9629696e0afb880313544117a92d1985,d1c46d0663056e85,"{""log"":""17:22:29.249 INFO  t.s.TravelServiceImpl#487 TraceID: 9629696e0afb880313544117a92d1985 SpanID: d1c46d0663056e85 [departrue date][y: 2023][m:0][d: 29]\n"",""stream"":""stdout"",""time"":""2025-06-06T09:22:29.249544351Z""}"
2025-06-06T09:22:29.24941324Z,1674984149249413240,33.33.33.116,ts-travel-service-64469b5b48-25zj6,server,9629696e0afb880313544117a92d1985,d1c46d0663056e85,"{""log"":""17:22:29.249 INFO  t.s.TravelServiceImpl#486 TraceID: 9629696e0afb880313544117a92d1985 SpanID: d1c46d0663056e85 [today date][y: 2023][m:0][d: 29]\n"",""stream"":""stdout"",""time"":""2025-06-06T09:22:29.24941324Z""}"
2025-06-06T09:22:29.247219764Z,1674984149247219764,33.33.33.116,ts-travel-service-64469b5b48-25zj6,server,9629696e0afb880313544117a92d1985,d1c46d0663056e85,"{""log"":""17:22:29.246 INFO  t.c.TravelController#122 TraceID: 9629696e0afb880313544117a92d1985 SpanID: d1c46d0663056e85 [query][Query TripResponse]\n"",""stream"":""stdout"",""time"":""2025-06-06T09:22:29.247219764Z""}"
2025-06-06T09:22:29.302813229Z,1674984149302813229,33.33.33.79,ts-train-service-86f5f97bc9-dkqmf,server,9629696e0afb880313544117a92d1985,d8747305c18c0ae6,"{""log"":""17:22:29.301 INFO  t.c.TrainController#72 TraceID: 9629696e0afb880313544117a92d1985 SpanID: d8747305c18c0ae6 [retrieveByNames][Retrieve train][TrainTypeNames: [DongCheOne, GaoTieOne, GaoTieTwo]]\n"",""stream"":""stdout"",""time"":""2025-06-06T09:22:29.302813229Z""}"
2025-06-06T09:22:29.268365941Z,1674984149268365941,33.33.33.76,ts-station-service-7f4f5f6f77-5qb6j,server,9629696e0afb880313544117a92d1985,9e069ffac15d2a7c,"{""log"":""17:22:29.266 INFO  f.m.c.StationController#71 TraceID: 9629696e0afb880313544117a92d1985 SpanID: 9e069ffac15d2a7c [queryForIdBatch][Query stations for id batch][StationNameNumbers: 2]\n"",""stream"":""stdout"",""time"":""2025-06-06T09:22:29.268365941Z""}"
2025-06-06T09:22:29.878983613Z,1674984149878983613,33.33.33.82,ts-seat-service-5c95b49cff-tdsdz,server,9629696e0afb880313544117a92d1985,0ccf8c7beef2a178,"{""log"":""17:22:29.878 INFO  s.s.SeatServiceImpl#217 TraceID: 9629696e0afb880313544117a92d1985 SpanID: 0ccf8c7beef2a178 [getDirectProportion][Configs is : Config(name=DirectTicketAllocationProportion, value=0.5, description=Allocation Proportion Of The Direct Ticket - From Start To End)]\n"",""stream"":""stdout"",""time"":""2025-06-06T09:22:29.878983613Z""}"
2025-06-06T09:22:29.872895733Z,1674984149872895733,33.33.33.82,ts-seat-service-5c95b49cff-tdsdz,server,9629696e0afb880313544117a92d1985,0ccf8c7beef2a178,"{""log"":""17:22:29.872 INFO  s.s.SeatServiceImpl#151 TraceID: 9629696e0afb880313544117a92d1985 SpanID: 0ccf8c7beef2a178 [getLeftTicketOfInterval][Get Order tickets result][result is \u003c200,Response(status=0, msg=Order is Null., data=null),[vary:\""Origin,Access-Control-Request-Method,Access-Control-Request-Headers\"", x-content-type-options:\""nosniff\"", x-xss-protection:\""1; mode=block\"", cache-control:\""no-cache, no-store, max-age=0, must-revalidate\"", pragma:\""no-cache\"", expires:\""0\"", x-frame-options:\""DENY\"", content-type:\""application/json\"", date:\""Sun, 29 Jan 2023 09:22:29 GMT\"", x-envoy-upstream-service-time:\""11\"", server:\""envoy\"", transfer-encoding:\""chunked\""]\u003e]\n"",""stream"":""stdout"",""time"":""2025-06-06T09:22:29.872895733Z""}"
2025-06-06T09:22:29.859127295Z,1674984149859127295,33.33.33.82,ts-seat-service-5c95b49cff-tdsdz,server,9629696e0afb880313544117a92d1985,0ccf8c7beef2a178,"{""log"":""17:22:29.858 INFO  s.s.SeatServiceImpl#139 TraceID: 9629696e0afb880313544117a92d1985 SpanID: 0ccf8c7beef2a178 [getLeftTicketOfInterval][TrainNumber start with G|D][trainNumber:D1345]\n"",""stream"":""stdout"",""time"":""2025-06-06T09:22:29.859127295Z""}"
2025-06-06T09:22:29.858712012Z,1674984149858712012,33.33.33.82,ts-seat-service-5c95b49cff-tdsdz,server,9629696e0afb880313544117a92d1985,0ccf8c7beef2a178,"{""log"":""17:22:29.858 INFO  s.s.SeatServiceImpl#137 TraceID: 9629696e0afb880313544117a92d1985 SpanID: 0ccf8c7beef2a178 [getLeftTicketOfInterval][Seat request][request:Seat(travelDate=2023-01-29 15:38:06, trainNumber=D1345, startStation=shanghai, destStation=suzhou, seatType=3, totalNum=2147483647, stations=[shanghai, suzhou])]\n"",""stream"":""stdout"",""time"":""2025-06-06T09:22:29.858712012Z""}"
2025-06-06T09:22:29.858339729Z,1674984149858339729,33.33.33.82,ts-seat-service-5c95b49cff-tdsdz,server,9629696e0afb880313544117a92d1985,0ccf8c7beef2a178,"{""log"":""17:22:29.857 INFO  s.c.SeatController#57 TraceID: 9629696e0afb880313544117a92d1985 SpanID: 0ccf8c7beef2a178 [getLeftTicketOfInterval][Get left ticket of interval][TravelDate: 2023-01-29 15:38:06,TrainNumber: D1345,SeatType: 3]\n"",""stream"":""stdout"",""time"":""2025-06-06T09:22:29.858339729Z""}"
2025-06-06T09:22:29.85194404Z,1674984149851944040,33.33.33.82,ts-seat-service-5c95b49cff-tdsdz,server,9629696e0afb880313544117a92d1985,546e643b1fa62e2c,"{""log"":""17:22:29.851 INFO  s.s.SeatServiceImpl#217 TraceID: 9629696e0afb880313544117a92d1985 SpanID: 546e643b1fa62e2c [getDirectProportion][Configs is : Config(name=DirectTicketAllocationProportion, value=0.5, description=Allocation Proportion Of The Direct Ticket - From Start To End)]\n"",""stream"":""stdout"",""time"":""2025-06-06T09:22:29.85194404Z""}"
2025-06-06T09:22:29.844916978Z,1674984149844916978,33.33.33.82,ts-seat-service-5c95b49cff-tdsdz,server,9629696e0afb880313544117a92d1985,546e643b1fa62e2c,"{""log"":""17:22:29.844 INFO  s.s.SeatServiceImpl#151 TraceID: 9629696e0afb880313544117a92d1985 SpanID: 546e643b1fa62e2c [getLeftTicketOfInterval][Get Order tickets result][result is \u003c200,Response(status=0, msg=Order is Null., data=null),[vary:\""Origin,Access-Control-Request-Method,Access-Control-Request-Headers\"", x-content-type-options:\""nosniff\"", x-xss-protection:\""1; mode=block\"", cache-control:\""no-cache, no-store, max-age=0, must-revalidate\"", pragma:\""no-cache\"", expires:\""0\"", x-frame-options:\""DENY\"", content-type:\""application/json\"", date:\""Sun, 29 Jan 2023 09:22:29 GMT\"", x-envoy-upstream-service-time:\""13\"", server:\""envoy\"", transfer-encoding:\""chunked\""]\u003e]\n"",""stream"":""stdout"",""time"":""2025-06-06T09:22:29.844916978Z""}"
2025-06-06T09:22:29.826491181Z,1674984149826491181,33.33.33.82,ts-seat-service-5c95b49cff-tdsdz,server,9629696e0afb880313544117a92d1985,546e643b1fa62e2c,"{""log"":""17:22:29.826 INFO  s.s.SeatServiceImpl#139 TraceID: 9629696e0afb880313544117a92d1985 SpanID: 546e643b1fa62e2c [getLeftTicketOfInterval][TrainNumber start with G|D][trainNumber:D1345]\n"",""stream"":""stdout"",""time"":""2025-06-06T09:22:29.826491181Z""}"
2025-06-06T09:22:29.82617765Z,1674984149826177650,33.33.33.82,ts-seat-service-5c95b49cff-tdsdz,server,9629696e0afb880313544117a92d1985,546e643b1fa62e2c,"{""log"":""17:22:29.825 INFO  s.s.SeatServiceImpl#137 TraceID: 9629696e0afb880313544117a92d1985 SpanID: 546e643b1fa62e2c [getLeftTicketOfInterval][Seat request][request:Seat(travelDate=2023-01-29 15:38:06, trainNumber=D1345, startStation=shanghai, destStation=suzhou, seatType=2, totalNum=2147483647, stations=[shanghai, suzhou])]\n"",""stream"":""stdout"",""time"":""2025-06-06T09:22:29.82617765Z""}"
2025-06-06T09:22:29.825703815Z,1674984149825703815,33.33.33.82,ts-seat-service-5c95b49cff-tdsdz,server,9629696e0afb880313544117a92d1985,546e643b1fa62e2c,"{""log"":""17:22:29.824 INFO  s.c.SeatController#57 TraceID: 9629696e0afb880313544117a92d1985 SpanID: 546e643b1fa62e2c [getLeftTicketOfInterval][Get left ticket of interval][TravelDate: 2023-01-29 15:38:06,TrainNumber: D1345,SeatType: 2]\n"",""stream"":""stdout"",""time"":""2025-06-06T09:22:29.825703815Z""}"
2025-06-06T09:22:29.322018146Z,1674984149322018146,33.33.33.80,ts-route-service-b6c59fb57-zv8dt,server,9629696e0afb880313544117a92d1985,ed25035912f11913,"{""log"":""17:22:29.320 INFO  r.c.RouteController#53 TraceID: 9629696e0afb880313544117a92d1985 SpanID: ed25035912f11913 [getRouteById][Query route by id][RouteId: [92708982-77af-4318-be25-57ccb0ff69ad, aefcef3f-3f42-46e8-afd7-6cb2a928bd3d, a3f256c1-0e43-4f7d-9c21-121bf258101f, 084837bb-53c8-4438-87c8-0321a4d09917, f3d4d4ef-693b-4456-8eed-59c0d717dd08]]\n"",""stream"":""stdout"",""time"":""2025-06-06T09:22:29.322018146Z""}"
2025-06-06T09:22:29.589765103Z,1674984149589765103,33.33.33.79,ts-price-service-76846864d9-g465z,server,9629696e0afb880313544117a92d1985,206101d8aadd2c51,"{""log"":""17:22:29.588 INFO  p.c.PriceController#46 TraceID: 9629696e0afb880313544117a92d1985 SpanID: 206101d8aadd2c51 [findByRouteIdAndTrainType][Query price][routeId and Train Type: [f3d4d4ef-693b-4456-8eed-59c0d717dd08:DongCheOne]]\n"",""stream"":""stdout"",""time"":""2025-06-06T09:22:29.589765103Z""}"
2025-06-06T09:22:29.869556115Z,1674984149869556115,33.33.33.76,ts-order-service-5b67c48447-mv5hb,server,9629696e0afb880313544117a92d1985,f4761dc6fc67f894,"{""log"":""17:22:29.869 WARN  o.s.OrderServiceImpl#68 TraceID: 9629696e0afb880313544117a92d1985 SpanID: f4761dc6fc67f894 [getSoldTickets][Seat][Left ticket info is empty][seat from date: 2023-01-29 15:38:06, train number: D1345]\n"",""stream"":""stdout"",""time"":""2025-06-06T09:22:29.869556115Z""}"
2025-06-06T09:22:29.865972466Z,1674984149865972466,33.33.33.76,ts-order-service-5b67c48447-mv5hb,server,9629696e0afb880313544117a92d1985,f4761dc6fc67f894,"{""log"":""17:22:29.865 INFO  o.c.OrderController#39 TraceID: 9629696e0afb880313544117a92d1985 SpanID: f4761dc6fc67f894 [getSoldTickets][Get Sold Ticket][Travel Date: 2023-01-29 15:38:06]\n"",""stream"":""stdout"",""time"":""2025-06-06T09:22:29.865972466Z""}"
2025-06-06T09:22:29.840747499Z,1674984149840747499,33.33.33.76,ts-order-service-5b67c48447-mv5hb,server,9629696e0afb880313544117a92d1985,e62ef48bc1bcaadc,"{""log"":""17:22:29.840 WARN  o.s.OrderServiceImpl#68 TraceID: 9629696e0afb880313544117a92d1985 SpanID: e62ef48bc1bcaadc [getSoldTickets][Seat][Left ticket info is empty][seat from date: 2023-01-29 15:38:06, train number: D1345]\n"",""stream"":""stdout"",""time"":""2025-06-06T09:22:29.840747499Z""}"
2025-06-06T09:22:29.835720585Z,1674984149835720585,33.33.33.76,ts-order-service-5b67c48447-mv5hb,server,9629696e0afb880313544117a92d1985,e62ef48bc1bcaadc,"{""log"":""17:22:29.835 INFO  o.c.OrderController#39 TraceID: 9629696e0afb880313544117a92d1985 SpanID: e62ef48bc1bcaadc [getSoldTickets][Get Sold Ticket][Travel Date: 2023-01-29 15:38:06]\n"",""stream"":""stdout"",""time"":""2025-06-06T09:22:29.835720585Z""}"
2025-06-06T09:22:29.875818589Z,1674984149875818589,33.33.33.115,ts-config-service-5fcd447d84-wxwjd,server,9629696e0afb880313544117a92d1985,c5c98d9eb62c85a4,"{""log"":""17:22:29.875 INFO  c.s.ConfigServiceImpl#65 TraceID: 9629696e0afb880313544117a92d1985 SpanID: c5c98d9eb62c85a4 [query][Query config success][config name: DirectTicketAllocationProportion]\n"",""stream"":""stdout"",""time"":""2025-06-06T09:22:29.875818589Z""}"
2025-06-06T09:22:29.874954712Z,1674984149874954712,33.33.33.115,ts-config-service-5fcd447d84-wxwjd,server,9629696e0afb880313544117a92d1985,c5c98d9eb62c85a4,"{""log"":""17:22:29.874 INFO  c.c.ConfigController#67 TraceID: 9629696e0afb880313544117a92d1985 SpanID: c5c98d9eb62c85a4 [retrieve][Retrieve config][configName: DirectTicketAllocationProportion]\n"",""stream"":""stdout"",""time"":""2025-06-06T09:22:29.874954712Z""}"
2025-06-06T09:22:29.849957276Z,1674984149849957276,33.33.33.115,ts-config-service-5fcd447d84-wxwjd,server,9629696e0afb880313544117a92d1985,45e216164a17df65,"{""log"":""17:22:29.849 INFO  c.s.ConfigServiceImpl#65 TraceID: 9629696e0afb880313544117a92d1985 SpanID: 45e216164a17df65 [query][Query config success][config name: DirectTicketAllocationProportion]\n"",""stream"":""stdout"",""time"":""2025-06-06T09:22:29.849957276Z""}"
2025-06-06T09:22:29.84875197Z,1674984149848751970,33.33.33.115,ts-config-service-5fcd447d84-wxwjd,server,9629696e0afb880313544117a92d1985,45e216164a17df65,"{""log"":""17:22:29.848 INFO  c.c.ConfigController#67 TraceID: 9629696e0afb880313544117a92d1985 SpanID: 45e216164a17df65 [retrieve][Retrieve config][configName: DirectTicketAllocationProportion]\n"",""stream"":""stdout"",""time"":""2025-06-06T09:22:29.84875197Z""}"
2025-06-06T09:22:29.599590987Z,1674984149599590987,33.33.33.76,ts-basic-service-5dc8d4f9fd-46997,server,9629696e0afb880313544117a92d1985,1343be6ff7ccacef,"{""log"":""17:22:29.599 INFO  f.m.s.BasicServiceImpl#320 TraceID: 9629696e0afb880313544117a92d1985 SpanID: 1343be6ff7ccacef [queryForTravels][all done][result map: {D1345=TravelResult(status=true, percent=1.0, trainType=TrainType(id=a14b45f8-64d9-4e40-9d78-5152f726ba8d, name=DongCheOne, economyClass=2147483647, confortClass=2147483647, averageSpeed=180), route=Route(id=f3d4d4ef-693b-4456-8eed-59c0d717dd08, stations=[shanghai, suzhou], distances=[0, 50], startStation=shanghai, endStation=suzhou), prices={confortClass=50.0, economyClass=22.5})}]\n"",""stream"":""stdout"",""time"":""2025-06-06T09:22:29.599590987Z""}"
2025-06-06T09:22:29.599421768Z,1674984149599421768,33.33.33.76,ts-basic-service-5dc8d4f9fd-46997,server,9629696e0afb880313544117a92d1985,1343be6ff7ccacef,"{""log"":""17:22:29.598 INFO  f.m.s.BasicServiceImpl#481 TraceID: 9629696e0afb880313544117a92d1985 SpanID: 1343be6ff7ccacef [queryPriceConfigByRouteIdsAndTrainTypes][Get Price Config by routeId and trainType][Success][priceConfigs: {f3d4d4ef-693b-4456-8eed-59c0d717dd08:DongCheOne={id=d5c4523a-827c-468c-95be-e9024a40572e, trainType=DongCheOne, routeId=f3d4d4ef-693b-4456-8eed-59c0d717dd08, basicPriceRate=0.45, firstClassPriceRate=1.0}}]\n"",""stream"":""stdout"",""time"":""2025-06-06T09:22:29.599421768Z""}"
2025-06-06T09:22:29.355395721Z,1674984149355395721,33.33.33.76,ts-basic-service-5dc8d4f9fd-46997,server,9629696e0afb880313544117a92d1985,1343be6ff7ccacef,"{""log"":""17:22:29.355 INFO  f.m.s.BasicServiceImpl#459 TraceID: 9629696e0afb880313544117a92d1985 SpanID: 1343be6ff7ccacef [queryPriceConfigByRouteIdsAndTrainTypes][Query For Price Config][RouteId and TrainType: [f3d4d4ef-693b-4456-8eed-59c0d717dd08:DongCheOne]]\n"",""stream"":""stdout"",""time"":""2025-06-06T09:22:29.355395721Z""}"
2025-06-06T09:22:29.35486409Z,1674984149354864090,33.33.33.76,ts-basic-service-5dc8d4f9fd-46997,server,9629696e0afb880313544117a92d1985,1343be6ff7ccacef,"{""log"":""17:22:29.354 ERROR  f.m.s.BasicServiceImpl#415 TraceID: 9629696e0afb880313544117a92d1985 SpanID: 1343be6ff7ccacef [getRoutesByRouteIds][Get Route By Ids Failed]\n"",""stream"":""stdout"",""time"":""2025-06-06T09:22:29.35486409Z""}"
2025-06-06T09:22:29.315423932Z,1674984149315423932,33.33.33.76,ts-basic-service-5dc8d4f9fd-46997,server,9629696e0afb880313544117a92d1985,1343be6ff7ccacef,"{""log"":""17:22:29.315 INFO  f.m.s.BasicServiceImpl#405 TraceID: 9629696e0afb880313544117a92d1985 SpanID: 1343be6ff7ccacef [getRoutesByRouteIds][Get Route By Ids][Route IDs: [92708982-77af-4318-be25-57ccb0ff69ad, aefcef3f-3f42-46e8-afd7-6cb2a928bd3d, a3f256c1-0e43-4f7d-9c21-121bf258101f, 084837bb-53c8-4438-87c8-0321a4d09917, f3d4d4ef-693b-4456-8eed-59c0d717dd08]]\n"",""stream"":""stdout"",""time"":""2025-06-06T09:22:29.315423932Z""}"
2025-06-06T09:22:29.279215914Z,1674984149279215914,33.33.33.76,ts-basic-service-5dc8d4f9fd-46997,server,9629696e0afb880313544117a92d1985,1343be6ff7ccacef,"{""log"":""17:22:29.278 INFO  f.m.s.BasicServiceImpl#374 TraceID: 9629696e0afb880313544117a92d1985 SpanID: 1343be6ff7ccacef [queryTrainTypeByNames][Query Train Type][Train Type names: [DongCheOne, GaoTieOne, GaoTieTwo]]\n"",""stream"":""stdout"",""time"":""2025-06-06T09:22:29.279215914Z""}"
2025-06-06T09:22:29.262651799Z,1674984149262651799,33.33.33.76,ts-basic-service-5dc8d4f9fd-46997,server,9629696e0afb880313544117a92d1985,1343be6ff7ccacef,"{""log"":""17:22:29.262 INFO  f.m.s.BasicServiceImpl#343 TraceID: 9629696e0afb880313544117a92d1985 SpanID: 1343be6ff7ccacef [checkStationsExists][Check Stations Exists][stationNames: [suzhou, shanghai]]\n"",""stream"":""stdout"",""time"":""2025-06-06T09:22:29.262651799Z""}"
2025-06-06T09:22:29.262560417Z,1674984149262560417,33.33.33.76,ts-basic-service-5dc8d4f9fd-46997,server,9629696e0afb880313544117a92d1985,1343be6ff7ccacef,"{""log"":""17:22:29.261 INFO  f.m.c.BasicController#45 TraceID: 9629696e0afb880313544117a92d1985 SpanID: 1343be6ff7ccacef [queryForTravels][Query for travels][Travels: [Travel(trip=Trip(id=015fd636-861e-4714-9347-2efbb1a98f37, tripId=G1234, trainTypeName=GaoTieOne, routeId=92708982-77af-4318-be25-57ccb0ff69ad, startStationName=shanghai, stationsName=suzhou, terminalStationName=taiyuan, startTime=2013-05-04 09:00:00, endTime=2013-05-04 15:51:52), startPlace=shanghai, endPlace=suzhou, departureTime=2023-01-29 15:38:06), Travel(trip=Trip(id=38893061-3fd2-4ac4-bbc9-f0d727f83d6f, tripId=G1235, trainTypeName=GaoTieOne, routeId=aefcef3f-3f42-46e8-afd7-6cb2a928bd3d, startStationName=shanghai, stationsName=suzhou, terminalStationName=taiyuan, startTime=2013-05-04 12:00:00, endTime=2013-05-04 17:51:52), startPlace=shanghai, endPlace=suzhou, departureTime=2023-01-29 15:38:06), Travel(trip=Trip(id=cfcf2553-3371-42c5-b583-a3c4bb8ef505, tripId=G1236, trainTypeName=GaoTieOne, routeId=a3f256c1-0e43-4f7d-9c21-121bf258101f, startStationName=shanghai, stationsName=suzhou, terminalStationName=taiyuan, startTime=2013-05-04 14:00:00, endTime=2013-05-04 20:51:52), startPlace=shanghai, endPlace=suzhou, departureTime=2023-01-29 15:38:06), Travel(trip=Trip(id=a71c2e28-22c2-4b7f-90cf-715a7f4b35b4, tripId=G1237, trainTypeName=GaoTieTwo, routeId=084837bb-53c8-4438-87c8-0321a4d09917, startStationName=shanghai, stationsName=suzhou, terminalStationName=taiyuan, startTime=2013-05-04 08:00:00, endTime=2013-05-04 17:21:52), startPlace=shanghai, endPlace=suzhou, departureTime=2023-01-29 15:38:06), Travel(trip=Trip(id=465eec52-1bc7-4d8b-8c38-e8f210bb3a77, tripId=D1345, trainTypeName=DongCheOne, routeId=f3d4d4ef-693b-4456-8eed-59c0d717dd08, startStationName=shanghai, stationsName=suzhou, terminalStationName=taiyuan, startTime=2013-05-04 07:00:00, endTime=2013-05-04 19:59:52), startPlace=shanghai, endPlace=suzhou, departureTime=2023-01-29 15:38:06)]]\n"",""stream"":""stdout"",""time"":""2025-06-06T09:22:29.262560417Z""}"
2025-06-06T09:23:00.732132135Z,1674984180732132135,33.33.33.116,ts-travel-service-64469b5b48-25zj6,server,56d09a3249ec2dc4adc3e40af9c13af1,670efb43f2da52dd,"{""log"":""17:23:00.731 INFO  t.s.TravelServiceImpl#457 TraceID: 56d09a3249ec2dc4adc3e40af9c13af1 SpanID: 670efb43f2da52dd [getTickets][Calculate distance][calculate time：60  time: Sat May 04 10:00:00 CST 2013]\n"",""stream"":""stdout"",""time"":""2025-06-06T09:23:00.732132135Z""}"
2025-06-06T09:23:00.731964961Z,1674984180731964961,33.33.33.116,ts-travel-service-64469b5b48-25zj6,server,56d09a3249ec2dc4adc3e40af9c13af1,670efb43f2da52dd,"{""log"":""17:23:00.731 INFO  t.s.TravelServiceImpl#451 TraceID: 56d09a3249ec2dc4adc3e40af9c13af1 SpanID: 670efb43f2da52dd [getTickets][Calculate distance][calculate time：0  time: Sat May 04 09:00:00 CST 2013]\n"",""stream"":""stdout"",""time"":""2025-06-06T09:23:00.731964961Z""}"
2025-06-06T09:23:00.731795663Z,1674984180731795663,33.33.33.116,ts-travel-service-64469b5b48-25zj6,server,56d09a3249ec2dc4adc3e40af9c13af1,670efb43f2da52dd,"{""log"":""17:23:00.731 INFO  t.s.TravelServiceImpl#558 TraceID: 56d09a3249ec2dc4adc3e40af9c13af1 SpanID: 670efb43f2da52dd [getRestTicketNumber][Get Rest tickets num][num is: Response(status=1, msg=Get Left Ticket of Internal Success, data=1073741823)]\n"",""stream"":""stdout"",""time"":""2025-06-06T09:23:00.731795663Z""}"
2025-06-06T09:23:00.716809536Z,1674984180716809536,33.33.33.116,ts-travel-service-64469b5b48-25zj6,server,56d09a3249ec2dc4adc3e40af9c13af1,670efb43f2da52dd,"{""log"":""17:23:00.716 INFO  t.s.TravelServiceImpl#548 TraceID: 56d09a3249ec2dc4adc3e40af9c13af1 SpanID: 670efb43f2da52dd [getRestTicketNumber][Seat request][request: Seat(travelDate=2023-01-29 15:38:06, trainNumber=G1234, startStation=nanjing, destStation=shanghai, seatType=3, totalNum=2147483647, stations=[nanjing, zhenjiang, wuxi, suzhou, shanghai])]\n"",""stream"":""stdout"",""time"":""2025-06-06T09:23:00.716809536Z""}"
2025-06-06T09:23:00.71667268Z,1674984180716672680,33.33.33.116,ts-travel-service-64469b5b48-25zj6,server,56d09a3249ec2dc4adc3e40af9c13af1,670efb43f2da52dd,"{""log"":""17:23:00.716 INFO  t.s.TravelServiceImpl#558 TraceID: 56d09a3249ec2dc4adc3e40af9c13af1 SpanID: 670efb43f2da52dd [getRestTicketNumber][Get Rest tickets num][num is: Response(status=1, msg=Get Left Ticket of Internal Success, data=1073741823)]\n"",""stream"":""stdout"",""time"":""2025-06-06T09:23:00.71667268Z""}"
2025-06-06T09:23:00.688929056Z,1674984180688929056,33.33.33.116,ts-travel-service-64469b5b48-25zj6,server,56d09a3249ec2dc4adc3e40af9c13af1,670efb43f2da52dd,"{""log"":""17:23:00.688 INFO  t.s.TravelServiceImpl#548 TraceID: 56d09a3249ec2dc4adc3e40af9c13af1 SpanID: 670efb43f2da52dd [getRestTicketNumber][Seat request][request: Seat(travelDate=2023-01-29 15:38:06, trainNumber=G1234, startStation=nanjing, destStation=shanghai, seatType=2, totalNum=2147483647, stations=[nanjing, zhenjiang, wuxi, suzhou, shanghai])]\n"",""stream"":""stdout"",""time"":""2025-06-06T09:23:00.688929056Z""}"
2025-06-06T09:23:00.688787853Z,1674984180688787853,33.33.33.116,ts-travel-service-64469b5b48-25zj6,server,56d09a3249ec2dc4adc3e40af9c13af1,670efb43f2da52dd,"{""log"":""17:23:00.688 INFO  t.s.TravelServiceImpl#457 TraceID: 56d09a3249ec2dc4adc3e40af9c13af1 SpanID: 670efb43f2da52dd [getTickets][Calculate distance][calculate time：60  time: Sat May 04 13:00:00 CST 2013]\n"",""stream"":""stdout"",""time"":""2025-06-06T09:23:00.688787853Z""}"
2025-06-06T09:23:00.688643186Z,1674984180688643186,33.33.33.116,ts-travel-service-64469b5b48-25zj6,server,56d09a3249ec2dc4adc3e40af9c13af1,670efb43f2da52dd,"{""log"":""17:23:00.688 INFO  t.s.TravelServiceImpl#451 TraceID: 56d09a3249ec2dc4adc3e40af9c13af1 SpanID: 670efb43f2da52dd [getTickets][Calculate distance][calculate time：0  time: Sat May 04 12:00:00 CST 2013]\n"",""stream"":""stdout"",""time"":""2025-06-06T09:23:00.688643186Z""}"
2025-06-06T09:23:00.688487221Z,1674984180688487221,33.33.33.116,ts-travel-service-64469b5b48-25zj6,server,56d09a3249ec2dc4adc3e40af9c13af1,670efb43f2da52dd,"{""log"":""17:23:00.688 INFO  t.s.TravelServiceImpl#558 TraceID: 56d09a3249ec2dc4adc3e40af9c13af1 SpanID: 670efb43f2da52dd [getRestTicketNumber][Get Rest tickets num][num is: Response(status=1, msg=Get Left Ticket of Internal Success, data=1073741823)]\n"",""stream"":""stdout"",""time"":""2025-06-06T09:23:00.688487221Z""}"
2025-06-06T09:23:00.673867143Z,1674984180673867143,33.33.33.116,ts-travel-service-64469b5b48-25zj6,server,56d09a3249ec2dc4adc3e40af9c13af1,670efb43f2da52dd,"{""log"":""17:23:00.673 INFO  t.s.TravelServiceImpl#548 TraceID: 56d09a3249ec2dc4adc3e40af9c13af1 SpanID: 670efb43f2da52dd [getRestTicketNumber][Seat request][request: Seat(travelDate=2023-01-29 15:38:06, trainNumber=G1235, startStation=nanjing, destStation=shanghai, seatType=3, totalNum=2147483647, stations=[nanjing, shanghai])]\n"",""stream"":""stdout"",""time"":""2025-06-06T09:23:00.673867143Z""}"
2025-06-06T09:23:00.673739488Z,1674984180673739488,33.33.33.116,ts-travel-service-64469b5b48-25zj6,server,56d09a3249ec2dc4adc3e40af9c13af1,670efb43f2da52dd,"{""log"":""17:23:00.673 INFO  t.s.TravelServiceImpl#558 TraceID: 56d09a3249ec2dc4adc3e40af9c13af1 SpanID: 670efb43f2da52dd [getRestTicketNumber][Get Rest tickets num][num is: Response(status=1, msg=Get Left Ticket of Internal Success, data=1073741823)]\n"",""stream"":""stdout"",""time"":""2025-06-06T09:23:00.673739488Z""}"
2025-06-06T09:23:00.659100647Z,1674984180659100647,33.33.33.116,ts-travel-service-64469b5b48-25zj6,server,56d09a3249ec2dc4adc3e40af9c13af1,670efb43f2da52dd,"{""log"":""17:23:00.658 INFO  t.s.TravelServiceImpl#548 TraceID: 56d09a3249ec2dc4adc3e40af9c13af1 SpanID: 670efb43f2da52dd [getRestTicketNumber][Seat request][request: Seat(travelDate=2023-01-29 15:38:06, trainNumber=G1235, startStation=nanjing, destStation=shanghai, seatType=2, totalNum=2147483647, stations=[nanjing, shanghai])]\n"",""stream"":""stdout"",""time"":""2025-06-06T09:23:00.659100647Z""}"
2025-06-06T09:23:00.658933271Z,1674984180658933271,33.33.33.116,ts-travel-service-64469b5b48-25zj6,server,56d09a3249ec2dc4adc3e40af9c13af1,670efb43f2da52dd,"{""log"":""17:23:00.658 INFO  t.s.TravelServiceImpl#457 TraceID: 56d09a3249ec2dc4adc3e40af9c13af1 SpanID: 670efb43f2da52dd [getTickets][Calculate distance][calculate time：60  time: Sat May 04 15:00:00 CST 2013]\n"",""stream"":""stdout"",""time"":""2025-06-06T09:23:00.658933271Z""}"
2025-06-06T09:23:00.658807058Z,1674984180658807058,33.33.33.116,ts-travel-service-64469b5b48-25zj6,server,56d09a3249ec2dc4adc3e40af9c13af1,670efb43f2da52dd,"{""log"":""17:23:00.658 INFO  t.s.TravelServiceImpl#451 TraceID: 56d09a3249ec2dc4adc3e40af9c13af1 SpanID: 670efb43f2da52dd [getTickets][Calculate distance][calculate time：0  time: Sat May 04 14:00:00 CST 2013]\n"",""stream"":""stdout"",""time"":""2025-06-06T09:23:00.658807058Z""}"
2025-06-06T09:23:00.658629501Z,1674984180658629501,33.33.33.116,ts-travel-service-64469b5b48-25zj6,server,56d09a3249ec2dc4adc3e40af9c13af1,670efb43f2da52dd,"{""log"":""17:23:00.658 INFO  t.s.TravelServiceImpl#558 TraceID: 56d09a3249ec2dc4adc3e40af9c13af1 SpanID: 670efb43f2da52dd [getRestTicketNumber][Get Rest tickets num][num is: Response(status=1, msg=Get Left Ticket of Internal Success, data=1073741823)]\n"",""stream"":""stdout"",""time"":""2025-06-06T09:23:00.658629501Z""}"
2025-06-06T09:23:00.64132213Z,1674984180641322130,33.33.33.116,ts-travel-service-64469b5b48-25zj6,server,56d09a3249ec2dc4adc3e40af9c13af1,670efb43f2da52dd,"{""log"":""17:23:00.641 INFO  t.s.TravelServiceImpl#548 TraceID: 56d09a3249ec2dc4adc3e40af9c13af1 SpanID: 670efb43f2da52dd [getRestTicketNumber][Seat request][request: Seat(travelDate=2023-01-29 15:38:06, trainNumber=G1236, startStation=nanjing, destStation=shanghai, seatType=3, totalNum=2147483647, stations=[nanjing, suzhou, shanghai])]\n"",""stream"":""stdout"",""time"":""2025-06-06T09:23:00.64132213Z""}"
2025-06-06T09:23:00.641158917Z,1674984180641158917,33.33.33.116,ts-travel-service-64469b5b48-25zj6,server,56d09a3249ec2dc4adc3e40af9c13af1,670efb43f2da52dd,"{""log"":""17:23:00.640 INFO  t.s.TravelServiceImpl#558 TraceID: 56d09a3249ec2dc4adc3e40af9c13af1 SpanID: 670efb43f2da52dd [getRestTicketNumber][Get Rest tickets num][num is: Response(status=1, msg=Get Left Ticket of Internal Success, data=1073741823)]\n"",""stream"":""stdout"",""time"":""2025-06-06T09:23:00.641158917Z""}"
2025-06-06T09:23:00.588456981Z,1674984180588456981,33.33.33.116,ts-travel-service-64469b5b48-25zj6,server,56d09a3249ec2dc4adc3e40af9c13af1,670efb43f2da52dd,"{""log"":""17:23:00.587 INFO  t.s.TravelServiceImpl#548 TraceID: 56d09a3249ec2dc4adc3e40af9c13af1 SpanID: 670efb43f2da52dd [getRestTicketNumber][Seat request][request: Seat(travelDate=2023-01-29 15:38:06, trainNumber=G1236, startStation=nanjing, destStation=shanghai, seatType=2, totalNum=2147483647, stations=[nanjing, suzhou, shanghai])]\n"",""stream"":""stdout"",""time"":""2025-06-06T09:23:00.588456981Z""}"
2025-06-06T09:23:00.541391308Z,1674984180541391308,33.33.33.116,ts-travel-service-64469b5b48-25zj6,server,56d09a3249ec2dc4adc3e40af9c13af1,670efb43f2da52dd,"{""log"":""17:23:00.541 INFO  t.s.TravelServiceImpl#343 TraceID: 56d09a3249ec2dc4adc3e40af9c13af1 SpanID: 670efb43f2da52dd [getTicketsByBatch][before get basic][trips: [Trip(id=015fd636-861e-4714-9347-2efbb1a98f37, tripId=G1234, trainTypeName=GaoTieOne, routeId=92708982-77af-4318-be25-57ccb0ff69ad, startStationName=shanghai, stationsName=suzhou, terminalStationName=taiyuan, startTime=2013-05-04 09:00:00, endTime=2013-05-04 15:51:52), Trip(id=38893061-3fd2-4ac4-bbc9-f0d727f83d6f, tripId=G1235, trainTypeName=GaoTieOne, routeId=aefcef3f-3f42-46e8-afd7-6cb2a928bd3d, startStationName=shanghai, stationsName=suzhou, terminalStationName=taiyuan, startTime=2013-05-04 12:00:00, endTime=2013-05-04 17:51:52), Trip(id=cfcf2553-3371-42c5-b583-a3c4bb8ef505, tripId=G1236, trainTypeName=GaoTieOne, routeId=a3f256c1-0e43-4f7d-9c21-121bf258101f, startStationName=shanghai, stationsName=suzhou, terminalStationName=taiyuan, startTime=2013-05-04 14:00:00, endTime=2013-05-04 20:51:52), Trip(id=a71c2e28-22c2-4b7f-90cf-715a7f4b35b4, tripId=G1237, trainTypeName=GaoTieTwo, routeId=084837bb-53c8-4438-87c8-0321a4d09917, startStationName=shanghai, stationsName=suzhou, terminalStationName=taiyuan, startTime=2013-05-04 08:00:00, endTime=2013-05-04 17:21:52), Trip(id=465eec52-1bc7-4d8b-8c38-e8f210bb3a77, tripId=D1345, trainTypeName=DongCheOne, routeId=f3d4d4ef-693b-4456-8eed-59c0d717dd08, startStationName=shanghai, stationsName=suzhou, terminalStationName=taiyuan, startTime=2013-05-04 07:00:00, endTime=2013-05-04 19:59:52)]]\n"",""stream"":""stdout"",""time"":""2025-06-06T09:23:00.541391308Z""}"
2025-06-06T09:23:00.541175411Z,1674984180541175411,33.33.33.116,ts-travel-service-64469b5b48-25zj6,server,56d09a3249ec2dc4adc3e40af9c13af1,670efb43f2da52dd,"{""log"":""17:23:00.540 INFO  t.s.TravelServiceImpl#487 TraceID: 56d09a3249ec2dc4adc3e40af9c13af1 SpanID: 670efb43f2da52dd [departrue date][y: 2023][m:0][d: 29]\n"",""stream"":""stdout"",""time"":""2025-06-06T09:23:00.541175411Z""}"
2025-06-06T09:23:00.541057299Z,1674984180541057299,33.33.33.116,ts-travel-service-64469b5b48-25zj6,server,56d09a3249ec2dc4adc3e40af9c13af1,670efb43f2da52dd,"{""log"":""17:23:00.540 INFO  t.s.TravelServiceImpl#486 TraceID: 56d09a3249ec2dc4adc3e40af9c13af1 SpanID: 670efb43f2da52dd [today date][y: 2023][m:0][d: 29]\n"",""stream"":""stdout"",""time"":""2025-06-06T09:23:00.541057299Z""}"
2025-06-06T09:23:00.537732649Z,1674984180537732649,33.33.33.116,ts-travel-service-64469b5b48-25zj6,server,56d09a3249ec2dc4adc3e40af9c13af1,670efb43f2da52dd,"{""log"":""17:23:00.537 INFO  t.c.TravelController#122 TraceID: 56d09a3249ec2dc4adc3e40af9c13af1 SpanID: 670efb43f2da52dd [query][Query TripResponse]\n"",""stream"":""stdout"",""time"":""2025-06-06T09:23:00.537732649Z""}"
2025-06-06T09:23:00.554475147Z,1674984180554475147,33.33.33.79,ts-train-service-86f5f97bc9-dkqmf,server,56d09a3249ec2dc4adc3e40af9c13af1,faa17243b765c58b,"{""log"":""17:23:00.553 INFO  t.c.TrainController#72 TraceID: 56d09a3249ec2dc4adc3e40af9c13af1 SpanID: faa17243b765c58b [retrieveByNames][Retrieve train][TrainTypeNames: [DongCheOne, GaoTieOne, GaoTieTwo]]\n"",""stream"":""stdout"",""time"":""2025-06-06T09:23:00.554475147Z""}"
2025-06-06T09:23:00.548292742Z,1674984180548292742,33.33.33.76,ts-station-service-7f4f5f6f77-5qb6j,server,56d09a3249ec2dc4adc3e40af9c13af1,820895fa345eb768,"{""log"":""17:23:00.547 INFO  f.m.c.StationController#71 TraceID: 56d09a3249ec2dc4adc3e40af9c13af1 SpanID: 820895fa345eb768 [queryForIdBatch][Query stations for id batch][StationNameNumbers: 2]\n"",""stream"":""stdout"",""time"":""2025-06-06T09:23:00.548292742Z""}"
2025-06-06T09:23:00.730450755Z,1674984180730450755,33.33.33.82,ts-seat-service-5c95b49cff-tdsdz,server,56d09a3249ec2dc4adc3e40af9c13af1,2872e634808315a6,"{""log"":""17:23:00.729 INFO  s.s.SeatServiceImpl#217 TraceID: 56d09a3249ec2dc4adc3e40af9c13af1 SpanID: 2872e634808315a6 [getDirectProportion][Configs is : Config(name=DirectTicketAllocationProportion, value=0.5, description=Allocation Proportion Of The Direct Ticket - From Start To End)]\n"",""stream"":""stdout"",""time"":""2025-06-06T09:23:00.730450755Z""}"
2025-06-06T09:23:00.725263001Z,1674984180725263001,33.33.33.82,ts-seat-service-5c95b49cff-tdsdz,server,56d09a3249ec2dc4adc3e40af9c13af1,2872e634808315a6,"{""log"":""17:23:00.724 INFO  s.s.SeatServiceImpl#151 TraceID: 56d09a3249ec2dc4adc3e40af9c13af1 SpanID: 2872e634808315a6 [getLeftTicketOfInterval][Get Order tickets result][result is \u003c200,Response(status=0, msg=Order is Null., data=null),[vary:\""Origin,Access-Control-Request-Method,Access-Control-Request-Headers\"", x-content-type-options:\""nosniff\"", x-xss-protection:\""1; mode=block\"", cache-control:\""no-cache, no-store, max-age=0, must-revalidate\"", pragma:\""no-cache\"", expires:\""0\"", x-frame-options:\""DENY\"", content-type:\""application/json\"", date:\""Sun, 29 Jan 2023 09:23:00 GMT\"", x-envoy-upstream-service-time:\""3\"", server:\""envoy\"", transfer-encoding:\""chunked\""]\u003e]\n"",""stream"":""stdout"",""time"":""2025-06-06T09:23:00.725263001Z""}"
2025-06-06T09:23:00.720114775Z,1674984180720114775,33.33.33.82,ts-seat-service-5c95b49cff-tdsdz,server,56d09a3249ec2dc4adc3e40af9c13af1,2872e634808315a6,"{""log"":""17:23:00.719 INFO  s.s.SeatServiceImpl#139 TraceID: 56d09a3249ec2dc4adc3e40af9c13af1 SpanID: 2872e634808315a6 [getLeftTicketOfInterval][TrainNumber start with G|D][trainNumber:G1234]\n"",""stream"":""stdout"",""time"":""2025-06-06T09:23:00.720114775Z""}"
2025-06-06T09:23:00.719836832Z,1674984180719836832,33.33.33.82,ts-seat-service-5c95b49cff-tdsdz,server,56d09a3249ec2dc4adc3e40af9c13af1,2872e634808315a6,"{""log"":""17:23:00.719 INFO  s.s.SeatServiceImpl#137 TraceID: 56d09a3249ec2dc4adc3e40af9c13af1 SpanID: 2872e634808315a6 [getLeftTicketOfInterval][Seat request][request:Seat(travelDate=2023-01-29 15:38:06, trainNumber=G1234, startStation=nanjing, destStation=shanghai, seatType=3, totalNum=2147483647, stations=[nanjing, zhenjiang, wuxi, suzhou, shanghai])]\n"",""stream"":""stdout"",""time"":""2025-06-06T09:23:00.719836832Z""}"
2025-06-06T09:23:00.71945043Z,1674984180719450430,33.33.33.82,ts-seat-service-5c95b49cff-tdsdz,server,56d09a3249ec2dc4adc3e40af9c13af1,2872e634808315a6,"{""log"":""17:23:00.718 INFO  s.c.SeatController#57 TraceID: 56d09a3249ec2dc4adc3e40af9c13af1 SpanID: 2872e634808315a6 [getLeftTicketOfInterval][Get left ticket of interval][TravelDate: 2023-01-29 15:38:06,TrainNumber: G1234,SeatType: 3]\n"",""stream"":""stdout"",""time"":""2025-06-06T09:23:00.71945043Z""}"
2025-06-06T09:23:00.715196316Z,1674984180715196316,33.33.33.82,ts-seat-service-5c95b49cff-tdsdz,server,56d09a3249ec2dc4adc3e40af9c13af1,453695e93ad1638a,"{""log"":""17:23:00.714 INFO  s.s.SeatServiceImpl#217 TraceID: 56d09a3249ec2dc4adc3e40af9c13af1 SpanID: 453695e93ad1638a [getDirectProportion][Configs is : Config(name=DirectTicketAllocationProportion, value=0.5, description=Allocation Proportion Of The Direct Ticket - From Start To End)]\n"",""stream"":""stdout"",""time"":""2025-06-06T09:23:00.715196316Z""}"
2025-06-06T09:23:00.710380834Z,1674984180710380834,33.33.33.82,ts-seat-service-5c95b49cff-tdsdz,server,56d09a3249ec2dc4adc3e40af9c13af1,453695e93ad1638a,"{""log"":""17:23:00.709 INFO  s.s.SeatServiceImpl#151 TraceID: 56d09a3249ec2dc4adc3e40af9c13af1 SpanID: 453695e93ad1638a [getLeftTicketOfInterval][Get Order tickets result][result is \u003c200,Response(status=0, msg=Order is Null., data=null),[vary:\""Origin,Access-Control-Request-Method,Access-Control-Request-Headers\"", x-content-type-options:\""nosniff\"", x-xss-protection:\""1; mode=block\"", cache-control:\""no-cache, no-store, max-age=0, must-revalidate\"", pragma:\""no-cache\"", expires:\""0\"", x-frame-options:\""DENY\"", content-type:\""application/json\"", date:\""Sun, 29 Jan 2023 09:23:00 GMT\"", x-envoy-upstream-service-time:\""2\"", server:\""envoy\"", transfer-encoding:\""chunked\""]\u003e]\n"",""stream"":""stdout"",""time"":""2025-06-06T09:23:00.710380834Z""}"
2025-06-06T09:23:00.705340867Z,1674984180705340867,33.33.33.82,ts-seat-service-5c95b49cff-tdsdz,server,56d09a3249ec2dc4adc3e40af9c13af1,453695e93ad1638a,"{""log"":""17:23:00.704 INFO  s.s.SeatServiceImpl#139 TraceID: 56d09a3249ec2dc4adc3e40af9c13af1 SpanID: 453695e93ad1638a [getLeftTicketOfInterval][TrainNumber start with G|D][trainNumber:G1234]\n"",""stream"":""stdout"",""time"":""2025-06-06T09:23:00.705340867Z""}"
2025-06-06T09:23:00.705008126Z,1674984180705008126,33.33.33.82,ts-seat-service-5c95b49cff-tdsdz,server,56d09a3249ec2dc4adc3e40af9c13af1,453695e93ad1638a,"{""log"":""17:23:00.704 INFO  s.s.SeatServiceImpl#137 TraceID: 56d09a3249ec2dc4adc3e40af9c13af1 SpanID: 453695e93ad1638a [getLeftTicketOfInterval][Seat request][request:Seat(travelDate=2023-01-29 15:38:06, trainNumber=G1234, startStation=nanjing, destStation=shanghai, seatType=2, totalNum=2147483647, stations=[nanjing, zhenjiang, wuxi, suzhou, shanghai])]\n"",""stream"":""stdout"",""time"":""2025-06-06T09:23:00.705008126Z""}"
2025-06-06T09:23:00.704669706Z,1674984180704669706,33.33.33.82,ts-seat-service-5c95b49cff-tdsdz,server,56d09a3249ec2dc4adc3e40af9c13af1,453695e93ad1638a,"{""log"":""17:23:00.704 INFO  s.c.SeatController#57 TraceID: 56d09a3249ec2dc4adc3e40af9c13af1 SpanID: 453695e93ad1638a [getLeftTicketOfInterval][Get left ticket of interval][TravelDate: 2023-01-29 15:38:06,TrainNumber: G1234,SeatType: 2]\n"",""stream"":""stdout"",""time"":""2025-06-06T09:23:00.704669706Z""}"
2025-06-06T09:23:00.687119415Z,1674984180687119415,33.33.33.82,ts-seat-service-5c95b49cff-tdsdz,server,56d09a3249ec2dc4adc3e40af9c13af1,5ff328f60c154f2b,"{""log"":""17:23:00.686 INFO  s.s.SeatServiceImpl#217 TraceID: 56d09a3249ec2dc4adc3e40af9c13af1 SpanID: 5ff328f60c154f2b [getDirectProportion][Configs is : Config(name=DirectTicketAllocationProportion, value=0.5, description=Allocation Proportion Of The Direct Ticket - From Start To End)]\n"",""stream"":""stdout"",""time"":""2025-06-06T09:23:00.687119415Z""}"
2025-06-06T09:23:00.682778879Z,1674984180682778879,33.33.33.82,ts-seat-service-5c95b49cff-tdsdz,server,56d09a3249ec2dc4adc3e40af9c13af1,5ff328f60c154f2b,"{""log"":""17:23:00.681 INFO  s.s.SeatServiceImpl#151 TraceID: 56d09a3249ec2dc4adc3e40af9c13af1 SpanID: 5ff328f60c154f2b [getLeftTicketOfInterval][Get Order tickets result][result is \u003c200,Response(status=0, msg=Order is Null., data=null),[vary:\""Origin,Access-Control-Request-Method,Access-Control-Request-Headers\"", x-content-type-options:\""nosniff\"", x-xss-protection:\""1; mode=block\"", cache-control:\""no-cache, no-store, max-age=0, must-revalidate\"", pragma:\""no-cache\"", expires:\""0\"", x-frame-options:\""DENY\"", content-type:\""application/json\"", date:\""Sun, 29 Jan 2023 09:23:00 GMT\"", x-envoy-upstream-service-time:\""3\"", server:\""envoy\"", transfer-encoding:\""chunked\""]\u003e]\n"",""stream"":""stdout"",""time"":""2025-06-06T09:23:00.682778879Z""}"
2025-06-06T09:23:00.677353005Z,1674984180677353005,33.33.33.82,ts-seat-service-5c95b49cff-tdsdz,server,56d09a3249ec2dc4adc3e40af9c13af1,5ff328f60c154f2b,"{""log"":""17:23:00.676 INFO  s.s.SeatServiceImpl#139 TraceID: 56d09a3249ec2dc4adc3e40af9c13af1 SpanID: 5ff328f60c154f2b [getLeftTicketOfInterval][TrainNumber start with G|D][trainNumber:G1235]\n"",""stream"":""stdout"",""time"":""2025-06-06T09:23:00.677353005Z""}"
2025-06-06T09:23:00.677009103Z,1674984180677009103,33.33.33.82,ts-seat-service-5c95b49cff-tdsdz,server,56d09a3249ec2dc4adc3e40af9c13af1,5ff328f60c154f2b,"{""log"":""17:23:00.676 INFO  s.s.SeatServiceImpl#137 TraceID: 56d09a3249ec2dc4adc3e40af9c13af1 SpanID: 5ff328f60c154f2b [getLeftTicketOfInterval][Seat request][request:Seat(travelDate=2023-01-29 15:38:06, trainNumber=G1235, startStation=nanjing, destStation=shanghai, seatType=3, totalNum=2147483647, stations=[nanjing, shanghai])]\n"",""stream"":""stdout"",""time"":""2025-06-06T09:23:00.677009103Z""}"
2025-06-06T09:23:00.676612945Z,1674984180676612945,33.33.33.82,ts-seat-service-5c95b49cff-tdsdz,server,56d09a3249ec2dc4adc3e40af9c13af1,5ff328f60c154f2b,"{""log"":""17:23:00.675 INFO  s.c.SeatController#57 TraceID: 56d09a3249ec2dc4adc3e40af9c13af1 SpanID: 5ff328f60c154f2b [getLeftTicketOfInterval][Get left ticket of interval][TravelDate: 2023-01-29 15:38:06,TrainNumber: G1235,SeatType: 3]\n"",""stream"":""stdout"",""time"":""2025-06-06T09:23:00.676612945Z""}"
2025-06-06T09:23:00.672420262Z,1674984180672420262,33.33.33.82,ts-seat-service-5c95b49cff-tdsdz,server,56d09a3249ec2dc4adc3e40af9c13af1,40a99b8028ee40ac,"{""log"":""17:23:00.671 INFO  s.s.SeatServiceImpl#217 TraceID: 56d09a3249ec2dc4adc3e40af9c13af1 SpanID: 40a99b8028ee40ac [getDirectProportion][Configs is : Config(name=DirectTicketAllocationProportion, value=0.5, description=Allocation Proportion Of The Direct Ticket - From Start To End)]\n"",""stream"":""stdout"",""time"":""2025-06-06T09:23:00.672420262Z""}"
2025-06-06T09:23:00.667620021Z,1674984180667620021,33.33.33.82,ts-seat-service-5c95b49cff-tdsdz,server,56d09a3249ec2dc4adc3e40af9c13af1,40a99b8028ee40ac,"{""log"":""17:23:00.666 INFO  s.s.SeatServiceImpl#151 TraceID: 56d09a3249ec2dc4adc3e40af9c13af1 SpanID: 40a99b8028ee40ac [getLeftTicketOfInterval][Get Order tickets result][result is \u003c200,Response(status=0, msg=Order is Null., data=null),[vary:\""Origin,Access-Control-Request-Method,Access-Control-Request-Headers\"", x-content-type-options:\""nosniff\"", x-xss-protection:\""1; mode=block\"", cache-control:\""no-cache, no-store, max-age=0, must-revalidate\"", pragma:\""no-cache\"", expires:\""0\"", x-frame-options:\""DENY\"", content-type:\""application/json\"", date:\""Sun, 29 Jan 2023 09:23:00 GMT\"", x-envoy-upstream-service-time:\""2\"", server:\""envoy\"", transfer-encoding:\""chunked\""]\u003e]\n"",""stream"":""stdout"",""time"":""2025-06-06T09:23:00.667620021Z""}"
2025-06-06T09:23:00.662750937Z,1674984180662750937,33.33.33.82,ts-seat-service-5c95b49cff-tdsdz,server,56d09a3249ec2dc4adc3e40af9c13af1,40a99b8028ee40ac,"{""log"":""17:23:00.662 INFO  s.s.SeatServiceImpl#139 TraceID: 56d09a3249ec2dc4adc3e40af9c13af1 SpanID: 40a99b8028ee40ac [getLeftTicketOfInterval][TrainNumber start with G|D][trainNumber:G1235]\n"",""stream"":""stdout"",""time"":""2025-06-06T09:23:00.662750937Z""}"
2025-06-06T09:23:00.662408725Z,1674984180662408725,33.33.33.82,ts-seat-service-5c95b49cff-tdsdz,server,56d09a3249ec2dc4adc3e40af9c13af1,40a99b8028ee40ac,"{""log"":""17:23:00.661 INFO  s.s.SeatServiceImpl#137 TraceID: 56d09a3249ec2dc4adc3e40af9c13af1 SpanID: 40a99b8028ee40ac [getLeftTicketOfInterval][Seat request][request:Seat(travelDate=2023-01-29 15:38:06, trainNumber=G1235, startStation=nanjing, destStation=shanghai, seatType=2, totalNum=2147483647, stations=[nanjing, shanghai])]\n"",""stream"":""stdout"",""time"":""2025-06-06T09:23:00.662408725Z""}"
2025-06-06T09:23:00.66207661Z,1674984180662076610,33.33.33.82,ts-seat-service-5c95b49cff-tdsdz,server,56d09a3249ec2dc4adc3e40af9c13af1,40a99b8028ee40ac,"{""log"":""17:23:00.661 INFO  s.c.SeatController#57 TraceID: 56d09a3249ec2dc4adc3e40af9c13af1 SpanID: 40a99b8028ee40ac [getLeftTicketOfInterval][Get left ticket of interval][TravelDate: 2023-01-29 15:38:06,TrainNumber: G1235,SeatType: 2]\n"",""stream"":""stdout"",""time"":""2025-06-06T09:23:00.66207661Z""}"
2025-06-06T09:23:00.65712704Z,1674984180657127040,33.33.33.82,ts-seat-service-5c95b49cff-tdsdz,server,56d09a3249ec2dc4adc3e40af9c13af1,4d6161d36da7778a,"{""log"":""17:23:00.656 INFO  s.s.SeatServiceImpl#217 TraceID: 56d09a3249ec2dc4adc3e40af9c13af1 SpanID: 4d6161d36da7778a [getDirectProportion][Configs is : Config(name=DirectTicketAllocationProportion, value=0.5, description=Allocation Proportion Of The Direct Ticket - From Start To End)]\n"",""stream"":""stdout"",""time"":""2025-06-06T09:23:00.65712704Z""}"
2025-06-06T09:23:00.651760802Z,1674984180651760802,33.33.33.82,ts-seat-service-5c95b49cff-tdsdz,server,56d09a3249ec2dc4adc3e40af9c13af1,4d6161d36da7778a,"{""log"":""17:23:00.650 INFO  s.s.SeatServiceImpl#151 TraceID: 56d09a3249ec2dc4adc3e40af9c13af1 SpanID: 4d6161d36da7778a [getLeftTicketOfInterval][Get Order tickets result][result is \u003c200,Response(status=0, msg=Order is Null., data=null),[vary:\""Origin,Access-Control-Request-Method,Access-Control-Request-Headers\"", x-content-type-options:\""nosniff\"", x-xss-protection:\""1; mode=block\"", cache-control:\""no-cache, no-store, max-age=0, must-revalidate\"", pragma:\""no-cache\"", expires:\""0\"", x-frame-options:\""DENY\"", content-type:\""application/json\"", date:\""Sun, 29 Jan 2023 09:23:00 GMT\"", x-envoy-upstream-service-time:\""4\"", server:\""envoy\"", transfer-encoding:\""chunked\""]\u003e]\n"",""stream"":""stdout"",""time"":""2025-06-06T09:23:00.651760802Z""}"
2025-06-06T09:23:00.645131528Z,1674984180645131528,33.33.33.82,ts-seat-service-5c95b49cff-tdsdz,server,56d09a3249ec2dc4adc3e40af9c13af1,4d6161d36da7778a,"{""log"":""17:23:00.644 INFO  s.s.SeatServiceImpl#139 TraceID: 56d09a3249ec2dc4adc3e40af9c13af1 SpanID: 4d6161d36da7778a [getLeftTicketOfInterval][TrainNumber start with G|D][trainNumber:G1236]\n"",""stream"":""stdout"",""time"":""2025-06-06T09:23:00.645131528Z""}"
2025-06-06T09:23:00.644782396Z,1674984180644782396,33.33.33.82,ts-seat-service-5c95b49cff-tdsdz,server,56d09a3249ec2dc4adc3e40af9c13af1,4d6161d36da7778a,"{""log"":""17:23:00.644 INFO  s.s.SeatServiceImpl#137 TraceID: 56d09a3249ec2dc4adc3e40af9c13af1 SpanID: 4d6161d36da7778a [getLeftTicketOfInterval][Seat request][request:Seat(travelDate=2023-01-29 15:38:06, trainNumber=G1236, startStation=nanjing, destStation=shanghai, seatType=3, totalNum=2147483647, stations=[nanjing, suzhou, shanghai])]\n"",""stream"":""stdout"",""time"":""2025-06-06T09:23:00.644782396Z""}"
2025-06-06T09:23:00.64430377Z,1674984180644303770,33.33.33.82,ts-seat-service-5c95b49cff-tdsdz,server,56d09a3249ec2dc4adc3e40af9c13af1,4d6161d36da7778a,"{""log"":""17:23:00.643 INFO  s.c.SeatController#57 TraceID: 56d09a3249ec2dc4adc3e40af9c13af1 SpanID: 4d6161d36da7778a [getLeftTicketOfInterval][Get left ticket of interval][TravelDate: 2023-01-29 15:38:06,TrainNumber: G1236,SeatType: 3]\n"",""stream"":""stdout"",""time"":""2025-06-06T09:23:00.64430377Z""}"
2025-06-06T09:23:00.639321029Z,1674984180639321029,33.33.33.82,ts-seat-service-5c95b49cff-tdsdz,server,56d09a3249ec2dc4adc3e40af9c13af1,565fc7a990ba6e8c,"{""log"":""17:23:00.638 INFO  s.s.SeatServiceImpl#217 TraceID: 56d09a3249ec2dc4adc3e40af9c13af1 SpanID: 565fc7a990ba6e8c [getDirectProportion][Configs is : Config(name=DirectTicketAllocationProportion, value=0.5, description=Allocation Proportion Of The Direct Ticket - From Start To End)]\n"",""stream"":""stdout"",""time"":""2025-06-06T09:23:00.639321029Z""}"
2025-06-06T09:23:00.633223522Z,1674984180633223522,33.33.33.82,ts-seat-service-5c95b49cff-tdsdz,server,56d09a3249ec2dc4adc3e40af9c13af1,565fc7a990ba6e8c,"{""log"":""17:23:00.632 INFO  s.s.SeatServiceImpl#151 TraceID: 56d09a3249ec2dc4adc3e40af9c13af1 SpanID: 565fc7a990ba6e8c [getLeftTicketOfInterval][Get Order tickets result][result is \u003c200,Response(status=0, msg=Order is Null., data=null),[vary:\""Origin,Access-Control-Request-Method,Access-Control-Request-Headers\"", x-content-type-options:\""nosniff\"", x-xss-protection:\""1; mode=block\"", cache-control:\""no-cache, no-store, max-age=0, must-revalidate\"", pragma:\""no-cache\"", expires:\""0\"", x-frame-options:\""DENY\"", content-type:\""application/json\"", date:\""Sun, 29 Jan 2023 09:23:00 GMT\"", x-envoy-upstream-service-time:\""5\"", server:\""envoy\"", transfer-encoding:\""chunked\""]\u003e]\n"",""stream"":""stdout"",""time"":""2025-06-06T09:23:00.633223522Z""}"
2025-06-06T09:23:00.623666656Z,1674984180623666656,33.33.33.82,ts-seat-service-5c95b49cff-tdsdz,server,56d09a3249ec2dc4adc3e40af9c13af1,565fc7a990ba6e8c,"{""log"":""17:23:00.623 INFO  s.s.SeatServiceImpl#139 TraceID: 56d09a3249ec2dc4adc3e40af9c13af1 SpanID: 565fc7a990ba6e8c [getLeftTicketOfInterval][TrainNumber start with G|D][trainNumber:G1236]\n"",""stream"":""stdout"",""time"":""2025-06-06T09:23:00.623666656Z""}"
2025-06-06T09:23:00.623332318Z,1674984180623332318,33.33.33.82,ts-seat-service-5c95b49cff-tdsdz,server,56d09a3249ec2dc4adc3e40af9c13af1,565fc7a990ba6e8c,"{""log"":""17:23:00.622 INFO  s.s.SeatServiceImpl#137 TraceID: 56d09a3249ec2dc4adc3e40af9c13af1 SpanID: 565fc7a990ba6e8c [getLeftTicketOfInterval][Seat request][request:Seat(travelDate=2023-01-29 15:38:06, trainNumber=G1236, startStation=nanjing, destStation=shanghai, seatType=2, totalNum=2147483647, stations=[nanjing, suzhou, shanghai])]\n"",""stream"":""stdout"",""time"":""2025-06-06T09:23:00.623332318Z""}"
2025-06-06T09:23:00.622948166Z,1674984180622948166,33.33.33.82,ts-seat-service-5c95b49cff-tdsdz,server,56d09a3249ec2dc4adc3e40af9c13af1,565fc7a990ba6e8c,"{""log"":""17:23:00.622 INFO  s.c.SeatController#57 TraceID: 56d09a3249ec2dc4adc3e40af9c13af1 SpanID: 565fc7a990ba6e8c [getLeftTicketOfInterval][Get left ticket of interval][TravelDate: 2023-01-29 15:38:06,TrainNumber: G1236,SeatType: 2]\n"",""stream"":""stdout"",""time"":""2025-06-06T09:23:00.622948166Z""}"
2025-06-06T09:23:00.563162583Z,1674984180563162583,33.33.33.80,ts-route-service-b6c59fb57-zv8dt,server,56d09a3249ec2dc4adc3e40af9c13af1,0ac387d0a7bb4bb0,"{""log"":""17:23:00.562 INFO  r.c.RouteController#53 TraceID: 56d09a3249ec2dc4adc3e40af9c13af1 SpanID: 0ac387d0a7bb4bb0 [getRouteById][Query route by id][RouteId: [92708982-77af-4318-be25-57ccb0ff69ad, aefcef3f-3f42-46e8-afd7-6cb2a928bd3d, a3f256c1-0e43-4f7d-9c21-121bf258101f, 084837bb-53c8-4438-87c8-0321a4d09917, f3d4d4ef-693b-4456-8eed-59c0d717dd08]]\n"",""stream"":""stdout"",""time"":""2025-06-06T09:23:00.563162583Z""}"
2025-06-06T09:23:00.582033521Z,1674984180582033521,33.33.33.79,ts-price-service-76846864d9-g465z,server,56d09a3249ec2dc4adc3e40af9c13af1,296031259ed803dc,"{""log"":""17:23:00.581 INFO  p.c.PriceController#46 TraceID: 56d09a3249ec2dc4adc3e40af9c13af1 SpanID: 296031259ed803dc [findByRouteIdAndTrainType][Query price][routeId and Train Type: [a3f256c1-0e43-4f7d-9c21-121bf258101f:GaoTieOne, aefcef3f-3f42-46e8-afd7-6cb2a928bd3d:GaoTieOne, 92708982-77af-4318-be25-57ccb0ff69ad:GaoTieOne]]\n"",""stream"":""stdout"",""time"":""2025-06-06T09:23:00.582033521Z""}"
2025-06-06T09:23:00.723151646Z,1674984180723151646,33.33.33.76,ts-order-service-5b67c48447-mv5hb,server,56d09a3249ec2dc4adc3e40af9c13af1,b4de687cd2713bbf,"{""log"":""17:23:00.722 WARN  o.s.OrderServiceImpl#68 TraceID: 56d09a3249ec2dc4adc3e40af9c13af1 SpanID: b4de687cd2713bbf [getSoldTickets][Seat][Left ticket info is empty][seat from date: 2023-01-29 15:38:06, train number: G1234]\n"",""stream"":""stdout"",""time"":""2025-06-06T09:23:00.723151646Z""}"
2025-06-06T09:23:00.722028815Z,1674984180722028815,33.33.33.76,ts-order-service-5b67c48447-mv5hb,server,56d09a3249ec2dc4adc3e40af9c13af1,b4de687cd2713bbf,"{""log"":""17:23:00.721 INFO  o.c.OrderController#39 TraceID: 56d09a3249ec2dc4adc3e40af9c13af1 SpanID: b4de687cd2713bbf [getSoldTickets][Get Sold Ticket][Travel Date: 2023-01-29 15:38:06]\n"",""stream"":""stdout"",""time"":""2025-06-06T09:23:00.722028815Z""}"
2025-06-06T09:23:00.708389897Z,1674984180708389897,33.33.33.76,ts-order-service-5b67c48447-mv5hb,server,56d09a3249ec2dc4adc3e40af9c13af1,f2ef85a938e22706,"{""log"":""17:23:00.708 WARN  o.s.OrderServiceImpl#68 TraceID: 56d09a3249ec2dc4adc3e40af9c13af1 SpanID: f2ef85a938e22706 [getSoldTickets][Seat][Left ticket info is empty][seat from date: 2023-01-29 15:38:06, train number: G1234]\n"",""stream"":""stdout"",""time"":""2025-06-06T09:23:00.708389897Z""}"
2025-06-06T09:23:00.707437425Z,1674984180707437425,33.33.33.76,ts-order-service-5b67c48447-mv5hb,server,56d09a3249ec2dc4adc3e40af9c13af1,f2ef85a938e22706,"{""log"":""17:23:00.707 INFO  o.c.OrderController#39 TraceID: 56d09a3249ec2dc4adc3e40af9c13af1 SpanID: f2ef85a938e22706 [getSoldTickets][Get Sold Ticket][Travel Date: 2023-01-29 15:38:06]\n"",""stream"":""stdout"",""time"":""2025-06-06T09:23:00.707437425Z""}"
2025-06-06T09:23:00.680559148Z,1674984180680559148,33.33.33.76,ts-order-service-5b67c48447-mv5hb,server,56d09a3249ec2dc4adc3e40af9c13af1,1a49b7fef5bdd606,"{""log"":""17:23:00.680 WARN  o.s.OrderServiceImpl#68 TraceID: 56d09a3249ec2dc4adc3e40af9c13af1 SpanID: 1a49b7fef5bdd606 [getSoldTickets][Seat][Left ticket info is empty][seat from date: 2023-01-29 15:38:06, train number: G1235]\n"",""stream"":""stdout"",""time"":""2025-06-06T09:23:00.680559148Z""}"
2025-06-06T09:23:00.679527422Z,1674984180679527422,33.33.33.76,ts-order-service-5b67c48447-mv5hb,server,56d09a3249ec2dc4adc3e40af9c13af1,1a49b7fef5bdd606,"{""log"":""17:23:00.679 INFO  o.c.OrderController#39 TraceID: 56d09a3249ec2dc4adc3e40af9c13af1 SpanID: 1a49b7fef5bdd606 [getSoldTickets][Get Sold Ticket][Travel Date: 2023-01-29 15:38:06]\n"",""stream"":""stdout"",""time"":""2025-06-06T09:23:00.679527422Z""}"
2025-06-06T09:23:00.665743831Z,1674984180665743831,33.33.33.76,ts-order-service-5b67c48447-mv5hb,server,56d09a3249ec2dc4adc3e40af9c13af1,be417cfafa0e36b1,"{""log"":""17:23:00.665 WARN  o.s.OrderServiceImpl#68 TraceID: 56d09a3249ec2dc4adc3e40af9c13af1 SpanID: be417cfafa0e36b1 [getSoldTickets][Seat][Left ticket info is empty][seat from date: 2023-01-29 15:38:06, train number: G1235]\n"",""stream"":""stdout"",""time"":""2025-06-06T09:23:00.665743831Z""}"
2025-06-06T09:23:00.664719822Z,1674984180664719822,33.33.33.76,ts-order-service-5b67c48447-mv5hb,server,56d09a3249ec2dc4adc3e40af9c13af1,be417cfafa0e36b1,"{""log"":""17:23:00.664 INFO  o.c.OrderController#39 TraceID: 56d09a3249ec2dc4adc3e40af9c13af1 SpanID: be417cfafa0e36b1 [getSoldTickets][Get Sold Ticket][Travel Date: 2023-01-29 15:38:06]\n"",""stream"":""stdout"",""time"":""2025-06-06T09:23:00.664719822Z""}"
2025-06-06T09:23:00.649341339Z,1674984180649341339,33.33.33.76,ts-order-service-5b67c48447-mv5hb,server,56d09a3249ec2dc4adc3e40af9c13af1,cc71366f722513e7,"{""log"":""17:23:00.649 WARN  o.s.OrderServiceImpl#68 TraceID: 56d09a3249ec2dc4adc3e40af9c13af1 SpanID: cc71366f722513e7 [getSoldTickets][Seat][Left ticket info is empty][seat from date: 2023-01-29 15:38:06, train number: G1236]\n"",""stream"":""stdout"",""time"":""2025-06-06T09:23:00.649341339Z""}"
2025-06-06T09:23:00.647808973Z,1674984180647808973,33.33.33.76,ts-order-service-5b67c48447-mv5hb,server,56d09a3249ec2dc4adc3e40af9c13af1,cc71366f722513e7,"{""log"":""17:23:00.647 INFO  o.c.OrderController#39 TraceID: 56d09a3249ec2dc4adc3e40af9c13af1 SpanID: cc71366f722513e7 [getSoldTickets][Get Sold Ticket][Travel Date: 2023-01-29 15:38:06]\n"",""stream"":""stdout"",""time"":""2025-06-06T09:23:00.647808973Z""}"
2025-06-06T09:23:00.630905253Z,1674984180630905253,33.33.33.76,ts-order-service-5b67c48447-mv5hb,server,56d09a3249ec2dc4adc3e40af9c13af1,f8a8fc27ea68b3b6,"{""log"":""17:23:00.630 WARN  o.s.OrderServiceImpl#68 TraceID: 56d09a3249ec2dc4adc3e40af9c13af1 SpanID: f8a8fc27ea68b3b6 [getSoldTickets][Seat][Left ticket info is empty][seat from date: 2023-01-29 15:38:06, train number: G1236]\n"",""stream"":""stdout"",""time"":""2025-06-06T09:23:00.630905253Z""}"
2025-06-06T09:23:00.629196983Z,1674984180629196983,33.33.33.76,ts-order-service-5b67c48447-mv5hb,server,56d09a3249ec2dc4adc3e40af9c13af1,f8a8fc27ea68b3b6,"{""log"":""17:23:00.628 INFO  o.c.OrderController#39 TraceID: 56d09a3249ec2dc4adc3e40af9c13af1 SpanID: f8a8fc27ea68b3b6 [getSoldTickets][Get Sold Ticket][Travel Date: 2023-01-29 15:38:06]\n"",""stream"":""stdout"",""time"":""2025-06-06T09:23:00.629196983Z""}"
2025-06-06T09:23:00.728297604Z,1674984180728297604,33.33.33.115,ts-config-service-5fcd447d84-wxwjd,server,56d09a3249ec2dc4adc3e40af9c13af1,8f791a19b213f353,"{""log"":""17:23:00.727 INFO  c.s.ConfigServiceImpl#65 TraceID: 56d09a3249ec2dc4adc3e40af9c13af1 SpanID: 8f791a19b213f353 [query][Query config success][config name: DirectTicketAllocationProportion]\n"",""stream"":""stdout"",""time"":""2025-06-06T09:23:00.728297604Z""}"
2025-06-06T09:23:00.727376515Z,1674984180727376515,33.33.33.115,ts-config-service-5fcd447d84-wxwjd,server,56d09a3249ec2dc4adc3e40af9c13af1,8f791a19b213f353,"{""log"":""17:23:00.727 INFO  c.c.ConfigController#67 TraceID: 56d09a3249ec2dc4adc3e40af9c13af1 SpanID: 8f791a19b213f353 [retrieve][Retrieve config][configName: DirectTicketAllocationProportion]\n"",""stream"":""stdout"",""time"":""2025-06-06T09:23:00.727376515Z""}"
2025-06-06T09:23:00.713312707Z,1674984180713312707,33.33.33.115,ts-config-service-5fcd447d84-wxwjd,server,56d09a3249ec2dc4adc3e40af9c13af1,80ae4b0ca5e29fc6,"{""log"":""17:23:00.713 INFO  c.s.ConfigServiceImpl#65 TraceID: 56d09a3249ec2dc4adc3e40af9c13af1 SpanID: 80ae4b0ca5e29fc6 [query][Query config success][config name: DirectTicketAllocationProportion]\n"",""stream"":""stdout"",""time"":""2025-06-06T09:23:00.713312707Z""}"
2025-06-06T09:23:00.712485406Z,1674984180712485406,33.33.33.115,ts-config-service-5fcd447d84-wxwjd,server,56d09a3249ec2dc4adc3e40af9c13af1,80ae4b0ca5e29fc6,"{""log"":""17:23:00.712 INFO  c.c.ConfigController#67 TraceID: 56d09a3249ec2dc4adc3e40af9c13af1 SpanID: 80ae4b0ca5e29fc6 [retrieve][Retrieve config][configName: DirectTicketAllocationProportion]\n"",""stream"":""stdout"",""time"":""2025-06-06T09:23:00.712485406Z""}"
2025-06-06T09:23:00.68515696Z,1674984180685156960,33.33.33.115,ts-config-service-5fcd447d84-wxwjd,server,56d09a3249ec2dc4adc3e40af9c13af1,bd9d33b7550c96d2,"{""log"":""17:23:00.684 INFO  c.s.ConfigServiceImpl#65 TraceID: 56d09a3249ec2dc4adc3e40af9c13af1 SpanID: bd9d33b7550c96d2 [query][Query config success][config name: DirectTicketAllocationProportion]\n"",""stream"":""stdout"",""time"":""2025-06-06T09:23:00.68515696Z""}"
2025-06-06T09:23:00.684458316Z,1674984180684458316,33.33.33.115,ts-config-service-5fcd447d84-wxwjd,server,56d09a3249ec2dc4adc3e40af9c13af1,bd9d33b7550c96d2,"{""log"":""17:23:00.684 INFO  c.c.ConfigController#67 TraceID: 56d09a3249ec2dc4adc3e40af9c13af1 SpanID: bd9d33b7550c96d2 [retrieve][Retrieve config][configName: DirectTicketAllocationProportion]\n"",""stream"":""stdout"",""time"":""2025-06-06T09:23:00.684458316Z""}"
2025-06-06T09:23:00.670585714Z,1674984180670585714,33.33.33.115,ts-config-service-5fcd447d84-wxwjd,server,56d09a3249ec2dc4adc3e40af9c13af1,6f52dc1f7959ece4,"{""log"":""17:23:00.670 INFO  c.s.ConfigServiceImpl#65 TraceID: 56d09a3249ec2dc4adc3e40af9c13af1 SpanID: 6f52dc1f7959ece4 [query][Query config success][config name: DirectTicketAllocationProportion]\n"",""stream"":""stdout"",""time"":""2025-06-06T09:23:00.670585714Z""}"
2025-06-06T09:23:00.669765646Z,1674984180669765646,33.33.33.115,ts-config-service-5fcd447d84-wxwjd,server,56d09a3249ec2dc4adc3e40af9c13af1,6f52dc1f7959ece4,"{""log"":""17:23:00.669 INFO  c.c.ConfigController#67 TraceID: 56d09a3249ec2dc4adc3e40af9c13af1 SpanID: 6f52dc1f7959ece4 [retrieve][Retrieve config][configName: DirectTicketAllocationProportion]\n"",""stream"":""stdout"",""time"":""2025-06-06T09:23:00.669765646Z""}"
2025-06-06T09:23:00.654818072Z,1674984180654818072,33.33.33.115,ts-config-service-5fcd447d84-wxwjd,server,56d09a3249ec2dc4adc3e40af9c13af1,d031820bb3cf54ce,"{""log"":""17:23:00.654 INFO  c.s.ConfigServiceImpl#65 TraceID: 56d09a3249ec2dc4adc3e40af9c13af1 SpanID: d031820bb3cf54ce [query][Query config success][config name: DirectTicketAllocationProportion]\n"",""stream"":""stdout"",""time"":""2025-06-06T09:23:00.654818072Z""}"
2025-06-06T09:23:00.653881678Z,1674984180653881678,33.33.33.115,ts-config-service-5fcd447d84-wxwjd,server,56d09a3249ec2dc4adc3e40af9c13af1,d031820bb3cf54ce,"{""log"":""17:23:00.653 INFO  c.c.ConfigController#67 TraceID: 56d09a3249ec2dc4adc3e40af9c13af1 SpanID: d031820bb3cf54ce [retrieve][Retrieve config][configName: DirectTicketAllocationProportion]\n"",""stream"":""stdout"",""time"":""2025-06-06T09:23:00.653881678Z""}"
2025-06-06T09:23:00.636876354Z,1674984180636876354,33.33.33.115,ts-config-service-5fcd447d84-wxwjd,server,56d09a3249ec2dc4adc3e40af9c13af1,f57160bd145acf8d,"{""log"":""17:23:00.636 INFO  c.s.ConfigServiceImpl#65 TraceID: 56d09a3249ec2dc4adc3e40af9c13af1 SpanID: f57160bd145acf8d [query][Query config success][config name: DirectTicketAllocationProportion]\n"",""stream"":""stdout"",""time"":""2025-06-06T09:23:00.636876354Z""}"
2025-06-06T09:23:00.635922219Z,1674984180635922219,33.33.33.115,ts-config-service-5fcd447d84-wxwjd,server,56d09a3249ec2dc4adc3e40af9c13af1,f57160bd145acf8d,"{""log"":""17:23:00.635 INFO  c.c.ConfigController#67 TraceID: 56d09a3249ec2dc4adc3e40af9c13af1 SpanID: f57160bd145acf8d [retrieve][Retrieve config][configName: DirectTicketAllocationProportion]\n"",""stream"":""stdout"",""time"":""2025-06-06T09:23:00.635922219Z""}"
2025-06-06T09:23:00.586703735Z,1674984180586703735,33.33.33.76,ts-basic-service-5dc8d4f9fd-46997,server,56d09a3249ec2dc4adc3e40af9c13af1,9b28f90c9f4774e2,"{""log"":""17:23:00.586 INFO  f.m.s.BasicServiceImpl#320 TraceID: 56d09a3249ec2dc4adc3e40af9c13af1 SpanID: 9b28f90c9f4774e2 [queryForTravels][all done][result map: {G1236=TravelResult(status=true, percent=1.0, trainType=TrainType(id=111e1aed-10dc-4356-ad7e-daa5e551d4a7, name=GaoTieOne, economyClass=2147483647, confortClass=2147483647, averageSpeed=250), route=Route(id=a3f256c1-0e43-4f7d-9c21-121bf258101f, stations=[nanjing, suzhou, shanghai], distances=[0, 200, 250], startStation=nanjing, endStation=shanghai), prices={confortClass=250.0, economyClass=175.0}), G1235=TravelResult(status=true, percent=1.0, trainType=TrainType(id=111e1aed-10dc-4356-ad7e-daa5e551d4a7, name=GaoTieOne, economyClass=2147483647, confortClass=2147483647, averageSpeed=250), route=Route(id=aefcef3f-3f42-46e8-afd7-6cb2a928bd3d, stations=[nanjing, shanghai], distances=[0, 250], startStation=nanjing, endStation=shanghai), prices={confortClass=250.0, economyClass=125.0}), G1234=TravelResult(status=true, percent=1.0, trainType=TrainType(id=111e1aed-10dc-4356-ad7e-daa5e551d4a7, name=GaoTieOne, economyClass=2147483647, confortClass=2147483647, averageSpeed=250), route=Route(id=92708982-77af-4318-be25-57ccb0ff69ad, stations=[nanjing, zhenjiang, wuxi, suzhou, shanghai], distances=[0, 100, 150, 200, 250], startStation=nanjing, endStation=shanghai), prices={confortClass=250.0, economyClass=95.0})}]\n"",""stream"":""stdout"",""time"":""2025-06-06T09:23:00.586703735Z""}"
2025-06-06T09:23:00.586508478Z,1674984180586508478,33.33.33.76,ts-basic-service-5dc8d4f9fd-46997,server,56d09a3249ec2dc4adc3e40af9c13af1,9b28f90c9f4774e2,"{""log"":""17:23:00.586 INFO  f.m.s.BasicServiceImpl#481 TraceID: 56d09a3249ec2dc4adc3e40af9c13af1 SpanID: 9b28f90c9f4774e2 [queryPriceConfigByRouteIdsAndTrainTypes][Get Price Config by routeId and trainType][Success][priceConfigs: {92708982-77af-4318-be25-57ccb0ff69ad:GaoTieOne={id=6d20b8cb-039c-474c-ae25-b6177ea41152, trainType=GaoTieOne, routeId=92708982-77af-4318-be25-57ccb0ff69ad, basicPriceRate=0.38, firstClassPriceRate=1.0}, aefcef3f-3f42-46e8-afd7-6cb2a928bd3d:GaoTieOne={id=c5679b7e-4a54-4f52-9939-1ae86ba16fa7, trainType=GaoTieOne, routeId=aefcef3f-3f42-46e8-afd7-6cb2a928bd3d, basicPriceRate=0.5, firstClassPriceRate=1.0}, a3f256c1-0e43-4f7d-9c21-121bf258101f:GaoTieOne={id=719287d6-d3e7-4b54-9a92-71d039748b22, trainType=GaoTieOne, routeId=a3f256c1-0e43-4f7d-9c21-121bf258101f, basicPriceRate=0.7, firstClassPriceRate=1.0}}]\n"",""stream"":""stdout"",""time"":""2025-06-06T09:23:00.586508478Z""}"
2025-06-06T09:23:00.577873655Z,1674984180577873655,33.33.33.76,ts-basic-service-5dc8d4f9fd-46997,server,56d09a3249ec2dc4adc3e40af9c13af1,9b28f90c9f4774e2,"{""log"":""17:23:00.577 INFO  f.m.s.BasicServiceImpl#459 TraceID: 56d09a3249ec2dc4adc3e40af9c13af1 SpanID: 9b28f90c9f4774e2 [queryPriceConfigByRouteIdsAndTrainTypes][Query For Price Config][RouteId and TrainType: [a3f256c1-0e43-4f7d-9c21-121bf258101f:GaoTieOne, aefcef3f-3f42-46e8-afd7-6cb2a928bd3d:GaoTieOne, 92708982-77af-4318-be25-57ccb0ff69ad:GaoTieOne]]\n"",""stream"":""stdout"",""time"":""2025-06-06T09:23:00.577873655Z""}"
2025-06-06T09:23:00.577417585Z,1674984180577417585,33.33.33.76,ts-basic-service-5dc8d4f9fd-46997,server,56d09a3249ec2dc4adc3e40af9c13af1,9b28f90c9f4774e2,"{""log"":""17:23:00.577 ERROR  f.m.s.BasicServiceImpl#415 TraceID: 56d09a3249ec2dc4adc3e40af9c13af1 SpanID: 9b28f90c9f4774e2 [getRoutesByRouteIds][Get Route By Ids Failed]\n"",""stream"":""stdout"",""time"":""2025-06-06T09:23:00.577417585Z""}"
2025-06-06T09:23:00.558473852Z,1674984180558473852,33.33.33.76,ts-basic-service-5dc8d4f9fd-46997,server,56d09a3249ec2dc4adc3e40af9c13af1,9b28f90c9f4774e2,"{""log"":""17:23:00.558 INFO  f.m.s.BasicServiceImpl#405 TraceID: 56d09a3249ec2dc4adc3e40af9c13af1 SpanID: 9b28f90c9f4774e2 [getRoutesByRouteIds][Get Route By Ids][Route IDs: [92708982-77af-4318-be25-57ccb0ff69ad, aefcef3f-3f42-46e8-afd7-6cb2a928bd3d, a3f256c1-0e43-4f7d-9c21-121bf258101f, 084837bb-53c8-4438-87c8-0321a4d09917, f3d4d4ef-693b-4456-8eed-59c0d717dd08]]\n"",""stream"":""stdout"",""time"":""2025-06-06T09:23:00.558473852Z""}"
2025-06-06T09:23:00.550584244Z,1674984180550584244,33.33.33.76,ts-basic-service-5dc8d4f9fd-46997,server,56d09a3249ec2dc4adc3e40af9c13af1,9b28f90c9f4774e2,"{""log"":""17:23:00.550 INFO  f.m.s.BasicServiceImpl#374 TraceID: 56d09a3249ec2dc4adc3e40af9c13af1 SpanID: 9b28f90c9f4774e2 [queryTrainTypeByNames][Query Train Type][Train Type names: [DongCheOne, GaoTieOne, GaoTieTwo]]\n"",""stream"":""stdout"",""time"":""2025-06-06T09:23:00.550584244Z""}"
2025-06-06T09:23:00.545943218Z,1674984180545943218,33.33.33.76,ts-basic-service-5dc8d4f9fd-46997,server,56d09a3249ec2dc4adc3e40af9c13af1,9b28f90c9f4774e2,"{""log"":""17:23:00.545 INFO  f.m.s.BasicServiceImpl#343 TraceID: 56d09a3249ec2dc4adc3e40af9c13af1 SpanID: 9b28f90c9f4774e2 [checkStationsExists][Check Stations Exists][stationNames: [nanjing, shanghai]]\n"",""stream"":""stdout"",""time"":""2025-06-06T09:23:00.545943218Z""}"
2025-06-06T09:23:00.545873942Z,1674984180545873942,33.33.33.76,ts-basic-service-5dc8d4f9fd-46997,server,56d09a3249ec2dc4adc3e40af9c13af1,9b28f90c9f4774e2,"{""log"":""17:23:00.545 INFO  f.m.c.BasicController#45 TraceID: 56d09a3249ec2dc4adc3e40af9c13af1 SpanID: 9b28f90c9f4774e2 [queryForTravels][Query for travels][Travels: [Travel(trip=Trip(id=015fd636-861e-4714-9347-2efbb1a98f37, tripId=G1234, trainTypeName=GaoTieOne, routeId=92708982-77af-4318-be25-57ccb0ff69ad, startStationName=shanghai, stationsName=suzhou, terminalStationName=taiyuan, startTime=2013-05-04 09:00:00, endTime=2013-05-04 15:51:52), startPlace=nanjing, endPlace=shanghai, departureTime=2023-01-29 15:38:06), Travel(trip=Trip(id=38893061-3fd2-4ac4-bbc9-f0d727f83d6f, tripId=G1235, trainTypeName=GaoTieOne, routeId=aefcef3f-3f42-46e8-afd7-6cb2a928bd3d, startStationName=shanghai, stationsName=suzhou, terminalStationName=taiyuan, startTime=2013-05-04 12:00:00, endTime=2013-05-04 17:51:52), startPlace=nanjing, endPlace=shanghai, departureTime=2023-01-29 15:38:06), Travel(trip=Trip(id=cfcf2553-3371-42c5-b583-a3c4bb8ef505, tripId=G1236, trainTypeName=GaoTieOne, routeId=a3f256c1-0e43-4f7d-9c21-121bf258101f, startStationName=shanghai, stationsName=suzhou, terminalStationName=taiyuan, startTime=2013-05-04 14:00:00, endTime=2013-05-04 20:51:52), startPlace=nanjing, endPlace=shanghai, departureTime=2023-01-29 15:38:06), Travel(trip=Trip(id=a71c2e28-22c2-4b7f-90cf-715a7f4b35b4, tripId=G1237, trainTypeName=GaoTieTwo, routeId=084837bb-53c8-4438-87c8-0321a4d09917, startStationName=shanghai, stationsName=suzhou, terminalStationName=taiyuan, startTime=2013-05-04 08:00:00, endTime=2013-05-04 17:21:52), startPlace=nanjing, endPlace=shanghai, departureTime=2023-01-29 15:38:06), Travel(trip=Trip(id=465eec52-1bc7-4d8b-8c38-e8f210bb3a77, tripId=D1345, trainTypeName=DongCheOne, routeId=f3d4d4ef-693b-4456-8eed-59c0d717dd08, startStationName=shanghai, stationsName=suzhou, terminalStationName=taiyuan, startTime=2013-05-04 07:00:00, endTime=2013-05-04 19:59:52), startPlace=nanjing, endPlace=shanghai, departureTime=2023-01-29 15:38:06)]]\n"",""stream"":""stdout"",""time"":""2025-06-06T09:23:00.545873942Z""}"
2025-06-06T09:22:43.618752382Z,1674984163618752382,33.33.33.116,ts-travel-service-64469b5b48-25zj6,server,af5a3cd9422ab6cafe946c2d6f891e21,30347261e6276af0,"{""log"":""17:22:43.618 INFO  t.s.TravelServiceImpl#457 TraceID: af5a3cd9422ab6cafe946c2d6f891e21 SpanID: 30347261e6276af0 [getTickets][Calculate distance][calculate time：60  time: Sat May 04 10:00:00 CST 2013]\n"",""stream"":""stdout"",""time"":""2025-06-06T09:22:43.618752382Z""}"
2025-06-06T09:22:43.618595263Z,1674984163618595263,33.33.33.116,ts-travel-service-64469b5b48-25zj6,server,af5a3cd9422ab6cafe946c2d6f891e21,30347261e6276af0,"{""log"":""17:22:43.618 INFO  t.s.TravelServiceImpl#451 TraceID: af5a3cd9422ab6cafe946c2d6f891e21 SpanID: 30347261e6276af0 [getTickets][Calculate distance][calculate time：48  time: Sat May 04 09:48:00 CST 2013]\n"",""stream"":""stdout"",""time"":""2025-06-06T09:22:43.618595263Z""}"
2025-06-06T09:22:43.618433391Z,1674984163618433391,33.33.33.116,ts-travel-service-64469b5b48-25zj6,server,af5a3cd9422ab6cafe946c2d6f891e21,30347261e6276af0,"{""log"":""17:22:43.617 INFO  t.s.TravelServiceImpl#558 TraceID: af5a3cd9422ab6cafe946c2d6f891e21 SpanID: 30347261e6276af0 [getRestTicketNumber][Get Rest tickets num][num is: Response(status=1, msg=Get Left Ticket of Internal Success, data=1073741823)]\n"",""stream"":""stdout"",""time"":""2025-06-06T09:22:43.618433391Z""}"
2025-06-06T09:22:43.379390728Z,1674984163379390728,33.33.33.116,ts-travel-service-64469b5b48-25zj6,server,af5a3cd9422ab6cafe946c2d6f891e21,30347261e6276af0,"{""log"":""17:22:43.379 INFO  t.s.TravelServiceImpl#548 TraceID: af5a3cd9422ab6cafe946c2d6f891e21 SpanID: 30347261e6276af0 [getRestTicketNumber][Seat request][request: Seat(travelDate=2023-01-29 15:38:06, trainNumber=G1234, startStation=suzhou, destStation=shanghai, seatType=3, totalNum=2147483647, stations=[nanjing, zhenjiang, wuxi, suzhou, shanghai])]\n"",""stream"":""stdout"",""time"":""2025-06-06T09:22:43.379390728Z""}"
2025-06-06T09:22:43.37927376Z,1674984163379273760,33.33.33.116,ts-travel-service-64469b5b48-25zj6,server,af5a3cd9422ab6cafe946c2d6f891e21,30347261e6276af0,"{""log"":""17:22:43.378 INFO  t.s.TravelServiceImpl#558 TraceID: af5a3cd9422ab6cafe946c2d6f891e21 SpanID: 30347261e6276af0 [getRestTicketNumber][Get Rest tickets num][num is: Response(status=1, msg=Get Left Ticket of Internal Success, data=1073741823)]\n"",""stream"":""stdout"",""time"":""2025-06-06T09:22:43.37927376Z""}"
2025-06-06T09:22:43.364810879Z,1674984163364810879,33.33.33.116,ts-travel-service-64469b5b48-25zj6,server,af5a3cd9422ab6cafe946c2d6f891e21,30347261e6276af0,"{""log"":""17:22:43.364 INFO  t.s.TravelServiceImpl#548 TraceID: af5a3cd9422ab6cafe946c2d6f891e21 SpanID: 30347261e6276af0 [getRestTicketNumber][Seat request][request: Seat(travelDate=2023-01-29 15:38:06, trainNumber=G1234, startStation=suzhou, destStation=shanghai, seatType=2, totalNum=2147483647, stations=[nanjing, zhenjiang, wuxi, suzhou, shanghai])]\n"",""stream"":""stdout"",""time"":""2025-06-06T09:22:43.364810879Z""}"
2025-06-06T09:22:43.364679588Z,1674984163364679588,33.33.33.116,ts-travel-service-64469b5b48-25zj6,server,af5a3cd9422ab6cafe946c2d6f891e21,30347261e6276af0,"{""log"":""17:22:43.364 INFO  t.s.TravelServiceImpl#457 TraceID: af5a3cd9422ab6cafe946c2d6f891e21 SpanID: 30347261e6276af0 [getTickets][Calculate distance][calculate time：60  time: Sat May 04 15:00:00 CST 2013]\n"",""stream"":""stdout"",""time"":""2025-06-06T09:22:43.364679588Z""}"
2025-06-06T09:22:43.364544235Z,1674984163364544235,33.33.33.116,ts-travel-service-64469b5b48-25zj6,server,af5a3cd9422ab6cafe946c2d6f891e21,30347261e6276af0,"{""log"":""17:22:43.364 INFO  t.s.TravelServiceImpl#451 TraceID: af5a3cd9422ab6cafe946c2d6f891e21 SpanID: 30347261e6276af0 [getTickets][Calculate distance][calculate time：48  time: Sat May 04 14:48:00 CST 2013]\n"",""stream"":""stdout"",""time"":""2025-06-06T09:22:43.364544235Z""}"
2025-06-06T09:22:43.364391491Z,1674984163364391491,33.33.33.116,ts-travel-service-64469b5b48-25zj6,server,af5a3cd9422ab6cafe946c2d6f891e21,30347261e6276af0,"{""log"":""17:22:43.364 INFO  t.s.TravelServiceImpl#558 TraceID: af5a3cd9422ab6cafe946c2d6f891e21 SpanID: 30347261e6276af0 [getRestTicketNumber][Get Rest tickets num][num is: Response(status=1, msg=Get Left Ticket of Internal Success, data=1073741823)]\n"",""stream"":""stdout"",""time"":""2025-06-06T09:22:43.364391491Z""}"
2025-06-06T09:22:43.35068438Z,1674984163350684380,33.33.33.116,ts-travel-service-64469b5b48-25zj6,server,af5a3cd9422ab6cafe946c2d6f891e21,30347261e6276af0,"{""log"":""17:22:43.350 INFO  t.s.TravelServiceImpl#548 TraceID: af5a3cd9422ab6cafe946c2d6f891e21 SpanID: 30347261e6276af0 [getRestTicketNumber][Seat request][request: Seat(travelDate=2023-01-29 15:38:06, trainNumber=G1236, startStation=suzhou, destStation=shanghai, seatType=3, totalNum=2147483647, stations=[nanjing, suzhou, shanghai])]\n"",""stream"":""stdout"",""time"":""2025-06-06T09:22:43.35068438Z""}"
2025-06-06T09:22:43.350562366Z,1674984163350562366,33.33.33.116,ts-travel-service-64469b5b48-25zj6,server,af5a3cd9422ab6cafe946c2d6f891e21,30347261e6276af0,"{""log"":""17:22:43.350 INFO  t.s.TravelServiceImpl#558 TraceID: af5a3cd9422ab6cafe946c2d6f891e21 SpanID: 30347261e6276af0 [getRestTicketNumber][Get Rest tickets num][num is: Response(status=1, msg=Get Left Ticket of Internal Success, data=1073741823)]\n"",""stream"":""stdout"",""time"":""2025-06-06T09:22:43.350562366Z""}"
2025-06-06T09:22:43.334960575Z,1674984163334960575,33.33.33.116,ts-travel-service-64469b5b48-25zj6,server,af5a3cd9422ab6cafe946c2d6f891e21,30347261e6276af0,"{""log"":""17:22:43.334 INFO  t.s.TravelServiceImpl#548 TraceID: af5a3cd9422ab6cafe946c2d6f891e21 SpanID: 30347261e6276af0 [getRestTicketNumber][Seat request][request: Seat(travelDate=2023-01-29 15:38:06, trainNumber=G1236, startStation=suzhou, destStation=shanghai, seatType=2, totalNum=2147483647, stations=[nanjing, suzhou, shanghai])]\n"",""stream"":""stdout"",""time"":""2025-06-06T09:22:43.334960575Z""}"
2025-06-06T09:22:43.334822691Z,1674984163334822691,33.33.33.116,ts-travel-service-64469b5b48-25zj6,server,af5a3cd9422ab6cafe946c2d6f891e21,30347261e6276af0,"{""log"":""17:22:43.334 INFO  t.s.TravelServiceImpl#457 TraceID: af5a3cd9422ab6cafe946c2d6f891e21 SpanID: 30347261e6276af0 [getTickets][Calculate distance][calculate time：15  time: Sat May 04 08:15:00 CST 2013]\n"",""stream"":""stdout"",""time"":""2025-06-06T09:22:43.334822691Z""}"
2025-06-06T09:22:43.334687314Z,1674984163334687314,33.33.33.116,ts-travel-service-64469b5b48-25zj6,server,af5a3cd9422ab6cafe946c2d6f891e21,30347261e6276af0,"{""log"":""17:22:43.334 INFO  t.s.TravelServiceImpl#451 TraceID: af5a3cd9422ab6cafe946c2d6f891e21 SpanID: 30347261e6276af0 [getTickets][Calculate distance][calculate time：0  time: Sat May 04 08:00:00 CST 2013]\n"",""stream"":""stdout"",""time"":""2025-06-06T09:22:43.334687314Z""}"
2025-06-06T09:22:43.33452039Z,1674984163334520390,33.33.33.116,ts-travel-service-64469b5b48-25zj6,server,af5a3cd9422ab6cafe946c2d6f891e21,30347261e6276af0,"{""log"":""17:22:43.334 INFO  t.s.TravelServiceImpl#558 TraceID: af5a3cd9422ab6cafe946c2d6f891e21 SpanID: 30347261e6276af0 [getRestTicketNumber][Get Rest tickets num][num is: Response(status=1, msg=Get Left Ticket of Internal Success, data=1073741823)]\n"",""stream"":""stdout"",""time"":""2025-06-06T09:22:43.33452039Z""}"
2025-06-06T09:22:43.29071239Z,1674984163290712390,33.33.33.116,ts-travel-service-64469b5b48-25zj6,server,af5a3cd9422ab6cafe946c2d6f891e21,30347261e6276af0,"{""log"":""17:22:43.290 INFO  t.s.TravelServiceImpl#548 TraceID: af5a3cd9422ab6cafe946c2d6f891e21 SpanID: 30347261e6276af0 [getRestTicketNumber][Seat request][request: Seat(travelDate=2023-01-29 15:38:06, trainNumber=G1237, startStation=suzhou, destStation=shanghai, seatType=3, totalNum=2147483647, stations=[suzhou, shanghai])]\n"",""stream"":""stdout"",""time"":""2025-06-06T09:22:43.29071239Z""}"
2025-06-06T09:22:43.290604587Z,1674984163290604587,33.33.33.116,ts-travel-service-64469b5b48-25zj6,server,af5a3cd9422ab6cafe946c2d6f891e21,30347261e6276af0,"{""log"":""17:22:43.290 INFO  t.s.TravelServiceImpl#558 TraceID: af5a3cd9422ab6cafe946c2d6f891e21 SpanID: 30347261e6276af0 [getRestTicketNumber][Get Rest tickets num][num is: Response(status=1, msg=Get Left Ticket of Internal Success, data=1073741823)]\n"",""stream"":""stdout"",""time"":""2025-06-06T09:22:43.290604587Z""}"
2025-06-06T09:22:43.264063043Z,1674984163264063043,33.33.33.116,ts-travel-service-64469b5b48-25zj6,server,af5a3cd9422ab6cafe946c2d6f891e21,30347261e6276af0,"{""log"":""17:22:43.263 INFO  t.s.TravelServiceImpl#548 TraceID: af5a3cd9422ab6cafe946c2d6f891e21 SpanID: 30347261e6276af0 [getRestTicketNumber][Seat request][request: Seat(travelDate=2023-01-29 15:38:06, trainNumber=G1237, startStation=suzhou, destStation=shanghai, seatType=2, totalNum=2147483647, stations=[suzhou, shanghai])]\n"",""stream"":""stdout"",""time"":""2025-06-06T09:22:43.264063043Z""}"
2025-06-06T09:22:43.21493871Z,1674984163214938710,33.33.33.116,ts-travel-service-64469b5b48-25zj6,server,af5a3cd9422ab6cafe946c2d6f891e21,30347261e6276af0,"{""log"":""17:22:43.214 INFO  t.s.TravelServiceImpl#343 TraceID: af5a3cd9422ab6cafe946c2d6f891e21 SpanID: 30347261e6276af0 [getTicketsByBatch][before get basic][trips: [Trip(id=015fd636-861e-4714-9347-2efbb1a98f37, tripId=G1234, trainTypeName=GaoTieOne, routeId=92708982-77af-4318-be25-57ccb0ff69ad, startStationName=shanghai, stationsName=suzhou, terminalStationName=taiyuan, startTime=2013-05-04 09:00:00, endTime=2013-05-04 15:51:52), Trip(id=38893061-3fd2-4ac4-bbc9-f0d727f83d6f, tripId=G1235, trainTypeName=GaoTieOne, routeId=aefcef3f-3f42-46e8-afd7-6cb2a928bd3d, startStationName=shanghai, stationsName=suzhou, terminalStationName=taiyuan, startTime=2013-05-04 12:00:00, endTime=2013-05-04 17:51:52), Trip(id=cfcf2553-3371-42c5-b583-a3c4bb8ef505, tripId=G1236, trainTypeName=GaoTieOne, routeId=a3f256c1-0e43-4f7d-9c21-121bf258101f, startStationName=shanghai, stationsName=suzhou, terminalStationName=taiyuan, startTime=2013-05-04 14:00:00, endTime=2013-05-04 20:51:52), Trip(id=a71c2e28-22c2-4b7f-90cf-715a7f4b35b4, tripId=G1237, trainTypeName=GaoTieTwo, routeId=084837bb-53c8-4438-87c8-0321a4d09917, startStationName=shanghai, stationsName=suzhou, terminalStationName=taiyuan, startTime=2013-05-04 08:00:00, endTime=2013-05-04 17:21:52), Trip(id=465eec52-1bc7-4d8b-8c38-e8f210bb3a77, tripId=D1345, trainTypeName=DongCheOne, routeId=f3d4d4ef-693b-4456-8eed-59c0d717dd08, startStationName=shanghai, stationsName=suzhou, terminalStationName=taiyuan, startTime=2013-05-04 07:00:00, endTime=2013-05-04 19:59:52)]]\n"",""stream"":""stdout"",""time"":""2025-06-06T09:22:43.21493871Z""}"
2025-06-06T09:22:43.214745825Z,1674984163214745825,33.33.33.116,ts-travel-service-64469b5b48-25zj6,server,af5a3cd9422ab6cafe946c2d6f891e21,30347261e6276af0,"{""log"":""17:22:43.214 INFO  t.s.TravelServiceImpl#487 TraceID: af5a3cd9422ab6cafe946c2d6f891e21 SpanID: 30347261e6276af0 [departrue date][y: 2023][m:0][d: 29]\n"",""stream"":""stdout"",""time"":""2025-06-06T09:22:43.214745825Z""}"
2025-06-06T09:22:43.214633294Z,1674984163214633294,33.33.33.116,ts-travel-service-64469b5b48-25zj6,server,af5a3cd9422ab6cafe946c2d6f891e21,30347261e6276af0,"{""log"":""17:22:43.214 INFO  t.s.TravelServiceImpl#486 TraceID: af5a3cd9422ab6cafe946c2d6f891e21 SpanID: 30347261e6276af0 [today date][y: 2023][m:0][d: 29]\n"",""stream"":""stdout"",""time"":""2025-06-06T09:22:43.214633294Z""}"
2025-06-06T09:22:43.211827083Z,1674984163211827083,33.33.33.116,ts-travel-service-64469b5b48-25zj6,server,af5a3cd9422ab6cafe946c2d6f891e21,30347261e6276af0,"{""log"":""17:22:43.211 INFO  t.c.TravelController#122 TraceID: af5a3cd9422ab6cafe946c2d6f891e21 SpanID: 30347261e6276af0 [query][Query TripResponse]\n"",""stream"":""stdout"",""time"":""2025-06-06T09:22:43.211827083Z""}"
2025-06-06T09:22:43.230221061Z,1674984163230221061,33.33.33.79,ts-train-service-86f5f97bc9-dkqmf,server,af5a3cd9422ab6cafe946c2d6f891e21,2c88ffec24a39994,"{""log"":""17:22:43.229 INFO  t.c.TrainController#72 TraceID: af5a3cd9422ab6cafe946c2d6f891e21 SpanID: 2c88ffec24a39994 [retrieveByNames][Retrieve train][TrainTypeNames: [DongCheOne, GaoTieOne, GaoTieTwo]]\n"",""stream"":""stdout"",""time"":""2025-06-06T09:22:43.230221061Z""}"
2025-06-06T09:22:43.221601562Z,1674984163221601562,33.33.33.76,ts-station-service-7f4f5f6f77-5qb6j,server,af5a3cd9422ab6cafe946c2d6f891e21,6637605bc474da09,"{""log"":""17:22:43.221 INFO  f.m.c.StationController#71 TraceID: af5a3cd9422ab6cafe946c2d6f891e21 SpanID: 6637605bc474da09 [queryForIdBatch][Query stations for id batch][StationNameNumbers: 2]\n"",""stream"":""stdout"",""time"":""2025-06-06T09:22:43.221601562Z""}"
2025-06-06T09:22:43.616810681Z,1674984163616810681,33.33.33.82,ts-seat-service-5c95b49cff-tdsdz,server,af5a3cd9422ab6cafe946c2d6f891e21,5881ec0930691677,"{""log"":""17:22:43.616 INFO  s.s.SeatServiceImpl#217 TraceID: af5a3cd9422ab6cafe946c2d6f891e21 SpanID: 5881ec0930691677 [getDirectProportion][Configs is : Config(name=DirectTicketAllocationProportion, value=0.5, description=Allocation Proportion Of The Direct Ticket - From Start To End)]\n"",""stream"":""stdout"",""time"":""2025-06-06T09:22:43.616810681Z""}"
2025-06-06T09:22:43.611603588Z,1674984163611603588,33.33.33.82,ts-seat-service-5c95b49cff-tdsdz,server,af5a3cd9422ab6cafe946c2d6f891e21,5881ec0930691677,"{""log"":""17:22:43.610 INFO  s.s.SeatServiceImpl#151 TraceID: af5a3cd9422ab6cafe946c2d6f891e21 SpanID: 5881ec0930691677 [getLeftTicketOfInterval][Get Order tickets result][result is \u003c200,Response(status=0, msg=Order is Null., data=null),[vary:\""Origin,Access-Control-Request-Method,Access-Control-Request-Headers\"", x-content-type-options:\""nosniff\"", x-xss-protection:\""1; mode=block\"", cache-control:\""no-cache, no-store, max-age=0, must-revalidate\"", pragma:\""no-cache\"", expires:\""0\"", x-frame-options:\""DENY\"", content-type:\""application/json\"", date:\""Sun, 29 Jan 2023 09:22:43 GMT\"", x-envoy-upstream-service-time:\""4\"", server:\""envoy\"", transfer-encoding:\""chunked\""]\u003e]\n"",""stream"":""stdout"",""time"":""2025-06-06T09:22:43.611603588Z""}"
2025-06-06T09:22:43.60518969Z,1674984163605189690,33.33.33.82,ts-seat-service-5c95b49cff-tdsdz,server,af5a3cd9422ab6cafe946c2d6f891e21,5881ec0930691677,"{""log"":""17:22:43.604 INFO  s.s.SeatServiceImpl#139 TraceID: af5a3cd9422ab6cafe946c2d6f891e21 SpanID: 5881ec0930691677 [getLeftTicketOfInterval][TrainNumber start with G|D][trainNumber:G1234]\n"",""stream"":""stdout"",""time"":""2025-06-06T09:22:43.60518969Z""}"
2025-06-06T09:22:43.604873248Z,1674984163604873248,33.33.33.82,ts-seat-service-5c95b49cff-tdsdz,server,af5a3cd9422ab6cafe946c2d6f891e21,5881ec0930691677,"{""log"":""17:22:43.604 INFO  s.s.SeatServiceImpl#137 TraceID: af5a3cd9422ab6cafe946c2d6f891e21 SpanID: 5881ec0930691677 [getLeftTicketOfInterval][Seat request][request:Seat(travelDate=2023-01-29 15:38:06, trainNumber=G1234, startStation=suzhou, destStation=shanghai, seatType=3, totalNum=2147483647, stations=[nanjing, zhenjiang, wuxi, suzhou, shanghai])]\n"",""stream"":""stdout"",""time"":""2025-06-06T09:22:43.604873248Z""}"
2025-06-06T09:22:43.60453216Z,1674984163604532160,33.33.33.82,ts-seat-service-5c95b49cff-tdsdz,server,af5a3cd9422ab6cafe946c2d6f891e21,5881ec0930691677,"{""log"":""17:22:43.603 INFO  s.c.SeatController#57 TraceID: af5a3cd9422ab6cafe946c2d6f891e21 SpanID: 5881ec0930691677 [getLeftTicketOfInterval][Get left ticket of interval][TravelDate: 2023-01-29 15:38:06,TrainNumber: G1234,SeatType: 3]\n"",""stream"":""stdout"",""time"":""2025-06-06T09:22:43.60453216Z""}"
2025-06-06T09:22:43.377839951Z,1674984163377839951,33.33.33.82,ts-seat-service-5c95b49cff-tdsdz,server,af5a3cd9422ab6cafe946c2d6f891e21,50a8fb5d15f5bc8e,"{""log"":""17:22:43.377 INFO  s.s.SeatServiceImpl#217 TraceID: af5a3cd9422ab6cafe946c2d6f891e21 SpanID: 50a8fb5d15f5bc8e [getDirectProportion][Configs is : Config(name=DirectTicketAllocationProportion, value=0.5, description=Allocation Proportion Of The Direct Ticket - From Start To End)]\n"",""stream"":""stdout"",""time"":""2025-06-06T09:22:43.377839951Z""}"
2025-06-06T09:22:43.373547401Z,1674984163373547401,33.33.33.82,ts-seat-service-5c95b49cff-tdsdz,server,af5a3cd9422ab6cafe946c2d6f891e21,50a8fb5d15f5bc8e,"{""log"":""17:22:43.372 INFO  s.s.SeatServiceImpl#151 TraceID: af5a3cd9422ab6cafe946c2d6f891e21 SpanID: 50a8fb5d15f5bc8e [getLeftTicketOfInterval][Get Order tickets result][result is \u003c200,Response(status=0, msg=Order is Null., data=null),[vary:\""Origin,Access-Control-Request-Method,Access-Control-Request-Headers\"", x-content-type-options:\""nosniff\"", x-xss-protection:\""1; mode=block\"", cache-control:\""no-cache, no-store, max-age=0, must-revalidate\"", pragma:\""no-cache\"", expires:\""0\"", x-frame-options:\""DENY\"", content-type:\""application/json\"", date:\""Sun, 29 Jan 2023 09:22:42 GMT\"", x-envoy-upstream-service-time:\""3\"", server:\""envoy\"", transfer-encoding:\""chunked\""]\u003e]\n"",""stream"":""stdout"",""time"":""2025-06-06T09:22:43.373547401Z""}"
2025-06-06T09:22:43.368262684Z,1674984163368262684,33.33.33.82,ts-seat-service-5c95b49cff-tdsdz,server,af5a3cd9422ab6cafe946c2d6f891e21,50a8fb5d15f5bc8e,"{""log"":""17:22:43.367 INFO  s.s.SeatServiceImpl#139 TraceID: af5a3cd9422ab6cafe946c2d6f891e21 SpanID: 50a8fb5d15f5bc8e [getLeftTicketOfInterval][TrainNumber start with G|D][trainNumber:G1234]\n"",""stream"":""stdout"",""time"":""2025-06-06T09:22:43.368262684Z""}"
2025-06-06T09:22:43.367958986Z,1674984163367958986,33.33.33.82,ts-seat-service-5c95b49cff-tdsdz,server,af5a3cd9422ab6cafe946c2d6f891e21,50a8fb5d15f5bc8e,"{""log"":""17:22:43.367 INFO  s.s.SeatServiceImpl#137 TraceID: af5a3cd9422ab6cafe946c2d6f891e21 SpanID: 50a8fb5d15f5bc8e [getLeftTicketOfInterval][Seat request][request:Seat(travelDate=2023-01-29 15:38:06, trainNumber=G1234, startStation=suzhou, destStation=shanghai, seatType=2, totalNum=2147483647, stations=[nanjing, zhenjiang, wuxi, suzhou, shanghai])]\n"",""stream"":""stdout"",""time"":""2025-06-06T09:22:43.367958986Z""}"
2025-06-06T09:22:43.367587308Z,1674984163367587308,33.33.33.82,ts-seat-service-5c95b49cff-tdsdz,server,af5a3cd9422ab6cafe946c2d6f891e21,50a8fb5d15f5bc8e,"{""log"":""17:22:43.366 INFO  s.c.SeatController#57 TraceID: af5a3cd9422ab6cafe946c2d6f891e21 SpanID: 50a8fb5d15f5bc8e [getLeftTicketOfInterval][Get left ticket of interval][TravelDate: 2023-01-29 15:38:06,TrainNumber: G1234,SeatType: 2]\n"",""stream"":""stdout"",""time"":""2025-06-06T09:22:43.367587308Z""}"
2025-06-06T09:22:43.363114791Z,1674984163363114791,33.33.33.82,ts-seat-service-5c95b49cff-tdsdz,server,af5a3cd9422ab6cafe946c2d6f891e21,d242f916ffe94425,"{""log"":""17:22:43.362 INFO  s.s.SeatServiceImpl#217 TraceID: af5a3cd9422ab6cafe946c2d6f891e21 SpanID: d242f916ffe94425 [getDirectProportion][Configs is : Config(name=DirectTicketAllocationProportion, value=0.5, description=Allocation Proportion Of The Direct Ticket - From Start To End)]\n"",""stream"":""stdout"",""time"":""2025-06-06T09:22:43.363114791Z""}"
2025-06-06T09:22:43.358985106Z,1674984163358985106,33.33.33.82,ts-seat-service-5c95b49cff-tdsdz,server,af5a3cd9422ab6cafe946c2d6f891e21,d242f916ffe94425,"{""log"":""17:22:43.358 INFO  s.s.SeatServiceImpl#151 TraceID: af5a3cd9422ab6cafe946c2d6f891e21 SpanID: d242f916ffe94425 [getLeftTicketOfInterval][Get Order tickets result][result is \u003c200,Response(status=0, msg=Order is Null., data=null),[vary:\""Origin,Access-Control-Request-Method,Access-Control-Request-Headers\"", x-content-type-options:\""nosniff\"", x-xss-protection:\""1; mode=block\"", cache-control:\""no-cache, no-store, max-age=0, must-revalidate\"", pragma:\""no-cache\"", expires:\""0\"", x-frame-options:\""DENY\"", content-type:\""application/json\"", date:\""Sun, 29 Jan 2023 09:22:42 GMT\"", x-envoy-upstream-service-time:\""2\"", server:\""envoy\"", transfer-encoding:\""chunked\""]\u003e]\n"",""stream"":""stdout"",""time"":""2025-06-06T09:22:43.358985106Z""}"
2025-06-06T09:22:43.354224182Z,1674984163354224182,33.33.33.82,ts-seat-service-5c95b49cff-tdsdz,server,af5a3cd9422ab6cafe946c2d6f891e21,d242f916ffe94425,"{""log"":""17:22:43.353 INFO  s.s.SeatServiceImpl#139 TraceID: af5a3cd9422ab6cafe946c2d6f891e21 SpanID: d242f916ffe94425 [getLeftTicketOfInterval][TrainNumber start with G|D][trainNumber:G1236]\n"",""stream"":""stdout"",""time"":""2025-06-06T09:22:43.354224182Z""}"
2025-06-06T09:22:43.353913746Z,1674984163353913746,33.33.33.82,ts-seat-service-5c95b49cff-tdsdz,server,af5a3cd9422ab6cafe946c2d6f891e21,d242f916ffe94425,"{""log"":""17:22:43.353 INFO  s.s.SeatServiceImpl#137 TraceID: af5a3cd9422ab6cafe946c2d6f891e21 SpanID: d242f916ffe94425 [getLeftTicketOfInterval][Seat request][request:Seat(travelDate=2023-01-29 15:38:06, trainNumber=G1236, startStation=suzhou, destStation=shanghai, seatType=3, totalNum=2147483647, stations=[nanjing, suzhou, shanghai])]\n"",""stream"":""stdout"",""time"":""2025-06-06T09:22:43.353913746Z""}"
2025-06-06T09:22:43.353426872Z,1674984163353426872,33.33.33.82,ts-seat-service-5c95b49cff-tdsdz,server,af5a3cd9422ab6cafe946c2d6f891e21,d242f916ffe94425,"{""log"":""17:22:43.352 INFO  s.c.SeatController#57 TraceID: af5a3cd9422ab6cafe946c2d6f891e21 SpanID: d242f916ffe94425 [getLeftTicketOfInterval][Get left ticket of interval][TravelDate: 2023-01-29 15:38:06,TrainNumber: G1236,SeatType: 3]\n"",""stream"":""stdout"",""time"":""2025-06-06T09:22:43.353426872Z""}"
2025-06-06T09:22:43.348531187Z,1674984163348531187,33.33.33.82,ts-seat-service-5c95b49cff-tdsdz,server,af5a3cd9422ab6cafe946c2d6f891e21,a271d13ca7841b16,"{""log"":""17:22:43.347 INFO  s.s.SeatServiceImpl#217 TraceID: af5a3cd9422ab6cafe946c2d6f891e21 SpanID: a271d13ca7841b16 [getDirectProportion][Configs is : Config(name=DirectTicketAllocationProportion, value=0.5, description=Allocation Proportion Of The Direct Ticket - From Start To End)]\n"",""stream"":""stdout"",""time"":""2025-06-06T09:22:43.348531187Z""}"
2025-06-06T09:22:43.344182932Z,1674984163344182932,33.33.33.82,ts-seat-service-5c95b49cff-tdsdz,server,af5a3cd9422ab6cafe946c2d6f891e21,a271d13ca7841b16,"{""log"":""17:22:43.343 INFO  s.s.SeatServiceImpl#151 TraceID: af5a3cd9422ab6cafe946c2d6f891e21 SpanID: a271d13ca7841b16 [getLeftTicketOfInterval][Get Order tickets result][result is \u003c200,Response(status=0, msg=Order is Null., data=null),[vary:\""Origin,Access-Control-Request-Method,Access-Control-Request-Headers\"", x-content-type-options:\""nosniff\"", x-xss-protection:\""1; mode=block\"", cache-control:\""no-cache, no-store, max-age=0, must-revalidate\"", pragma:\""no-cache\"", expires:\""0\"", x-frame-options:\""DENY\"", content-type:\""application/json\"", date:\""Sun, 29 Jan 2023 09:22:42 GMT\"", x-envoy-upstream-service-time:\""3\"", server:\""envoy\"", transfer-encoding:\""chunked\""]\u003e]\n"",""stream"":""stdout"",""time"":""2025-06-06T09:22:43.344182932Z""}"
2025-06-06T09:22:43.338047604Z,1674984163338047604,33.33.33.82,ts-seat-service-5c95b49cff-tdsdz,server,af5a3cd9422ab6cafe946c2d6f891e21,a271d13ca7841b16,"{""log"":""17:22:43.337 INFO  s.s.SeatServiceImpl#139 TraceID: af5a3cd9422ab6cafe946c2d6f891e21 SpanID: a271d13ca7841b16 [getLeftTicketOfInterval][TrainNumber start with G|D][trainNumber:G1236]\n"",""stream"":""stdout"",""time"":""2025-06-06T09:22:43.338047604Z""}"
2025-06-06T09:22:43.337795314Z,1674984163337795314,33.33.33.82,ts-seat-service-5c95b49cff-tdsdz,server,af5a3cd9422ab6cafe946c2d6f891e21,a271d13ca7841b16,"{""log"":""17:22:43.337 INFO  s.s.SeatServiceImpl#137 TraceID: af5a3cd9422ab6cafe946c2d6f891e21 SpanID: a271d13ca7841b16 [getLeftTicketOfInterval][Seat request][request:Seat(travelDate=2023-01-29 15:38:06, trainNumber=G1236, startStation=suzhou, destStation=shanghai, seatType=2, totalNum=2147483647, stations=[nanjing, suzhou, shanghai])]\n"",""stream"":""stdout"",""time"":""2025-06-06T09:22:43.337795314Z""}"
2025-06-06T09:22:43.337529137Z,1674984163337529137,33.33.33.82,ts-seat-service-5c95b49cff-tdsdz,server,af5a3cd9422ab6cafe946c2d6f891e21,a271d13ca7841b16,"{""log"":""17:22:43.336 INFO  s.c.SeatController#57 TraceID: af5a3cd9422ab6cafe946c2d6f891e21 SpanID: a271d13ca7841b16 [getLeftTicketOfInterval][Get left ticket of interval][TravelDate: 2023-01-29 15:38:06,TrainNumber: G1236,SeatType: 2]\n"",""stream"":""stdout"",""time"":""2025-06-06T09:22:43.337529137Z""}"
2025-06-06T09:22:43.332989604Z,1674984163332989604,33.33.33.82,ts-seat-service-5c95b49cff-tdsdz,server,af5a3cd9422ab6cafe946c2d6f891e21,1abc0fdb8c4221ad,"{""log"":""17:22:43.332 INFO  s.s.SeatServiceImpl#217 TraceID: af5a3cd9422ab6cafe946c2d6f891e21 SpanID: 1abc0fdb8c4221ad [getDirectProportion][Configs is : Config(name=DirectTicketAllocationProportion, value=0.5, description=Allocation Proportion Of The Direct Ticket - From Start To End)]\n"",""stream"":""stdout"",""time"":""2025-06-06T09:22:43.332989604Z""}"
2025-06-06T09:22:43.328073322Z,1674984163328073322,33.33.33.82,ts-seat-service-5c95b49cff-tdsdz,server,af5a3cd9422ab6cafe946c2d6f891e21,1abc0fdb8c4221ad,"{""log"":""17:22:43.327 INFO  s.s.SeatServiceImpl#151 TraceID: af5a3cd9422ab6cafe946c2d6f891e21 SpanID: 1abc0fdb8c4221ad [getLeftTicketOfInterval][Get Order tickets result][result is \u003c200,Response(status=0, msg=Order is Null., data=null),[vary:\""Origin,Access-Control-Request-Method,Access-Control-Request-Headers\"", x-content-type-options:\""nosniff\"", x-xss-protection:\""1; mode=block\"", cache-control:\""no-cache, no-store, max-age=0, must-revalidate\"", pragma:\""no-cache\"", expires:\""0\"", x-frame-options:\""DENY\"", content-type:\""application/json\"", date:\""Sun, 29 Jan 2023 09:22:42 GMT\"", x-envoy-upstream-service-time:\""31\"", server:\""envoy\"", transfer-encoding:\""chunked\""]\u003e]\n"",""stream"":""stdout"",""time"":""2025-06-06T09:22:43.328073322Z""}"
2025-06-06T09:22:43.294377839Z,1674984163294377839,33.33.33.82,ts-seat-service-5c95b49cff-tdsdz,server,af5a3cd9422ab6cafe946c2d6f891e21,1abc0fdb8c4221ad,"{""log"":""17:22:43.293 INFO  s.s.SeatServiceImpl#139 TraceID: af5a3cd9422ab6cafe946c2d6f891e21 SpanID: 1abc0fdb8c4221ad [getLeftTicketOfInterval][TrainNumber start with G|D][trainNumber:G1237]\n"",""stream"":""stdout"",""time"":""2025-06-06T09:22:43.294377839Z""}"
2025-06-06T09:22:43.294062244Z,1674984163294062244,33.33.33.82,ts-seat-service-5c95b49cff-tdsdz,server,af5a3cd9422ab6cafe946c2d6f891e21,1abc0fdb8c4221ad,"{""log"":""17:22:43.293 INFO  s.s.SeatServiceImpl#137 TraceID: af5a3cd9422ab6cafe946c2d6f891e21 SpanID: 1abc0fdb8c4221ad [getLeftTicketOfInterval][Seat request][request:Seat(travelDate=2023-01-29 15:38:06, trainNumber=G1237, startStation=suzhou, destStation=shanghai, seatType=3, totalNum=2147483647, stations=[suzhou, shanghai])]\n"",""stream"":""stdout"",""time"":""2025-06-06T09:22:43.294062244Z""}"
2025-06-06T09:22:43.293662132Z,1674984163293662132,33.33.33.82,ts-seat-service-5c95b49cff-tdsdz,server,af5a3cd9422ab6cafe946c2d6f891e21,1abc0fdb8c4221ad,"{""log"":""17:22:43.292 INFO  s.c.SeatController#57 TraceID: af5a3cd9422ab6cafe946c2d6f891e21 SpanID: 1abc0fdb8c4221ad [getLeftTicketOfInterval][Get left ticket of interval][TravelDate: 2023-01-29 15:38:06,TrainNumber: G1237,SeatType: 3]\n"",""stream"":""stdout"",""time"":""2025-06-06T09:22:43.293662132Z""}"
2025-06-06T09:22:43.288994457Z,1674984163288994457,33.33.33.82,ts-seat-service-5c95b49cff-tdsdz,server,af5a3cd9422ab6cafe946c2d6f891e21,bd655c947343e397,"{""log"":""17:22:43.288 INFO  s.s.SeatServiceImpl#217 TraceID: af5a3cd9422ab6cafe946c2d6f891e21 SpanID: bd655c947343e397 [getDirectProportion][Configs is : Config(name=DirectTicketAllocationProportion, value=0.5, description=Allocation Proportion Of The Direct Ticket - From Start To End)]\n"",""stream"":""stdout"",""time"":""2025-06-06T09:22:43.288994457Z""}"
2025-06-06T09:22:43.283182788Z,1674984163283182788,33.33.33.82,ts-seat-service-5c95b49cff-tdsdz,server,af5a3cd9422ab6cafe946c2d6f891e21,bd655c947343e397,"{""log"":""17:22:43.282 INFO  s.s.SeatServiceImpl#151 TraceID: af5a3cd9422ab6cafe946c2d6f891e21 SpanID: bd655c947343e397 [getLeftTicketOfInterval][Get Order tickets result][result is \u003c200,Response(status=0, msg=Order is Null., data=null),[vary:\""Origin,Access-Control-Request-Method,Access-Control-Request-Headers\"", x-content-type-options:\""nosniff\"", x-xss-protection:\""1; mode=block\"", cache-control:\""no-cache, no-store, max-age=0, must-revalidate\"", pragma:\""no-cache\"", expires:\""0\"", x-frame-options:\""DENY\"", content-type:\""application/json\"", date:\""Sun, 29 Jan 2023 09:22:42 GMT\"", x-envoy-upstream-service-time:\""4\"", server:\""envoy\"", transfer-encoding:\""chunked\""]\u003e]\n"",""stream"":""stdout"",""time"":""2025-06-06T09:22:43.283182788Z""}"
2025-06-06T09:22:43.27474976Z,1674984163274749760,33.33.33.82,ts-seat-service-5c95b49cff-tdsdz,server,af5a3cd9422ab6cafe946c2d6f891e21,bd655c947343e397,"{""log"":""17:22:43.274 INFO  s.s.SeatServiceImpl#139 TraceID: af5a3cd9422ab6cafe946c2d6f891e21 SpanID: bd655c947343e397 [getLeftTicketOfInterval][TrainNumber start with G|D][trainNumber:G1237]\n"",""stream"":""stdout"",""time"":""2025-06-06T09:22:43.27474976Z""}"
2025-06-06T09:22:43.274389479Z,1674984163274389479,33.33.33.82,ts-seat-service-5c95b49cff-tdsdz,server,af5a3cd9422ab6cafe946c2d6f891e21,bd655c947343e397,"{""log"":""17:22:43.273 INFO  s.s.SeatServiceImpl#137 TraceID: af5a3cd9422ab6cafe946c2d6f891e21 SpanID: bd655c947343e397 [getLeftTicketOfInterval][Seat request][request:Seat(travelDate=2023-01-29 15:38:06, trainNumber=G1237, startStation=suzhou, destStation=shanghai, seatType=2, totalNum=2147483647, stations=[suzhou, shanghai])]\n"",""stream"":""stdout"",""time"":""2025-06-06T09:22:43.274389479Z""}"
2025-06-06T09:22:43.273964394Z,1674984163273964394,33.33.33.82,ts-seat-service-5c95b49cff-tdsdz,server,af5a3cd9422ab6cafe946c2d6f891e21,bd655c947343e397,"{""log"":""17:22:43.273 INFO  s.c.SeatController#57 TraceID: af5a3cd9422ab6cafe946c2d6f891e21 SpanID: bd655c947343e397 [getLeftTicketOfInterval][Get left ticket of interval][TravelDate: 2023-01-29 15:38:06,TrainNumber: G1237,SeatType: 2]\n"",""stream"":""stdout"",""time"":""2025-06-06T09:22:43.273964394Z""}"
2025-06-06T09:22:43.239933262Z,1674984163239933262,33.33.33.80,ts-route-service-b6c59fb57-zv8dt,server,af5a3cd9422ab6cafe946c2d6f891e21,fa7902b697ae18b3,"{""log"":""17:22:43.238 INFO  r.c.RouteController#53 TraceID: af5a3cd9422ab6cafe946c2d6f891e21 SpanID: fa7902b697ae18b3 [getRouteById][Query route by id][RouteId: [92708982-77af-4318-be25-57ccb0ff69ad, aefcef3f-3f42-46e8-afd7-6cb2a928bd3d, a3f256c1-0e43-4f7d-9c21-121bf258101f, 084837bb-53c8-4438-87c8-0321a4d09917, f3d4d4ef-693b-4456-8eed-59c0d717dd08]]\n"",""stream"":""stdout"",""time"":""2025-06-06T09:22:43.239933262Z""}"
2025-06-06T09:22:43.258041331Z,1674984163258041331,33.33.33.79,ts-price-service-76846864d9-g465z,server,af5a3cd9422ab6cafe946c2d6f891e21,8dab3b81dc13ee76,"{""log"":""17:22:43.257 INFO  p.c.PriceController#46 TraceID: af5a3cd9422ab6cafe946c2d6f891e21 SpanID: 8dab3b81dc13ee76 [findByRouteIdAndTrainType][Query price][routeId and Train Type: [084837bb-53c8-4438-87c8-0321a4d09917:GaoTieTwo, a3f256c1-0e43-4f7d-9c21-121bf258101f:GaoTieOne, 92708982-77af-4318-be25-57ccb0ff69ad:GaoTieOne]]\n"",""stream"":""stdout"",""time"":""2025-06-06T09:22:43.258041331Z""}"
2025-06-06T09:22:43.609353678Z,1674984163609353678,33.33.33.76,ts-order-service-5b67c48447-mv5hb,server,af5a3cd9422ab6cafe946c2d6f891e21,1f9709635ba38abe,"{""log"":""17:22:43.609 WARN  o.s.OrderServiceImpl#68 TraceID: af5a3cd9422ab6cafe946c2d6f891e21 SpanID: 1f9709635ba38abe [getSoldTickets][Seat][Left ticket info is empty][seat from date: 2023-01-29 15:38:06, train number: G1234]\n"",""stream"":""stdout"",""time"":""2025-06-06T09:22:43.609353678Z""}"
2025-06-06T09:22:43.608107948Z,1674984163608107948,33.33.33.76,ts-order-service-5b67c48447-mv5hb,server,af5a3cd9422ab6cafe946c2d6f891e21,1f9709635ba38abe,"{""log"":""17:22:43.607 INFO  o.c.OrderController#39 TraceID: af5a3cd9422ab6cafe946c2d6f891e21 SpanID: 1f9709635ba38abe [getSoldTickets][Get Sold Ticket][Travel Date: 2023-01-29 15:38:06]\n"",""stream"":""stdout"",""time"":""2025-06-06T09:22:43.608107948Z""}"
2025-06-06T09:22:43.37169053Z,1674984163371690530,33.33.33.76,ts-order-service-5b67c48447-mv5hb,server,af5a3cd9422ab6cafe946c2d6f891e21,00e167f3b8d44fdd,"{""log"":""17:22:43.371 WARN  o.s.OrderServiceImpl#68 TraceID: af5a3cd9422ab6cafe946c2d6f891e21 SpanID: 00e167f3b8d44fdd [getSoldTickets][Seat][Left ticket info is empty][seat from date: 2023-01-29 15:38:06, train number: G1234]\n"",""stream"":""stdout"",""time"":""2025-06-06T09:22:43.37169053Z""}"
2025-06-06T09:22:43.370313484Z,1674984163370313484,33.33.33.76,ts-order-service-5b67c48447-mv5hb,server,af5a3cd9422ab6cafe946c2d6f891e21,00e167f3b8d44fdd,"{""log"":""17:22:43.370 INFO  o.c.OrderController#39 TraceID: af5a3cd9422ab6cafe946c2d6f891e21 SpanID: 00e167f3b8d44fdd [getSoldTickets][Get Sold Ticket][Travel Date: 2023-01-29 15:38:06]\n"",""stream"":""stdout"",""time"":""2025-06-06T09:22:43.370313484Z""}"
2025-06-06T09:22:43.357350171Z,1674984163357350171,33.33.33.76,ts-order-service-5b67c48447-mv5hb,server,af5a3cd9422ab6cafe946c2d6f891e21,a4ca0a057761b815,"{""log"":""17:22:43.357 WARN  o.s.OrderServiceImpl#68 TraceID: af5a3cd9422ab6cafe946c2d6f891e21 SpanID: a4ca0a057761b815 [getSoldTickets][Seat][Left ticket info is empty][seat from date: 2023-01-29 15:38:06, train number: G1236]\n"",""stream"":""stdout"",""time"":""2025-06-06T09:22:43.357350171Z""}"
2025-06-06T09:22:43.35633891Z,1674984163356338910,33.33.33.76,ts-order-service-5b67c48447-mv5hb,server,af5a3cd9422ab6cafe946c2d6f891e21,a4ca0a057761b815,"{""log"":""17:22:43.356 INFO  o.c.OrderController#39 TraceID: af5a3cd9422ab6cafe946c2d6f891e21 SpanID: a4ca0a057761b815 [getSoldTickets][Get Sold Ticket][Travel Date: 2023-01-29 15:38:06]\n"",""stream"":""stdout"",""time"":""2025-06-06T09:22:43.35633891Z""}"
2025-06-06T09:22:43.341409347Z,1674984163341409347,33.33.33.76,ts-order-service-5b67c48447-mv5hb,server,af5a3cd9422ab6cafe946c2d6f891e21,8751045a10409332,"{""log"":""17:22:43.341 WARN  o.s.OrderServiceImpl#68 TraceID: af5a3cd9422ab6cafe946c2d6f891e21 SpanID: 8751045a10409332 [getSoldTickets][Seat][Left ticket info is empty][seat from date: 2023-01-29 15:38:06, train number: G1236]\n"",""stream"":""stdout"",""time"":""2025-06-06T09:22:43.341409347Z""}"
2025-06-06T09:22:43.340342553Z,1674984163340342553,33.33.33.76,ts-order-service-5b67c48447-mv5hb,server,af5a3cd9422ab6cafe946c2d6f891e21,8751045a10409332,"{""log"":""17:22:43.339 INFO  o.c.OrderController#39 TraceID: af5a3cd9422ab6cafe946c2d6f891e21 SpanID: 8751045a10409332 [getSoldTickets][Get Sold Ticket][Travel Date: 2023-01-29 15:38:06]\n"",""stream"":""stdout"",""time"":""2025-06-06T09:22:43.340342553Z""}"
2025-06-06T09:22:43.29759842Z,1674984163297598420,33.33.33.76,ts-order-service-5b67c48447-mv5hb,server,af5a3cd9422ab6cafe946c2d6f891e21,5775d1c5754815d3,"{""log"":""17:22:43.297 WARN  o.s.OrderServiceImpl#68 TraceID: af5a3cd9422ab6cafe946c2d6f891e21 SpanID: 5775d1c5754815d3 [getSoldTickets][Seat][Left ticket info is empty][seat from date: 2023-01-29 15:38:06, train number: G1237]\n"",""stream"":""stdout"",""time"":""2025-06-06T09:22:43.29759842Z""}"
2025-06-06T09:22:43.296622991Z,1674984163296622991,33.33.33.76,ts-order-service-5b67c48447-mv5hb,server,af5a3cd9422ab6cafe946c2d6f891e21,5775d1c5754815d3,"{""log"":""17:22:43.296 INFO  o.c.OrderController#39 TraceID: af5a3cd9422ab6cafe946c2d6f891e21 SpanID: 5775d1c5754815d3 [getSoldTickets][Get Sold Ticket][Travel Date: 2023-01-29 15:38:06]\n"",""stream"":""stdout"",""time"":""2025-06-06T09:22:43.296622991Z""}"
2025-06-06T09:22:43.28065563Z,1674984163280655630,33.33.33.76,ts-order-service-5b67c48447-mv5hb,server,af5a3cd9422ab6cafe946c2d6f891e21,f905c7c5e2364238,"{""log"":""17:22:43.280 WARN  o.s.OrderServiceImpl#68 TraceID: af5a3cd9422ab6cafe946c2d6f891e21 SpanID: f905c7c5e2364238 [getSoldTickets][Seat][Left ticket info is empty][seat from date: 2023-01-29 15:38:06, train number: G1237]\n"",""stream"":""stdout"",""time"":""2025-06-06T09:22:43.28065563Z""}"
2025-06-06T09:22:43.279026847Z,1674984163279026847,33.33.33.76,ts-order-service-5b67c48447-mv5hb,server,af5a3cd9422ab6cafe946c2d6f891e21,f905c7c5e2364238,"{""log"":""17:22:43.278 INFO  o.c.OrderController#39 TraceID: af5a3cd9422ab6cafe946c2d6f891e21 SpanID: f905c7c5e2364238 [getSoldTickets][Get Sold Ticket][Travel Date: 2023-01-29 15:38:06]\n"",""stream"":""stdout"",""time"":""2025-06-06T09:22:43.279026847Z""}"
2025-06-06T09:22:43.614537772Z,1674984163614537772,33.33.33.115,ts-config-service-5fcd447d84-wxwjd,server,af5a3cd9422ab6cafe946c2d6f891e21,cb6f376228e046b4,"{""log"":""17:22:43.614 INFO  c.s.ConfigServiceImpl#65 TraceID: af5a3cd9422ab6cafe946c2d6f891e21 SpanID: cb6f376228e046b4 [query][Query config success][config name: DirectTicketAllocationProportion]\n"",""stream"":""stdout"",""time"":""2025-06-06T09:22:43.614537772Z""}"
2025-06-06T09:22:43.613654196Z,1674984163613654196,33.33.33.115,ts-config-service-5fcd447d84-wxwjd,server,af5a3cd9422ab6cafe946c2d6f891e21,cb6f376228e046b4,"{""log"":""17:22:43.613 INFO  c.c.ConfigController#67 TraceID: af5a3cd9422ab6cafe946c2d6f891e21 SpanID: cb6f376228e046b4 [retrieve][Retrieve config][configName: DirectTicketAllocationProportion]\n"",""stream"":""stdout"",""time"":""2025-06-06T09:22:43.613654196Z""}"
2025-06-06T09:22:43.375979723Z,1674984163375979723,33.33.33.115,ts-config-service-5fcd447d84-wxwjd,server,af5a3cd9422ab6cafe946c2d6f891e21,3aaf242d052d4951,"{""log"":""17:22:43.375 INFO  c.s.ConfigServiceImpl#65 TraceID: af5a3cd9422ab6cafe946c2d6f891e21 SpanID: 3aaf242d052d4951 [query][Query config success][config name: DirectTicketAllocationProportion]\n"",""stream"":""stdout"",""time"":""2025-06-06T09:22:43.375979723Z""}"
2025-06-06T09:22:43.375288917Z,1674984163375288917,33.33.33.115,ts-config-service-5fcd447d84-wxwjd,server,af5a3cd9422ab6cafe946c2d6f891e21,3aaf242d052d4951,"{""log"":""17:22:43.375 INFO  c.c.ConfigController#67 TraceID: af5a3cd9422ab6cafe946c2d6f891e21 SpanID: 3aaf242d052d4951 [retrieve][Retrieve config][configName: DirectTicketAllocationProportion]\n"",""stream"":""stdout"",""time"":""2025-06-06T09:22:43.375288917Z""}"
2025-06-06T09:22:43.361334854Z,1674984163361334854,33.33.33.115,ts-config-service-5fcd447d84-wxwjd,server,af5a3cd9422ab6cafe946c2d6f891e21,66345f92a589b800,"{""log"":""17:22:43.361 INFO  c.s.ConfigServiceImpl#65 TraceID: af5a3cd9422ab6cafe946c2d6f891e21 SpanID: 66345f92a589b800 [query][Query config success][config name: DirectTicketAllocationProportion]\n"",""stream"":""stdout"",""time"":""2025-06-06T09:22:43.361334854Z""}"
2025-06-06T09:22:43.360646689Z,1674984163360646689,33.33.33.115,ts-config-service-5fcd447d84-wxwjd,server,af5a3cd9422ab6cafe946c2d6f891e21,66345f92a589b800,"{""log"":""17:22:43.360 INFO  c.c.ConfigController#67 TraceID: af5a3cd9422ab6cafe946c2d6f891e21 SpanID: 66345f92a589b800 [retrieve][Retrieve config][configName: DirectTicketAllocationProportion]\n"",""stream"":""stdout"",""time"":""2025-06-06T09:22:43.360646689Z""}"
2025-06-06T09:22:43.346293265Z,1674984163346293265,33.33.33.115,ts-config-service-5fcd447d84-wxwjd,server,af5a3cd9422ab6cafe946c2d6f891e21,60e8a58402eb12c7,"{""log"":""17:22:43.346 INFO  c.s.ConfigServiceImpl#65 TraceID: af5a3cd9422ab6cafe946c2d6f891e21 SpanID: 60e8a58402eb12c7 [query][Query config success][config name: DirectTicketAllocationProportion]\n"",""stream"":""stdout"",""time"":""2025-06-06T09:22:43.346293265Z""}"
2025-06-06T09:22:43.345561666Z,1674984163345561666,33.33.33.115,ts-config-service-5fcd447d84-wxwjd,server,af5a3cd9422ab6cafe946c2d6f891e21,60e8a58402eb12c7,"{""log"":""17:22:43.345 INFO  c.c.ConfigController#67 TraceID: af5a3cd9422ab6cafe946c2d6f891e21 SpanID: 60e8a58402eb12c7 [retrieve][Retrieve config][configName: DirectTicketAllocationProportion]\n"",""stream"":""stdout"",""time"":""2025-06-06T09:22:43.345561666Z""}"
2025-06-06T09:22:43.331014039Z,1674984163331014039,33.33.33.115,ts-config-service-5fcd447d84-wxwjd,server,af5a3cd9422ab6cafe946c2d6f891e21,7016742806908132,"{""log"":""17:22:43.330 INFO  c.s.ConfigServiceImpl#65 TraceID: af5a3cd9422ab6cafe946c2d6f891e21 SpanID: 7016742806908132 [query][Query config success][config name: DirectTicketAllocationProportion]\n"",""stream"":""stdout"",""time"":""2025-06-06T09:22:43.331014039Z""}"
2025-06-06T09:22:43.330133582Z,1674984163330133582,33.33.33.115,ts-config-service-5fcd447d84-wxwjd,server,af5a3cd9422ab6cafe946c2d6f891e21,7016742806908132,"{""log"":""17:22:43.329 INFO  c.c.ConfigController#67 TraceID: af5a3cd9422ab6cafe946c2d6f891e21 SpanID: 7016742806908132 [retrieve][Retrieve config][configName: DirectTicketAllocationProportion]\n"",""stream"":""stdout"",""time"":""2025-06-06T09:22:43.330133582Z""}"
2025-06-06T09:22:43.286701575Z,1674984163286701575,33.33.33.115,ts-config-service-5fcd447d84-wxwjd,server,af5a3cd9422ab6cafe946c2d6f891e21,0fbac43c6fb70dc1,"{""log"":""17:22:43.286 INFO  c.s.ConfigServiceImpl#65 TraceID: af5a3cd9422ab6cafe946c2d6f891e21 SpanID: 0fbac43c6fb70dc1 [query][Query config success][config name: DirectTicketAllocationProportion]\n"",""stream"":""stdout"",""time"":""2025-06-06T09:22:43.286701575Z""}"
2025-06-06T09:22:43.285621154Z,1674984163285621154,33.33.33.115,ts-config-service-5fcd447d84-wxwjd,server,af5a3cd9422ab6cafe946c2d6f891e21,0fbac43c6fb70dc1,"{""log"":""17:22:43.285 INFO  c.c.ConfigController#67 TraceID: af5a3cd9422ab6cafe946c2d6f891e21 SpanID: 0fbac43c6fb70dc1 [retrieve][Retrieve config][configName: DirectTicketAllocationProportion]\n"",""stream"":""stdout"",""time"":""2025-06-06T09:22:43.285621154Z""}"
2025-06-06T09:22:43.261957374Z,1674984163261957374,33.33.33.76,ts-basic-service-5dc8d4f9fd-46997,server,af5a3cd9422ab6cafe946c2d6f891e21,069481c8dc01d656,"{""log"":""17:22:43.261 INFO  f.m.s.BasicServiceImpl#320 TraceID: af5a3cd9422ab6cafe946c2d6f891e21 SpanID: 069481c8dc01d656 [queryForTravels][all done][result map: {G1237=TravelResult(status=true, percent=1.0, trainType=TrainType(id=615aa260-d076-48d0-ab7c-2d366a534223, name=GaoTieTwo, economyClass=2147483647, confortClass=2147483647, averageSpeed=200), route=Route(id=084837bb-53c8-4438-87c8-0321a4d09917, stations=[suzhou, shanghai], distances=[0, 50], startStation=suzhou, endStation=shanghai), prices={confortClass=50.0, economyClass=30.0}), G1236=TravelResult(status=true, percent=1.0, trainType=TrainType(id=111e1aed-10dc-4356-ad7e-daa5e551d4a7, name=GaoTieOne, economyClass=2147483647, confortClass=2147483647, averageSpeed=250), route=Route(id=a3f256c1-0e43-4f7d-9c21-121bf258101f, stations=[nanjing, suzhou, shanghai], distances=[0, 200, 250], startStation=nanjing, endStation=shanghai), prices={confortClass=50.0, economyClass=35.0}), G1234=TravelResult(status=true, percent=1.0, trainType=TrainType(id=111e1aed-10dc-4356-ad7e-daa5e551d4a7, name=GaoTieOne, economyClass=2147483647, confortClass=2147483647, averageSpeed=250), route=Route(id=92708982-77af-4318-be25-57ccb0ff69ad, stations=[nanjing, zhenjiang, wuxi, suzhou, shanghai], distances=[0, 100, 150, 200, 250], startStation=nanjing, endStation=shanghai), prices={confortClass=50.0, economyClass=19.0})}]\n"",""stream"":""stdout"",""time"":""2025-06-06T09:22:43.261957374Z""}"
2025-06-06T09:22:43.261692223Z,1674984163261692223,33.33.33.76,ts-basic-service-5dc8d4f9fd-46997,server,af5a3cd9422ab6cafe946c2d6f891e21,069481c8dc01d656,"{""log"":""17:22:43.261 INFO  f.m.s.BasicServiceImpl#481 TraceID: af5a3cd9422ab6cafe946c2d6f891e21 SpanID: 069481c8dc01d656 [queryPriceConfigByRouteIdsAndTrainTypes][Get Price Config by routeId and trainType][Success][priceConfigs: {92708982-77af-4318-be25-57ccb0ff69ad:GaoTieOne={id=6d20b8cb-039c-474c-ae25-b6177ea41152, trainType=GaoTieOne, routeId=92708982-77af-4318-be25-57ccb0ff69ad, basicPriceRate=0.38, firstClassPriceRate=1.0}, 084837bb-53c8-4438-87c8-0321a4d09917:GaoTieTwo={id=7de18cf8-bb17-4bb2-aeb4-85d8176d3a93, trainType=GaoTieTwo, routeId=084837bb-53c8-4438-87c8-0321a4d09917, basicPriceRate=0.6, firstClassPriceRate=1.0}, a3f256c1-0e43-4f7d-9c21-121bf258101f:GaoTieOne={id=719287d6-d3e7-4b54-9a92-71d039748b22, trainType=GaoTieOne, routeId=a3f256c1-0e43-4f7d-9c21-121bf258101f, basicPriceRate=0.7, firstClassPriceRate=1.0}}]\n"",""stream"":""stdout"",""time"":""2025-06-06T09:22:43.261692223Z""}"
2025-06-06T09:22:43.254440607Z,1674984163254440607,33.33.33.76,ts-basic-service-5dc8d4f9fd-46997,server,af5a3cd9422ab6cafe946c2d6f891e21,069481c8dc01d656,"{""log"":""17:22:43.254 INFO  f.m.s.BasicServiceImpl#459 TraceID: af5a3cd9422ab6cafe946c2d6f891e21 SpanID: 069481c8dc01d656 [queryPriceConfigByRouteIdsAndTrainTypes][Query For Price Config][RouteId and TrainType: [084837bb-53c8-4438-87c8-0321a4d09917:GaoTieTwo, a3f256c1-0e43-4f7d-9c21-121bf258101f:GaoTieOne, 92708982-77af-4318-be25-57ccb0ff69ad:GaoTieOne]]\n"",""stream"":""stdout"",""time"":""2025-06-06T09:22:43.254440607Z""}"
2025-06-06T09:22:43.253952259Z,1674984163253952259,33.33.33.76,ts-basic-service-5dc8d4f9fd-46997,server,af5a3cd9422ab6cafe946c2d6f891e21,069481c8dc01d656,"{""log"":""17:22:43.253 ERROR  f.m.s.BasicServiceImpl#415 TraceID: af5a3cd9422ab6cafe946c2d6f891e21 SpanID: 069481c8dc01d656 [getRoutesByRouteIds][Get Route By Ids Failed]\n"",""stream"":""stdout"",""time"":""2025-06-06T09:22:43.253952259Z""}"
2025-06-06T09:22:43.235284279Z,1674984163235284279,33.33.33.76,ts-basic-service-5dc8d4f9fd-46997,server,af5a3cd9422ab6cafe946c2d6f891e21,069481c8dc01d656,"{""log"":""17:22:43.234 INFO  f.m.s.BasicServiceImpl#405 TraceID: af5a3cd9422ab6cafe946c2d6f891e21 SpanID: 069481c8dc01d656 [getRoutesByRouteIds][Get Route By Ids][Route IDs: [92708982-77af-4318-be25-57ccb0ff69ad, aefcef3f-3f42-46e8-afd7-6cb2a928bd3d, a3f256c1-0e43-4f7d-9c21-121bf258101f, 084837bb-53c8-4438-87c8-0321a4d09917, f3d4d4ef-693b-4456-8eed-59c0d717dd08]]\n"",""stream"":""stdout"",""time"":""2025-06-06T09:22:43.235284279Z""}"
2025-06-06T09:22:43.223999849Z,1674984163223999849,33.33.33.76,ts-basic-service-5dc8d4f9fd-46997,server,af5a3cd9422ab6cafe946c2d6f891e21,069481c8dc01d656,"{""log"":""17:22:43.223 INFO  f.m.s.BasicServiceImpl#374 TraceID: af5a3cd9422ab6cafe946c2d6f891e21 SpanID: 069481c8dc01d656 [queryTrainTypeByNames][Query Train Type][Train Type names: [DongCheOne, GaoTieOne, GaoTieTwo]]\n"",""stream"":""stdout"",""time"":""2025-06-06T09:22:43.223999849Z""}"
2025-06-06T09:22:43.219179361Z,1674984163219179361,33.33.33.76,ts-basic-service-5dc8d4f9fd-46997,server,af5a3cd9422ab6cafe946c2d6f891e21,069481c8dc01d656,"{""log"":""17:22:43.218 INFO  f.m.s.BasicServiceImpl#343 TraceID: af5a3cd9422ab6cafe946c2d6f891e21 SpanID: 069481c8dc01d656 [checkStationsExists][Check Stations Exists][stationNames: [suzhou, shanghai]]\n"",""stream"":""stdout"",""time"":""2025-06-06T09:22:43.219179361Z""}"
2025-06-06T09:22:43.219048699Z,1674984163219048699,33.33.33.76,ts-basic-service-5dc8d4f9fd-46997,server,af5a3cd9422ab6cafe946c2d6f891e21,069481c8dc01d656,"{""log"":""17:22:43.218 INFO  f.m.c.BasicController#45 TraceID: af5a3cd9422ab6cafe946c2d6f891e21 SpanID: 069481c8dc01d656 [queryForTravels][Query for travels][Travels: [Travel(trip=Trip(id=015fd636-861e-4714-9347-2efbb1a98f37, tripId=G1234, trainTypeName=GaoTieOne, routeId=92708982-77af-4318-be25-57ccb0ff69ad, startStationName=shanghai, stationsName=suzhou, terminalStationName=taiyuan, startTime=2013-05-04 09:00:00, endTime=2013-05-04 15:51:52), startPlace=suzhou, endPlace=shanghai, departureTime=2023-01-29 15:38:06), Travel(trip=Trip(id=38893061-3fd2-4ac4-bbc9-f0d727f83d6f, tripId=G1235, trainTypeName=GaoTieOne, routeId=aefcef3f-3f42-46e8-afd7-6cb2a928bd3d, startStationName=shanghai, stationsName=suzhou, terminalStationName=taiyuan, startTime=2013-05-04 12:00:00, endTime=2013-05-04 17:51:52), startPlace=suzhou, endPlace=shanghai, departureTime=2023-01-29 15:38:06), Travel(trip=Trip(id=cfcf2553-3371-42c5-b583-a3c4bb8ef505, tripId=G1236, trainTypeName=GaoTieOne, routeId=a3f256c1-0e43-4f7d-9c21-121bf258101f, startStationName=shanghai, stationsName=suzhou, terminalStationName=taiyuan, startTime=2013-05-04 14:00:00, endTime=2013-05-04 20:51:52), startPlace=suzhou, endPlace=shanghai, departureTime=2023-01-29 15:38:06), Travel(trip=Trip(id=a71c2e28-22c2-4b7f-90cf-715a7f4b35b4, tripId=G1237, trainTypeName=GaoTieTwo, routeId=084837bb-53c8-4438-87c8-0321a4d09917, startStationName=shanghai, stationsName=suzhou, terminalStationName=taiyuan, startTime=2013-05-04 08:00:00, endTime=2013-05-04 17:21:52), startPlace=suzhou, endPlace=shanghai, departureTime=2023-01-29 15:38:06), Travel(trip=Trip(id=465eec52-1bc7-4d8b-8c38-e8f210bb3a77, tripId=D1345, trainTypeName=DongCheOne, routeId=f3d4d4ef-693b-4456-8eed-59c0d717dd08, startStationName=shanghai, stationsName=suzhou, terminalStationName=taiyuan, startTime=2013-05-04 07:00:00, endTime=2013-05-04 19:59:52), startPlace=suzhou, endPlace=shanghai, departureTime=2023-01-29 15:38:06)]]\n"",""stream"":""stdout"",""time"":""2025-06-06T09:22:43.219048699Z""}"
2025-06-06T09:23:07.319522477Z,1674984187319522477,33.33.33.116,ts-travel-service-64469b5b48-25zj6,server,e38975cbf5e2319af0fa9ea980eb7eb3,cb532a365b3a9ba2,"{""log"":""17:23:07.319 INFO  t.s.TravelServiceImpl#457 TraceID: e38975cbf5e2319af0fa9ea980eb7eb3 SpanID: cb532a365b3a9ba2 [getTickets][Calculate distance][calculate time：60  time: Sat May 04 10:00:00 CST 2013]\n"",""stream"":""stdout"",""time"":""2025-06-06T09:23:07.319522477Z""}"
2025-06-06T09:23:07.319389179Z,1674984187319389179,33.33.33.116,ts-travel-service-64469b5b48-25zj6,server,e38975cbf5e2319af0fa9ea980eb7eb3,cb532a365b3a9ba2,"{""log"":""17:23:07.319 INFO  t.s.TravelServiceImpl#451 TraceID: e38975cbf5e2319af0fa9ea980eb7eb3 SpanID: cb532a365b3a9ba2 [getTickets][Calculate distance][calculate time：48  time: Sat May 04 09:48:00 CST 2013]\n"",""stream"":""stdout"",""time"":""2025-06-06T09:23:07.319389179Z""}"
2025-06-06T09:23:07.319233508Z,1674984187319233508,33.33.33.116,ts-travel-service-64469b5b48-25zj6,server,e38975cbf5e2319af0fa9ea980eb7eb3,cb532a365b3a9ba2,"{""log"":""17:23:07.318 INFO  t.s.TravelServiceImpl#558 TraceID: e38975cbf5e2319af0fa9ea980eb7eb3 SpanID: cb532a365b3a9ba2 [getRestTicketNumber][Get Rest tickets num][num is: Response(status=1, msg=Get Left Ticket of Internal Success, data=1073741823)]\n"",""stream"":""stdout"",""time"":""2025-06-06T09:23:07.319233508Z""}"
2025-06-06T09:23:07.305597247Z,1674984187305597247,33.33.33.116,ts-travel-service-64469b5b48-25zj6,server,e38975cbf5e2319af0fa9ea980eb7eb3,cb532a365b3a9ba2,"{""log"":""17:23:07.305 INFO  t.s.TravelServiceImpl#548 TraceID: e38975cbf5e2319af0fa9ea980eb7eb3 SpanID: cb532a365b3a9ba2 [getRestTicketNumber][Seat request][request: Seat(travelDate=2023-01-29 15:38:06, trainNumber=G1234, startStation=suzhou, destStation=shanghai, seatType=3, totalNum=2147483647, stations=[nanjing, zhenjiang, wuxi, suzhou, shanghai])]\n"",""stream"":""stdout"",""time"":""2025-06-06T09:23:07.305597247Z""}"
2025-06-06T09:23:07.305479895Z,1674984187305479895,33.33.33.116,ts-travel-service-64469b5b48-25zj6,server,e38975cbf5e2319af0fa9ea980eb7eb3,cb532a365b3a9ba2,"{""log"":""17:23:07.305 INFO  t.s.TravelServiceImpl#558 TraceID: e38975cbf5e2319af0fa9ea980eb7eb3 SpanID: cb532a365b3a9ba2 [getRestTicketNumber][Get Rest tickets num][num is: Response(status=1, msg=Get Left Ticket of Internal Success, data=1073741823)]\n"",""stream"":""stdout"",""time"":""2025-06-06T09:23:07.305479895Z""}"
2025-06-06T09:23:07.254421597Z,1674984187254421597,33.33.33.116,ts-travel-service-64469b5b48-25zj6,server,e38975cbf5e2319af0fa9ea980eb7eb3,cb532a365b3a9ba2,"{""log"":""17:23:07.254 INFO  t.s.TravelServiceImpl#548 TraceID: e38975cbf5e2319af0fa9ea980eb7eb3 SpanID: cb532a365b3a9ba2 [getRestTicketNumber][Seat request][request: Seat(travelDate=2023-01-29 15:38:06, trainNumber=G1234, startStation=suzhou, destStation=shanghai, seatType=2, totalNum=2147483647, stations=[nanjing, zhenjiang, wuxi, suzhou, shanghai])]\n"",""stream"":""stdout"",""time"":""2025-06-06T09:23:07.254421597Z""}"
2025-06-06T09:23:07.254282923Z,1674984187254282923,33.33.33.116,ts-travel-service-64469b5b48-25zj6,server,e38975cbf5e2319af0fa9ea980eb7eb3,cb532a365b3a9ba2,"{""log"":""17:23:07.254 INFO  t.s.TravelServiceImpl#457 TraceID: e38975cbf5e2319af0fa9ea980eb7eb3 SpanID: cb532a365b3a9ba2 [getTickets][Calculate distance][calculate time：60  time: Sat May 04 15:00:00 CST 2013]\n"",""stream"":""stdout"",""time"":""2025-06-06T09:23:07.254282923Z""}"
2025-06-06T09:23:07.254146559Z,1674984187254146559,33.33.33.116,ts-travel-service-64469b5b48-25zj6,server,e38975cbf5e2319af0fa9ea980eb7eb3,cb532a365b3a9ba2,"{""log"":""17:23:07.253 INFO  t.s.TravelServiceImpl#451 TraceID: e38975cbf5e2319af0fa9ea980eb7eb3 SpanID: cb532a365b3a9ba2 [getTickets][Calculate distance][calculate time：48  time: Sat May 04 14:48:00 CST 2013]\n"",""stream"":""stdout"",""time"":""2025-06-06T09:23:07.254146559Z""}"
2025-06-06T09:23:07.253983998Z,1674984187253983998,33.33.33.116,ts-travel-service-64469b5b48-25zj6,server,e38975cbf5e2319af0fa9ea980eb7eb3,cb532a365b3a9ba2,"{""log"":""17:23:07.253 INFO  t.s.TravelServiceImpl#558 TraceID: e38975cbf5e2319af0fa9ea980eb7eb3 SpanID: cb532a365b3a9ba2 [getRestTicketNumber][Get Rest tickets num][num is: Response(status=1, msg=Get Left Ticket of Internal Success, data=1073741823)]\n"",""stream"":""stdout"",""time"":""2025-06-06T09:23:07.253983998Z""}"
2025-06-06T09:23:07.238924198Z,1674984187238924198,33.33.33.116,ts-travel-service-64469b5b48-25zj6,server,e38975cbf5e2319af0fa9ea980eb7eb3,cb532a365b3a9ba2,"{""log"":""17:23:07.238 INFO  t.s.TravelServiceImpl#548 TraceID: e38975cbf5e2319af0fa9ea980eb7eb3 SpanID: cb532a365b3a9ba2 [getRestTicketNumber][Seat request][request: Seat(travelDate=2023-01-29 15:38:06, trainNumber=G1236, startStation=suzhou, destStation=shanghai, seatType=3, totalNum=2147483647, stations=[nanjing, suzhou, shanghai])]\n"",""stream"":""stdout"",""time"":""2025-06-06T09:23:07.238924198Z""}"
2025-06-06T09:23:07.238856692Z,1674984187238856692,33.33.33.116,ts-travel-service-64469b5b48-25zj6,server,e38975cbf5e2319af0fa9ea980eb7eb3,cb532a365b3a9ba2,"{""log"":""17:23:07.238 INFO  t.s.TravelServiceImpl#558 TraceID: e38975cbf5e2319af0fa9ea980eb7eb3 SpanID: cb532a365b3a9ba2 [getRestTicketNumber][Get Rest tickets num][num is: Response(status=1, msg=Get Left Ticket of Internal Success, data=1073741823)]\n"",""stream"":""stdout"",""time"":""2025-06-06T09:23:07.238856692Z""}"
2025-06-06T09:23:06.967984168Z,1674984186967984168,33.33.33.116,ts-travel-service-64469b5b48-25zj6,server,e38975cbf5e2319af0fa9ea980eb7eb3,cb532a365b3a9ba2,"{""log"":""17:23:06.967 INFO  t.s.TravelServiceImpl#548 TraceID: e38975cbf5e2319af0fa9ea980eb7eb3 SpanID: cb532a365b3a9ba2 [getRestTicketNumber][Seat request][request: Seat(travelDate=2023-01-29 15:38:06, trainNumber=G1236, startStation=suzhou, destStation=shanghai, seatType=2, totalNum=2147483647, stations=[nanjing, suzhou, shanghai])]\n"",""stream"":""stdout"",""time"":""2025-06-06T09:23:06.967984168Z""}"
2025-06-06T09:23:06.967839164Z,1674984186967839164,33.33.33.116,ts-travel-service-64469b5b48-25zj6,server,e38975cbf5e2319af0fa9ea980eb7eb3,cb532a365b3a9ba2,"{""log"":""17:23:06.967 INFO  t.s.TravelServiceImpl#457 TraceID: e38975cbf5e2319af0fa9ea980eb7eb3 SpanID: cb532a365b3a9ba2 [getTickets][Calculate distance][calculate time：15  time: Sat May 04 08:15:00 CST 2013]\n"",""stream"":""stdout"",""time"":""2025-06-06T09:23:06.967839164Z""}"
2025-06-06T09:23:06.9676831Z,1674984186967683100,33.33.33.116,ts-travel-service-64469b5b48-25zj6,server,e38975cbf5e2319af0fa9ea980eb7eb3,cb532a365b3a9ba2,"{""log"":""17:23:06.967 INFO  t.s.TravelServiceImpl#451 TraceID: e38975cbf5e2319af0fa9ea980eb7eb3 SpanID: cb532a365b3a9ba2 [getTickets][Calculate distance][calculate time：0  time: Sat May 04 08:00:00 CST 2013]\n"",""stream"":""stdout"",""time"":""2025-06-06T09:23:06.9676831Z""}"
2025-06-06T09:23:06.967519606Z,1674984186967519606,33.33.33.116,ts-travel-service-64469b5b48-25zj6,server,e38975cbf5e2319af0fa9ea980eb7eb3,cb532a365b3a9ba2,"{""log"":""17:23:06.967 INFO  t.s.TravelServiceImpl#558 TraceID: e38975cbf5e2319af0fa9ea980eb7eb3 SpanID: cb532a365b3a9ba2 [getRestTicketNumber][Get Rest tickets num][num is: Response(status=1, msg=Get Left Ticket of Internal Success, data=1073741823)]\n"",""stream"":""stdout"",""time"":""2025-06-06T09:23:06.967519606Z""}"
2025-06-06T09:23:06.950468102Z,1674984186950468102,33.33.33.116,ts-travel-service-64469b5b48-25zj6,server,e38975cbf5e2319af0fa9ea980eb7eb3,cb532a365b3a9ba2,"{""log"":""17:23:06.950 INFO  t.s.TravelServiceImpl#548 TraceID: e38975cbf5e2319af0fa9ea980eb7eb3 SpanID: cb532a365b3a9ba2 [getRestTicketNumber][Seat request][request: Seat(travelDate=2023-01-29 15:38:06, trainNumber=G1237, startStation=suzhou, destStation=shanghai, seatType=3, totalNum=2147483647, stations=[suzhou, shanghai])]\n"",""stream"":""stdout"",""time"":""2025-06-06T09:23:06.950468102Z""}"
2025-06-06T09:23:06.950344024Z,1674984186950344024,33.33.33.116,ts-travel-service-64469b5b48-25zj6,server,e38975cbf5e2319af0fa9ea980eb7eb3,cb532a365b3a9ba2,"{""log"":""17:23:06.949 INFO  t.s.TravelServiceImpl#558 TraceID: e38975cbf5e2319af0fa9ea980eb7eb3 SpanID: cb532a365b3a9ba2 [getRestTicketNumber][Get Rest tickets num][num is: Response(status=1, msg=Get Left Ticket of Internal Success, data=1073741823)]\n"",""stream"":""stdout"",""time"":""2025-06-06T09:23:06.950344024Z""}"
2025-06-06T09:23:06.904693576Z,1674984186904693576,33.33.33.116,ts-travel-service-64469b5b48-25zj6,server,e38975cbf5e2319af0fa9ea980eb7eb3,cb532a365b3a9ba2,"{""log"":""17:23:06.904 INFO  t.s.TravelServiceImpl#548 TraceID: e38975cbf5e2319af0fa9ea980eb7eb3 SpanID: cb532a365b3a9ba2 [getRestTicketNumber][Seat request][request: Seat(travelDate=2023-01-29 15:38:06, trainNumber=G1237, startStation=suzhou, destStation=shanghai, seatType=2, totalNum=2147483647, stations=[suzhou, shanghai])]\n"",""stream"":""stdout"",""time"":""2025-06-06T09:23:06.904693576Z""}"
2025-06-06T09:23:06.852222675Z,1674984186852222675,33.33.33.116,ts-travel-service-64469b5b48-25zj6,server,e38975cbf5e2319af0fa9ea980eb7eb3,cb532a365b3a9ba2,"{""log"":""17:23:06.852 INFO  t.s.TravelServiceImpl#343 TraceID: e38975cbf5e2319af0fa9ea980eb7eb3 SpanID: cb532a365b3a9ba2 [getTicketsByBatch][before get basic][trips: [Trip(id=015fd636-861e-4714-9347-2efbb1a98f37, tripId=G1234, trainTypeName=GaoTieOne, routeId=92708982-77af-4318-be25-57ccb0ff69ad, startStationName=shanghai, stationsName=suzhou, terminalStationName=taiyuan, startTime=2013-05-04 09:00:00, endTime=2013-05-04 15:51:52), Trip(id=38893061-3fd2-4ac4-bbc9-f0d727f83d6f, tripId=G1235, trainTypeName=GaoTieOne, routeId=aefcef3f-3f42-46e8-afd7-6cb2a928bd3d, startStationName=shanghai, stationsName=suzhou, terminalStationName=taiyuan, startTime=2013-05-04 12:00:00, endTime=2013-05-04 17:51:52), Trip(id=cfcf2553-3371-42c5-b583-a3c4bb8ef505, tripId=G1236, trainTypeName=GaoTieOne, routeId=a3f256c1-0e43-4f7d-9c21-121bf258101f, startStationName=shanghai, stationsName=suzhou, terminalStationName=taiyuan, startTime=2013-05-04 14:00:00, endTime=2013-05-04 20:51:52), Trip(id=a71c2e28-22c2-4b7f-90cf-715a7f4b35b4, tripId=G1237, trainTypeName=GaoTieTwo, routeId=084837bb-53c8-4438-87c8-0321a4d09917, startStationName=shanghai, stationsName=suzhou, terminalStationName=taiyuan, startTime=2013-05-04 08:00:00, endTime=2013-05-04 17:21:52), Trip(id=465eec52-1bc7-4d8b-8c38-e8f210bb3a77, tripId=D1345, trainTypeName=DongCheOne, routeId=f3d4d4ef-693b-4456-8eed-59c0d717dd08, startStationName=shanghai, stationsName=suzhou, terminalStationName=taiyuan, startTime=2013-05-04 07:00:00, endTime=2013-05-04 19:59:52)]]\n"",""stream"":""stdout"",""time"":""2025-06-06T09:23:06.852222675Z""}"
2025-06-06T09:23:06.852066859Z,1674984186852066859,33.33.33.116,ts-travel-service-64469b5b48-25zj6,server,e38975cbf5e2319af0fa9ea980eb7eb3,cb532a365b3a9ba2,"{""log"":""17:23:06.851 INFO  t.s.TravelServiceImpl#487 TraceID: e38975cbf5e2319af0fa9ea980eb7eb3 SpanID: cb532a365b3a9ba2 [departrue date][y: 2023][m:0][d: 29]\n"",""stream"":""stdout"",""time"":""2025-06-06T09:23:06.852066859Z""}"
2025-06-06T09:23:06.851934028Z,1674984186851934028,33.33.33.116,ts-travel-service-64469b5b48-25zj6,server,e38975cbf5e2319af0fa9ea980eb7eb3,cb532a365b3a9ba2,"{""log"":""17:23:06.851 INFO  t.s.TravelServiceImpl#486 TraceID: e38975cbf5e2319af0fa9ea980eb7eb3 SpanID: cb532a365b3a9ba2 [today date][y: 2023][m:0][d: 29]\n"",""stream"":""stdout"",""time"":""2025-06-06T09:23:06.851934028Z""}"
2025-06-06T09:23:06.849228154Z,1674984186849228154,33.33.33.116,ts-travel-service-64469b5b48-25zj6,server,e38975cbf5e2319af0fa9ea980eb7eb3,cb532a365b3a9ba2,"{""log"":""17:23:06.848 INFO  t.c.TravelController#122 TraceID: e38975cbf5e2319af0fa9ea980eb7eb3 SpanID: cb532a365b3a9ba2 [query][Query TripResponse]\n"",""stream"":""stdout"",""time"":""2025-06-06T09:23:06.849228154Z""}"
2025-06-06T09:23:06.866781642Z,1674984186866781642,33.33.33.79,ts-train-service-86f5f97bc9-dkqmf,server,e38975cbf5e2319af0fa9ea980eb7eb3,96400770b9530f50,"{""log"":""17:23:06.865 INFO  t.c.TrainController#72 TraceID: e38975cbf5e2319af0fa9ea980eb7eb3 SpanID: 96400770b9530f50 [retrieveByNames][Retrieve train][TrainTypeNames: [DongCheOne, GaoTieOne, GaoTieTwo]]\n"",""stream"":""stdout"",""time"":""2025-06-06T09:23:06.866781642Z""}"
2025-06-06T09:23:06.859183488Z,1674984186859183488,33.33.33.76,ts-station-service-7f4f5f6f77-5qb6j,server,e38975cbf5e2319af0fa9ea980eb7eb3,b3f7f8b0998eb182,"{""log"":""17:23:06.858 INFO  f.m.c.StationController#71 TraceID: e38975cbf5e2319af0fa9ea980eb7eb3 SpanID: b3f7f8b0998eb182 [queryForIdBatch][Query stations for id batch][StationNameNumbers: 2]\n"",""stream"":""stdout"",""time"":""2025-06-06T09:23:06.859183488Z""}"
2025-06-06T09:23:07.317994597Z,1674984187317994597,33.33.33.82,ts-seat-service-5c95b49cff-tdsdz,server,e38975cbf5e2319af0fa9ea980eb7eb3,464ad652de32beeb,"{""log"":""17:23:07.317 INFO  s.s.SeatServiceImpl#217 TraceID: e38975cbf5e2319af0fa9ea980eb7eb3 SpanID: 464ad652de32beeb [getDirectProportion][Configs is : Config(name=DirectTicketAllocationProportion, value=0.5, description=Allocation Proportion Of The Direct Ticket - From Start To End)]\n"",""stream"":""stdout"",""time"":""2025-06-06T09:23:07.317994597Z""}"
2025-06-06T09:23:07.313991412Z,1674984187313991412,33.33.33.82,ts-seat-service-5c95b49cff-tdsdz,server,e38975cbf5e2319af0fa9ea980eb7eb3,464ad652de32beeb,"{""log"":""17:23:07.313 INFO  s.s.SeatServiceImpl#151 TraceID: e38975cbf5e2319af0fa9ea980eb7eb3 SpanID: 464ad652de32beeb [getLeftTicketOfInterval][Get Order tickets result][result is \u003c200,Response(status=0, msg=Order is Null., data=null),[vary:\""Origin,Access-Control-Request-Method,Access-Control-Request-Headers\"", x-content-type-options:\""nosniff\"", x-xss-protection:\""1; mode=block\"", cache-control:\""no-cache, no-store, max-age=0, must-revalidate\"", pragma:\""no-cache\"", expires:\""0\"", x-frame-options:\""DENY\"", content-type:\""application/json\"", date:\""Sun, 29 Jan 2023 09:23:06 GMT\"", x-envoy-upstream-service-time:\""3\"", server:\""envoy\"", transfer-encoding:\""chunked\""]\u003e]\n"",""stream"":""stdout"",""time"":""2025-06-06T09:23:07.313991412Z""}"
2025-06-06T09:23:07.3090133Z,1674984187309013300,33.33.33.82,ts-seat-service-5c95b49cff-tdsdz,server,e38975cbf5e2319af0fa9ea980eb7eb3,464ad652de32beeb,"{""log"":""17:23:07.308 INFO  s.s.SeatServiceImpl#139 TraceID: e38975cbf5e2319af0fa9ea980eb7eb3 SpanID: 464ad652de32beeb [getLeftTicketOfInterval][TrainNumber start with G|D][trainNumber:G1234]\n"",""stream"":""stdout"",""time"":""2025-06-06T09:23:07.3090133Z""}"
2025-06-06T09:23:07.308682021Z,1674984187308682021,33.33.33.82,ts-seat-service-5c95b49cff-tdsdz,server,e38975cbf5e2319af0fa9ea980eb7eb3,464ad652de32beeb,"{""log"":""17:23:07.308 INFO  s.s.SeatServiceImpl#137 TraceID: e38975cbf5e2319af0fa9ea980eb7eb3 SpanID: 464ad652de32beeb [getLeftTicketOfInterval][Seat request][request:Seat(travelDate=2023-01-29 15:38:06, trainNumber=G1234, startStation=suzhou, destStation=shanghai, seatType=3, totalNum=2147483647, stations=[nanjing, zhenjiang, wuxi, suzhou, shanghai])]\n"",""stream"":""stdout"",""time"":""2025-06-06T09:23:07.308682021Z""}"
2025-06-06T09:23:07.308294394Z,1674984187308294394,33.33.33.82,ts-seat-service-5c95b49cff-tdsdz,server,e38975cbf5e2319af0fa9ea980eb7eb3,464ad652de32beeb,"{""log"":""17:23:07.307 INFO  s.c.SeatController#57 TraceID: e38975cbf5e2319af0fa9ea980eb7eb3 SpanID: 464ad652de32beeb [getLeftTicketOfInterval][Get left ticket of interval][TravelDate: 2023-01-29 15:38:06,TrainNumber: G1234,SeatType: 3]\n"",""stream"":""stdout"",""time"":""2025-06-06T09:23:07.308294394Z""}"
2025-06-06T09:23:07.304173721Z,1674984187304173721,33.33.33.82,ts-seat-service-5c95b49cff-tdsdz,server,e38975cbf5e2319af0fa9ea980eb7eb3,1b825ce3af5e33cd,"{""log"":""17:23:07.303 INFO  s.s.SeatServiceImpl#217 TraceID: e38975cbf5e2319af0fa9ea980eb7eb3 SpanID: 1b825ce3af5e33cd [getDirectProportion][Configs is : Config(name=DirectTicketAllocationProportion, value=0.5, description=Allocation Proportion Of The Direct Ticket - From Start To End)]\n"",""stream"":""stdout"",""time"":""2025-06-06T09:23:07.304173721Z""}"
2025-06-06T09:23:07.283362137Z,1674984187283362137,33.33.33.82,ts-seat-service-5c95b49cff-tdsdz,server,e38975cbf5e2319af0fa9ea980eb7eb3,1b825ce3af5e33cd,"{""log"":""17:23:07.282 INFO  s.s.SeatServiceImpl#151 TraceID: e38975cbf5e2319af0fa9ea980eb7eb3 SpanID: 1b825ce3af5e33cd [getLeftTicketOfInterval][Get Order tickets result][result is \u003c200,Response(status=0, msg=Order is Null., data=null),[vary:\""Origin,Access-Control-Request-Method,Access-Control-Request-Headers\"", x-content-type-options:\""nosniff\"", x-xss-protection:\""1; mode=block\"", cache-control:\""no-cache, no-store, max-age=0, must-revalidate\"", pragma:\""no-cache\"", expires:\""0\"", x-frame-options:\""DENY\"", content-type:\""application/json\"", date:\""Sun, 29 Jan 2023 09:23:06 GMT\"", x-envoy-upstream-service-time:\""4\"", server:\""envoy\"", transfer-encoding:\""chunked\""]\u003e]\n"",""stream"":""stdout"",""time"":""2025-06-06T09:23:07.283362137Z""}"
2025-06-06T09:23:07.277259061Z,1674984187277259061,33.33.33.82,ts-seat-service-5c95b49cff-tdsdz,server,e38975cbf5e2319af0fa9ea980eb7eb3,1b825ce3af5e33cd,"{""log"":""17:23:07.276 INFO  s.s.SeatServiceImpl#139 TraceID: e38975cbf5e2319af0fa9ea980eb7eb3 SpanID: 1b825ce3af5e33cd [getLeftTicketOfInterval][TrainNumber start with G|D][trainNumber:G1234]\n"",""stream"":""stdout"",""time"":""2025-06-06T09:23:07.277259061Z""}"
2025-06-06T09:23:07.276903231Z,1674984187276903231,33.33.33.82,ts-seat-service-5c95b49cff-tdsdz,server,e38975cbf5e2319af0fa9ea980eb7eb3,1b825ce3af5e33cd,"{""log"":""17:23:07.276 INFO  s.s.SeatServiceImpl#137 TraceID: e38975cbf5e2319af0fa9ea980eb7eb3 SpanID: 1b825ce3af5e33cd [getLeftTicketOfInterval][Seat request][request:Seat(travelDate=2023-01-29 15:38:06, trainNumber=G1234, startStation=suzhou, destStation=shanghai, seatType=2, totalNum=2147483647, stations=[nanjing, zhenjiang, wuxi, suzhou, shanghai])]\n"",""stream"":""stdout"",""time"":""2025-06-06T09:23:07.276903231Z""}"
2025-06-06T09:23:07.276543124Z,1674984187276543124,33.33.33.82,ts-seat-service-5c95b49cff-tdsdz,server,e38975cbf5e2319af0fa9ea980eb7eb3,1b825ce3af5e33cd,"{""log"":""17:23:07.275 INFO  s.c.SeatController#57 TraceID: e38975cbf5e2319af0fa9ea980eb7eb3 SpanID: 1b825ce3af5e33cd [getLeftTicketOfInterval][Get left ticket of interval][TravelDate: 2023-01-29 15:38:06,TrainNumber: G1234,SeatType: 2]\n"",""stream"":""stdout"",""time"":""2025-06-06T09:23:07.276543124Z""}"
2025-06-06T09:23:07.252637208Z,1674984187252637208,33.33.33.82,ts-seat-service-5c95b49cff-tdsdz,server,e38975cbf5e2319af0fa9ea980eb7eb3,1176e92ce0b69a02,"{""log"":""17:23:07.252 INFO  s.s.SeatServiceImpl#217 TraceID: e38975cbf5e2319af0fa9ea980eb7eb3 SpanID: 1176e92ce0b69a02 [getDirectProportion][Configs is : Config(name=DirectTicketAllocationProportion, value=0.5, description=Allocation Proportion Of The Direct Ticket - From Start To End)]\n"",""stream"":""stdout"",""time"":""2025-06-06T09:23:07.252637208Z""}"
2025-06-06T09:23:07.248123247Z,1674984187248123247,33.33.33.82,ts-seat-service-5c95b49cff-tdsdz,server,e38975cbf5e2319af0fa9ea980eb7eb3,1176e92ce0b69a02,"{""log"":""17:23:07.247 INFO  s.s.SeatServiceImpl#151 TraceID: e38975cbf5e2319af0fa9ea980eb7eb3 SpanID: 1176e92ce0b69a02 [getLeftTicketOfInterval][Get Order tickets result][result is \u003c200,Response(status=0, msg=Order is Null., data=null),[vary:\""Origin,Access-Control-Request-Method,Access-Control-Request-Headers\"", x-content-type-options:\""nosniff\"", x-xss-protection:\""1; mode=block\"", cache-control:\""no-cache, no-store, max-age=0, must-revalidate\"", pragma:\""no-cache\"", expires:\""0\"", x-frame-options:\""DENY\"", content-type:\""application/json\"", date:\""Sun, 29 Jan 2023 09:23:06 GMT\"", x-envoy-upstream-service-time:\""4\"", server:\""envoy\"", transfer-encoding:\""chunked\""]\u003e]\n"",""stream"":""stdout"",""time"":""2025-06-06T09:23:07.248123247Z""}"
2025-06-06T09:23:07.242280543Z,1674984187242280543,33.33.33.82,ts-seat-service-5c95b49cff-tdsdz,server,e38975cbf5e2319af0fa9ea980eb7eb3,1176e92ce0b69a02,"{""log"":""17:23:07.241 INFO  s.s.SeatServiceImpl#139 TraceID: e38975cbf5e2319af0fa9ea980eb7eb3 SpanID: 1176e92ce0b69a02 [getLeftTicketOfInterval][TrainNumber start with G|D][trainNumber:G1236]\n"",""stream"":""stdout"",""time"":""2025-06-06T09:23:07.242280543Z""}"
2025-06-06T09:23:07.241958872Z,1674984187241958872,33.33.33.82,ts-seat-service-5c95b49cff-tdsdz,server,e38975cbf5e2319af0fa9ea980eb7eb3,1176e92ce0b69a02,"{""log"":""17:23:07.241 INFO  s.s.SeatServiceImpl#137 TraceID: e38975cbf5e2319af0fa9ea980eb7eb3 SpanID: 1176e92ce0b69a02 [getLeftTicketOfInterval][Seat request][request:Seat(travelDate=2023-01-29 15:38:06, trainNumber=G1236, startStation=suzhou, destStation=shanghai, seatType=3, totalNum=2147483647, stations=[nanjing, suzhou, shanghai])]\n"",""stream"":""stdout"",""time"":""2025-06-06T09:23:07.241958872Z""}"
2025-06-06T09:23:07.241593034Z,1674984187241593034,33.33.33.82,ts-seat-service-5c95b49cff-tdsdz,server,e38975cbf5e2319af0fa9ea980eb7eb3,1176e92ce0b69a02,"{""log"":""17:23:07.240 INFO  s.c.SeatController#57 TraceID: e38975cbf5e2319af0fa9ea980eb7eb3 SpanID: 1176e92ce0b69a02 [getLeftTicketOfInterval][Get left ticket of interval][TravelDate: 2023-01-29 15:38:06,TrainNumber: G1236,SeatType: 3]\n"",""stream"":""stdout"",""time"":""2025-06-06T09:23:07.241593034Z""}"
2025-06-06T09:23:07.2368975Z,1674984187236897500,33.33.33.82,ts-seat-service-5c95b49cff-tdsdz,server,e38975cbf5e2319af0fa9ea980eb7eb3,d2f23fdc6a79ced6,"{""log"":""17:23:07.236 INFO  s.s.SeatServiceImpl#217 TraceID: e38975cbf5e2319af0fa9ea980eb7eb3 SpanID: d2f23fdc6a79ced6 [getDirectProportion][Configs is : Config(name=DirectTicketAllocationProportion, value=0.5, description=Allocation Proportion Of The Direct Ticket - From Start To End)]\n"",""stream"":""stdout"",""time"":""2025-06-06T09:23:07.2368975Z""}"
2025-06-06T09:23:07.201059756Z,1674984187201059756,33.33.33.82,ts-seat-service-5c95b49cff-tdsdz,server,e38975cbf5e2319af0fa9ea980eb7eb3,d2f23fdc6a79ced6,"{""log"":""17:23:07.200 INFO  s.s.SeatServiceImpl#151 TraceID: e38975cbf5e2319af0fa9ea980eb7eb3 SpanID: d2f23fdc6a79ced6 [getLeftTicketOfInterval][Get Order tickets result][result is \u003c200,Response(status=0, msg=Order is Null., data=null),[vary:\""Origin,Access-Control-Request-Method,Access-Control-Request-Headers\"", x-content-type-options:\""nosniff\"", x-xss-protection:\""1; mode=block\"", cache-control:\""no-cache, no-store, max-age=0, must-revalidate\"", pragma:\""no-cache\"", expires:\""0\"", x-frame-options:\""DENY\"", content-type:\""application/json\"", date:\""Sun, 29 Jan 2023 09:23:06 GMT\"", x-envoy-upstream-service-time:\""4\"", server:\""envoy\"", transfer-encoding:\""chunked\""]\u003e]\n"",""stream"":""stdout"",""time"":""2025-06-06T09:23:07.201059756Z""}"
2025-06-06T09:23:07.193455814Z,1674984187193455814,33.33.33.82,ts-seat-service-5c95b49cff-tdsdz,server,e38975cbf5e2319af0fa9ea980eb7eb3,d2f23fdc6a79ced6,"{""log"":""17:23:07.192 INFO  s.s.SeatServiceImpl#139 TraceID: e38975cbf5e2319af0fa9ea980eb7eb3 SpanID: d2f23fdc6a79ced6 [getLeftTicketOfInterval][TrainNumber start with G|D][trainNumber:G1236]\n"",""stream"":""stdout"",""time"":""2025-06-06T09:23:07.193455814Z""}"
2025-06-06T09:23:07.193140976Z,1674984187193140976,33.33.33.82,ts-seat-service-5c95b49cff-tdsdz,server,e38975cbf5e2319af0fa9ea980eb7eb3,d2f23fdc6a79ced6,"{""log"":""17:23:07.192 INFO  s.s.SeatServiceImpl#137 TraceID: e38975cbf5e2319af0fa9ea980eb7eb3 SpanID: d2f23fdc6a79ced6 [getLeftTicketOfInterval][Seat request][request:Seat(travelDate=2023-01-29 15:38:06, trainNumber=G1236, startStation=suzhou, destStation=shanghai, seatType=2, totalNum=2147483647, stations=[nanjing, suzhou, shanghai])]\n"",""stream"":""stdout"",""time"":""2025-06-06T09:23:07.193140976Z""}"
2025-06-06T09:23:07.19275542Z,1674984187192755420,33.33.33.82,ts-seat-service-5c95b49cff-tdsdz,server,e38975cbf5e2319af0fa9ea980eb7eb3,d2f23fdc6a79ced6,"{""log"":""17:23:07.191 INFO  s.c.SeatController#57 TraceID: e38975cbf5e2319af0fa9ea980eb7eb3 SpanID: d2f23fdc6a79ced6 [getLeftTicketOfInterval][Get left ticket of interval][TravelDate: 2023-01-29 15:38:06,TrainNumber: G1236,SeatType: 2]\n"",""stream"":""stdout"",""time"":""2025-06-06T09:23:07.19275542Z""}"
2025-06-06T09:23:06.965706204Z,1674984186965706204,33.33.33.82,ts-seat-service-5c95b49cff-tdsdz,server,e38975cbf5e2319af0fa9ea980eb7eb3,438deabdfbbd1c99,"{""log"":""17:23:06.965 INFO  s.s.SeatServiceImpl#217 TraceID: e38975cbf5e2319af0fa9ea980eb7eb3 SpanID: 438deabdfbbd1c99 [getDirectProportion][Configs is : Config(name=DirectTicketAllocationProportion, value=0.5, description=Allocation Proportion Of The Direct Ticket - From Start To End)]\n"",""stream"":""stdout"",""time"":""2025-06-06T09:23:06.965706204Z""}"
2025-06-06T09:23:06.960801225Z,1674984186960801225,33.33.33.82,ts-seat-service-5c95b49cff-tdsdz,server,e38975cbf5e2319af0fa9ea980eb7eb3,438deabdfbbd1c99,"{""log"":""17:23:06.960 INFO  s.s.SeatServiceImpl#151 TraceID: e38975cbf5e2319af0fa9ea980eb7eb3 SpanID: 438deabdfbbd1c99 [getLeftTicketOfInterval][Get Order tickets result][result is \u003c200,Response(status=0, msg=Order is Null., data=null),[vary:\""Origin,Access-Control-Request-Method,Access-Control-Request-Headers\"", x-content-type-options:\""nosniff\"", x-xss-protection:\""1; mode=block\"", cache-control:\""no-cache, no-store, max-age=0, must-revalidate\"", pragma:\""no-cache\"", expires:\""0\"", x-frame-options:\""DENY\"", content-type:\""application/json\"", date:\""Sun, 29 Jan 2023 09:23:06 GMT\"", x-envoy-upstream-service-time:\""3\"", server:\""envoy\"", transfer-encoding:\""chunked\""]\u003e]\n"",""stream"":""stdout"",""time"":""2025-06-06T09:23:06.960801225Z""}"
2025-06-06T09:23:06.954358425Z,1674984186954358425,33.33.33.82,ts-seat-service-5c95b49cff-tdsdz,server,e38975cbf5e2319af0fa9ea980eb7eb3,438deabdfbbd1c99,"{""log"":""17:23:06.953 INFO  s.s.SeatServiceImpl#139 TraceID: e38975cbf5e2319af0fa9ea980eb7eb3 SpanID: 438deabdfbbd1c99 [getLeftTicketOfInterval][TrainNumber start with G|D][trainNumber:G1237]\n"",""stream"":""stdout"",""time"":""2025-06-06T09:23:06.954358425Z""}"
2025-06-06T09:23:06.954031383Z,1674984186954031383,33.33.33.82,ts-seat-service-5c95b49cff-tdsdz,server,e38975cbf5e2319af0fa9ea980eb7eb3,438deabdfbbd1c99,"{""log"":""17:23:06.953 INFO  s.s.SeatServiceImpl#137 TraceID: e38975cbf5e2319af0fa9ea980eb7eb3 SpanID: 438deabdfbbd1c99 [getLeftTicketOfInterval][Seat request][request:Seat(travelDate=2023-01-29 15:38:06, trainNumber=G1237, startStation=suzhou, destStation=shanghai, seatType=3, totalNum=2147483647, stations=[suzhou, shanghai])]\n"",""stream"":""stdout"",""time"":""2025-06-06T09:23:06.954031383Z""}"
2025-06-06T09:23:06.95358863Z,1674984186953588630,33.33.33.82,ts-seat-service-5c95b49cff-tdsdz,server,e38975cbf5e2319af0fa9ea980eb7eb3,438deabdfbbd1c99,"{""log"":""17:23:06.952 INFO  s.c.SeatController#57 TraceID: e38975cbf5e2319af0fa9ea980eb7eb3 SpanID: 438deabdfbbd1c99 [getLeftTicketOfInterval][Get left ticket of interval][TravelDate: 2023-01-29 15:38:06,TrainNumber: G1237,SeatType: 3]\n"",""stream"":""stdout"",""time"":""2025-06-06T09:23:06.95358863Z""}"
2025-06-06T09:23:06.948529177Z,1674984186948529177,33.33.33.82,ts-seat-service-5c95b49cff-tdsdz,server,e38975cbf5e2319af0fa9ea980eb7eb3,8bb24ed82eb2d979,"{""log"":""17:23:06.947 INFO  s.s.SeatServiceImpl#217 TraceID: e38975cbf5e2319af0fa9ea980eb7eb3 SpanID: 8bb24ed82eb2d979 [getDirectProportion][Configs is : Config(name=DirectTicketAllocationProportion, value=0.5, description=Allocation Proportion Of The Direct Ticket - From Start To End)]\n"",""stream"":""stdout"",""time"":""2025-06-06T09:23:06.948529177Z""}"
2025-06-06T09:23:06.920362634Z,1674984186920362634,33.33.33.82,ts-seat-service-5c95b49cff-tdsdz,server,e38975cbf5e2319af0fa9ea980eb7eb3,8bb24ed82eb2d979,"{""log"":""17:23:06.919 INFO  s.s.SeatServiceImpl#151 TraceID: e38975cbf5e2319af0fa9ea980eb7eb3 SpanID: 8bb24ed82eb2d979 [getLeftTicketOfInterval][Get Order tickets result][result is \u003c200,Response(status=0, msg=Order is Null., data=null),[vary:\""Origin,Access-Control-Request-Method,Access-Control-Request-Headers\"", x-content-type-options:\""nosniff\"", x-xss-protection:\""1; mode=block\"", cache-control:\""no-cache, no-store, max-age=0, must-revalidate\"", pragma:\""no-cache\"", expires:\""0\"", x-frame-options:\""DENY\"", content-type:\""application/json\"", date:\""Sun, 29 Jan 2023 09:23:06 GMT\"", x-envoy-upstream-service-time:\""4\"", server:\""envoy\"", transfer-encoding:\""chunked\""]\u003e]\n"",""stream"":""stdout"",""time"":""2025-06-06T09:23:06.920362634Z""}"
2025-06-06T09:23:06.911216236Z,1674984186911216236,33.33.33.82,ts-seat-service-5c95b49cff-tdsdz,server,e38975cbf5e2319af0fa9ea980eb7eb3,8bb24ed82eb2d979,"{""log"":""17:23:06.910 INFO  s.s.SeatServiceImpl#139 TraceID: e38975cbf5e2319af0fa9ea980eb7eb3 SpanID: 8bb24ed82eb2d979 [getLeftTicketOfInterval][TrainNumber start with G|D][trainNumber:G1237]\n"",""stream"":""stdout"",""time"":""2025-06-06T09:23:06.911216236Z""}"
2025-06-06T09:23:06.910875537Z,1674984186910875537,33.33.33.82,ts-seat-service-5c95b49cff-tdsdz,server,e38975cbf5e2319af0fa9ea980eb7eb3,8bb24ed82eb2d979,"{""log"":""17:23:06.910 INFO  s.s.SeatServiceImpl#137 TraceID: e38975cbf5e2319af0fa9ea980eb7eb3 SpanID: 8bb24ed82eb2d979 [getLeftTicketOfInterval][Seat request][request:Seat(travelDate=2023-01-29 15:38:06, trainNumber=G1237, startStation=suzhou, destStation=shanghai, seatType=2, totalNum=2147483647, stations=[suzhou, shanghai])]\n"",""stream"":""stdout"",""time"":""2025-06-06T09:23:06.910875537Z""}"
2025-06-06T09:23:06.910481429Z,1674984186910481429,33.33.33.82,ts-seat-service-5c95b49cff-tdsdz,server,e38975cbf5e2319af0fa9ea980eb7eb3,8bb24ed82eb2d979,"{""log"":""17:23:06.909 INFO  s.c.SeatController#57 TraceID: e38975cbf5e2319af0fa9ea980eb7eb3 SpanID: 8bb24ed82eb2d979 [getLeftTicketOfInterval][Get left ticket of interval][TravelDate: 2023-01-29 15:38:06,TrainNumber: G1237,SeatType: 2]\n"",""stream"":""stdout"",""time"":""2025-06-06T09:23:06.910481429Z""}"
2025-06-06T09:23:06.877779096Z,1674984186877779096,33.33.33.80,ts-route-service-b6c59fb57-zv8dt,server,e38975cbf5e2319af0fa9ea980eb7eb3,85bd9391f97c9331,"{""log"":""17:23:06.876 INFO  r.c.RouteController#53 TraceID: e38975cbf5e2319af0fa9ea980eb7eb3 SpanID: 85bd9391f97c9331 [getRouteById][Query route by id][RouteId: [92708982-77af-4318-be25-57ccb0ff69ad, aefcef3f-3f42-46e8-afd7-6cb2a928bd3d, a3f256c1-0e43-4f7d-9c21-121bf258101f, 084837bb-53c8-4438-87c8-0321a4d09917, f3d4d4ef-693b-4456-8eed-59c0d717dd08]]\n"",""stream"":""stdout"",""time"":""2025-06-06T09:23:06.877779096Z""}"
2025-06-06T09:23:06.897020548Z,1674984186897020548,33.33.33.79,ts-price-service-76846864d9-g465z,server,e38975cbf5e2319af0fa9ea980eb7eb3,ed1878953d9f1057,"{""log"":""17:23:06.896 INFO  p.c.PriceController#46 TraceID: e38975cbf5e2319af0fa9ea980eb7eb3 SpanID: ed1878953d9f1057 [findByRouteIdAndTrainType][Query price][routeId and Train Type: [084837bb-53c8-4438-87c8-0321a4d09917:GaoTieTwo, a3f256c1-0e43-4f7d-9c21-121bf258101f:GaoTieOne, 92708982-77af-4318-be25-57ccb0ff69ad:GaoTieOne]]\n"",""stream"":""stdout"",""time"":""2025-06-06T09:23:06.897020548Z""}"
2025-06-06T09:23:07.312215624Z,1674984187312215624,33.33.33.76,ts-order-service-5b67c48447-mv5hb,server,e38975cbf5e2319af0fa9ea980eb7eb3,379372b83b402ab3,"{""log"":""17:23:07.311 WARN  o.s.OrderServiceImpl#68 TraceID: e38975cbf5e2319af0fa9ea980eb7eb3 SpanID: 379372b83b402ab3 [getSoldTickets][Seat][Left ticket info is empty][seat from date: 2023-01-29 15:38:06, train number: G1234]\n"",""stream"":""stdout"",""time"":""2025-06-06T09:23:07.312215624Z""}"
2025-06-06T09:23:07.311090873Z,1674984187311090873,33.33.33.76,ts-order-service-5b67c48447-mv5hb,server,e38975cbf5e2319af0fa9ea980eb7eb3,379372b83b402ab3,"{""log"":""17:23:07.310 INFO  o.c.OrderController#39 TraceID: e38975cbf5e2319af0fa9ea980eb7eb3 SpanID: 379372b83b402ab3 [getSoldTickets][Get Sold Ticket][Travel Date: 2023-01-29 15:38:06]\n"",""stream"":""stdout"",""time"":""2025-06-06T09:23:07.311090873Z""}"
2025-06-06T09:23:07.28138875Z,1674984187281388750,33.33.33.76,ts-order-service-5b67c48447-mv5hb,server,e38975cbf5e2319af0fa9ea980eb7eb3,dcf509a6d7e7240b,"{""log"":""17:23:07.281 WARN  o.s.OrderServiceImpl#68 TraceID: e38975cbf5e2319af0fa9ea980eb7eb3 SpanID: dcf509a6d7e7240b [getSoldTickets][Seat][Left ticket info is empty][seat from date: 2023-01-29 15:38:06, train number: G1234]\n"",""stream"":""stdout"",""time"":""2025-06-06T09:23:07.28138875Z""}"
2025-06-06T09:23:07.280119177Z,1674984187280119177,33.33.33.76,ts-order-service-5b67c48447-mv5hb,server,e38975cbf5e2319af0fa9ea980eb7eb3,dcf509a6d7e7240b,"{""log"":""17:23:07.279 INFO  o.c.OrderController#39 TraceID: e38975cbf5e2319af0fa9ea980eb7eb3 SpanID: dcf509a6d7e7240b [getSoldTickets][Get Sold Ticket][Travel Date: 2023-01-29 15:38:06]\n"",""stream"":""stdout"",""time"":""2025-06-06T09:23:07.280119177Z""}"
2025-06-06T09:23:07.24629029Z,1674984187246290290,33.33.33.76,ts-order-service-5b67c48447-mv5hb,server,e38975cbf5e2319af0fa9ea980eb7eb3,b3b6f04b1510db2f,"{""log"":""17:23:07.245 WARN  o.s.OrderServiceImpl#68 TraceID: e38975cbf5e2319af0fa9ea980eb7eb3 SpanID: b3b6f04b1510db2f [getSoldTickets][Seat][Left ticket info is empty][seat from date: 2023-01-29 15:38:06, train number: G1236]\n"",""stream"":""stdout"",""time"":""2025-06-06T09:23:07.24629029Z""}"
2025-06-06T09:23:07.245050382Z,1674984187245050382,33.33.33.76,ts-order-service-5b67c48447-mv5hb,server,e38975cbf5e2319af0fa9ea980eb7eb3,b3b6f04b1510db2f,"{""log"":""17:23:07.244 INFO  o.c.OrderController#39 TraceID: e38975cbf5e2319af0fa9ea980eb7eb3 SpanID: b3b6f04b1510db2f [getSoldTickets][Get Sold Ticket][Travel Date: 2023-01-29 15:38:06]\n"",""stream"":""stdout"",""time"":""2025-06-06T09:23:07.245050382Z""}"
2025-06-06T09:23:07.197720702Z,1674984187197720702,33.33.33.76,ts-order-service-5b67c48447-mv5hb,server,e38975cbf5e2319af0fa9ea980eb7eb3,5663339364b3f218,"{""log"":""17:23:07.197 WARN  o.s.OrderServiceImpl#68 TraceID: e38975cbf5e2319af0fa9ea980eb7eb3 SpanID: 5663339364b3f218 [getSoldTickets][Seat][Left ticket info is empty][seat from date: 2023-01-29 15:38:06, train number: G1236]\n"",""stream"":""stdout"",""time"":""2025-06-06T09:23:07.197720702Z""}"
2025-06-06T09:23:07.196518644Z,1674984187196518644,33.33.33.76,ts-order-service-5b67c48447-mv5hb,server,e38975cbf5e2319af0fa9ea980eb7eb3,5663339364b3f218,"{""log"":""17:23:07.195 INFO  o.c.OrderController#39 TraceID: e38975cbf5e2319af0fa9ea980eb7eb3 SpanID: 5663339364b3f218 [getSoldTickets][Get Sold Ticket][Travel Date: 2023-01-29 15:38:06]\n"",""stream"":""stdout"",""time"":""2025-06-06T09:23:07.196518644Z""}"
2025-06-06T09:23:06.958471136Z,1674984186958471136,33.33.33.76,ts-order-service-5b67c48447-mv5hb,server,e38975cbf5e2319af0fa9ea980eb7eb3,eca7fa80ca8c2f62,"{""log"":""17:23:06.958 WARN  o.s.OrderServiceImpl#68 TraceID: e38975cbf5e2319af0fa9ea980eb7eb3 SpanID: eca7fa80ca8c2f62 [getSoldTickets][Seat][Left ticket info is empty][seat from date: 2023-01-29 15:38:06, train number: G1237]\n"",""stream"":""stdout"",""time"":""2025-06-06T09:23:06.958471136Z""}"
2025-06-06T09:23:06.957038225Z,1674984186957038225,33.33.33.76,ts-order-service-5b67c48447-mv5hb,server,e38975cbf5e2319af0fa9ea980eb7eb3,eca7fa80ca8c2f62,"{""log"":""17:23:06.956 INFO  o.c.OrderController#39 TraceID: e38975cbf5e2319af0fa9ea980eb7eb3 SpanID: eca7fa80ca8c2f62 [getSoldTickets][Get Sold Ticket][Travel Date: 2023-01-29 15:38:06]\n"",""stream"":""stdout"",""time"":""2025-06-06T09:23:06.957038225Z""}"
2025-06-06T09:23:06.917636304Z,1674984186917636304,33.33.33.76,ts-order-service-5b67c48447-mv5hb,server,e38975cbf5e2319af0fa9ea980eb7eb3,17fcde295052c63d,"{""log"":""17:23:06.917 WARN  o.s.OrderServiceImpl#68 TraceID: e38975cbf5e2319af0fa9ea980eb7eb3 SpanID: 17fcde295052c63d [getSoldTickets][Seat][Left ticket info is empty][seat from date: 2023-01-29 15:38:06, train number: G1237]\n"",""stream"":""stdout"",""time"":""2025-06-06T09:23:06.917636304Z""}"
2025-06-06T09:23:06.916009686Z,1674984186916009686,33.33.33.76,ts-order-service-5b67c48447-mv5hb,server,e38975cbf5e2319af0fa9ea980eb7eb3,17fcde295052c63d,"{""log"":""17:23:06.915 INFO  o.c.OrderController#39 TraceID: e38975cbf5e2319af0fa9ea980eb7eb3 SpanID: 17fcde295052c63d [getSoldTickets][Get Sold Ticket][Travel Date: 2023-01-29 15:38:06]\n"",""stream"":""stdout"",""time"":""2025-06-06T09:23:06.916009686Z""}"
2025-06-06T09:23:07.31631427Z,1674984187316314270,33.33.33.115,ts-config-service-5fcd447d84-wxwjd,server,e38975cbf5e2319af0fa9ea980eb7eb3,5ec1bc60a6b60031,"{""log"":""17:23:07.316 INFO  c.s.ConfigServiceImpl#65 TraceID: e38975cbf5e2319af0fa9ea980eb7eb3 SpanID: 5ec1bc60a6b60031 [query][Query config success][config name: DirectTicketAllocationProportion]\n"",""stream"":""stdout"",""time"":""2025-06-06T09:23:07.31631427Z""}"
2025-06-06T09:23:07.315605568Z,1674984187315605568,33.33.33.115,ts-config-service-5fcd447d84-wxwjd,server,e38975cbf5e2319af0fa9ea980eb7eb3,5ec1bc60a6b60031,"{""log"":""17:23:07.315 INFO  c.c.ConfigController#67 TraceID: e38975cbf5e2319af0fa9ea980eb7eb3 SpanID: 5ec1bc60a6b60031 [retrieve][Retrieve config][configName: DirectTicketAllocationProportion]\n"",""stream"":""stdout"",""time"":""2025-06-06T09:23:07.315605568Z""}"
2025-06-06T09:23:07.285841974Z,1674984187285841974,33.33.33.115,ts-config-service-5fcd447d84-wxwjd,server,e38975cbf5e2319af0fa9ea980eb7eb3,1451f9382dd4eba0,"{""log"":""17:23:07.285 INFO  c.s.ConfigServiceImpl#65 TraceID: e38975cbf5e2319af0fa9ea980eb7eb3 SpanID: 1451f9382dd4eba0 [query][Query config success][config name: DirectTicketAllocationProportion]\n"",""stream"":""stdout"",""time"":""2025-06-06T09:23:07.285841974Z""}"
2025-06-06T09:23:07.285075182Z,1674984187285075182,33.33.33.115,ts-config-service-5fcd447d84-wxwjd,server,e38975cbf5e2319af0fa9ea980eb7eb3,1451f9382dd4eba0,"{""log"":""17:23:07.284 INFO  c.c.ConfigController#67 TraceID: e38975cbf5e2319af0fa9ea980eb7eb3 SpanID: 1451f9382dd4eba0 [retrieve][Retrieve config][configName: DirectTicketAllocationProportion]\n"",""stream"":""stdout"",""time"":""2025-06-06T09:23:07.285075182Z""}"
2025-06-06T09:23:07.250826576Z,1674984187250826576,33.33.33.115,ts-config-service-5fcd447d84-wxwjd,server,e38975cbf5e2319af0fa9ea980eb7eb3,d6ef029aef99174b,"{""log"":""17:23:07.250 INFO  c.s.ConfigServiceImpl#65 TraceID: e38975cbf5e2319af0fa9ea980eb7eb3 SpanID: d6ef029aef99174b [query][Query config success][config name: DirectTicketAllocationProportion]\n"",""stream"":""stdout"",""time"":""2025-06-06T09:23:07.250826576Z""}"
2025-06-06T09:23:07.249965318Z,1674984187249965318,33.33.33.115,ts-config-service-5fcd447d84-wxwjd,server,e38975cbf5e2319af0fa9ea980eb7eb3,d6ef029aef99174b,"{""log"":""17:23:07.249 INFO  c.c.ConfigController#67 TraceID: e38975cbf5e2319af0fa9ea980eb7eb3 SpanID: d6ef029aef99174b [retrieve][Retrieve config][configName: DirectTicketAllocationProportion]\n"",""stream"":""stdout"",""time"":""2025-06-06T09:23:07.249965318Z""}"
2025-06-06T09:23:07.204789197Z,1674984187204789197,33.33.33.115,ts-config-service-5fcd447d84-wxwjd,server,e38975cbf5e2319af0fa9ea980eb7eb3,01767c741e51341a,"{""log"":""17:23:07.204 INFO  c.s.ConfigServiceImpl#65 TraceID: e38975cbf5e2319af0fa9ea980eb7eb3 SpanID: 01767c741e51341a [query][Query config success][config name: DirectTicketAllocationProportion]\n"",""stream"":""stdout"",""time"":""2025-06-06T09:23:07.204789197Z""}"
2025-06-06T09:23:07.203652838Z,1674984187203652838,33.33.33.115,ts-config-service-5fcd447d84-wxwjd,server,e38975cbf5e2319af0fa9ea980eb7eb3,01767c741e51341a,"{""log"":""17:23:07.203 INFO  c.c.ConfigController#67 TraceID: e38975cbf5e2319af0fa9ea980eb7eb3 SpanID: 01767c741e51341a [retrieve][Retrieve config][configName: DirectTicketAllocationProportion]\n"",""stream"":""stdout"",""time"":""2025-06-06T09:23:07.203652838Z""}"
2025-06-06T09:23:06.963887294Z,1674984186963887294,33.33.33.115,ts-config-service-5fcd447d84-wxwjd,server,e38975cbf5e2319af0fa9ea980eb7eb3,3aa69641642bc98a,"{""log"":""17:23:06.963 INFO  c.s.ConfigServiceImpl#65 TraceID: e38975cbf5e2319af0fa9ea980eb7eb3 SpanID: 3aa69641642bc98a [query][Query config success][config name: DirectTicketAllocationProportion]\n"",""stream"":""stdout"",""time"":""2025-06-06T09:23:06.963887294Z""}"
2025-06-06T09:23:06.962851308Z,1674984186962851308,33.33.33.115,ts-config-service-5fcd447d84-wxwjd,server,e38975cbf5e2319af0fa9ea980eb7eb3,3aa69641642bc98a,"{""log"":""17:23:06.962 INFO  c.c.ConfigController#67 TraceID: e38975cbf5e2319af0fa9ea980eb7eb3 SpanID: 3aa69641642bc98a [retrieve][Retrieve config][configName: DirectTicketAllocationProportion]\n"",""stream"":""stdout"",""time"":""2025-06-06T09:23:06.962851308Z""}"
2025-06-06T09:23:06.925916153Z,1674984186925916153,33.33.33.115,ts-config-service-5fcd447d84-wxwjd,server,e38975cbf5e2319af0fa9ea980eb7eb3,891202b0c9a828d8,"{""log"":""17:23:06.925 INFO  c.s.ConfigServiceImpl#65 TraceID: e38975cbf5e2319af0fa9ea980eb7eb3 SpanID: 891202b0c9a828d8 [query][Query config success][config name: DirectTicketAllocationProportion]\n"",""stream"":""stdout"",""time"":""2025-06-06T09:23:06.925916153Z""}"
2025-06-06T09:23:06.924585605Z,1674984186924585605,33.33.33.115,ts-config-service-5fcd447d84-wxwjd,server,e38975cbf5e2319af0fa9ea980eb7eb3,891202b0c9a828d8,"{""log"":""17:23:06.923 INFO  c.c.ConfigController#67 TraceID: e38975cbf5e2319af0fa9ea980eb7eb3 SpanID: 891202b0c9a828d8 [retrieve][Retrieve config][configName: DirectTicketAllocationProportion]\n"",""stream"":""stdout"",""time"":""2025-06-06T09:23:06.924585605Z""}"
2025-06-06T09:23:06.902372796Z,1674984186902372796,33.33.33.76,ts-basic-service-5dc8d4f9fd-46997,server,e38975cbf5e2319af0fa9ea980eb7eb3,125ebd2e2c8d4892,"{""log"":""17:23:06.902 INFO  f.m.s.BasicServiceImpl#320 TraceID: e38975cbf5e2319af0fa9ea980eb7eb3 SpanID: 125ebd2e2c8d4892 [queryForTravels][all done][result map: {G1237=TravelResult(status=true, percent=1.0, trainType=TrainType(id=615aa260-d076-48d0-ab7c-2d366a534223, name=GaoTieTwo, economyClass=2147483647, confortClass=2147483647, averageSpeed=200), route=Route(id=084837bb-53c8-4438-87c8-0321a4d09917, stations=[suzhou, shanghai], distances=[0, 50], startStation=suzhou, endStation=shanghai), prices={confortClass=50.0, economyClass=30.0}), G1236=TravelResult(status=true, percent=1.0, trainType=TrainType(id=111e1aed-10dc-4356-ad7e-daa5e551d4a7, name=GaoTieOne, economyClass=2147483647, confortClass=2147483647, averageSpeed=250), route=Route(id=a3f256c1-0e43-4f7d-9c21-121bf258101f, stations=[nanjing, suzhou, shanghai], distances=[0, 200, 250], startStation=nanjing, endStation=shanghai), prices={confortClass=50.0, economyClass=35.0}), G1234=TravelResult(status=true, percent=1.0, trainType=TrainType(id=111e1aed-10dc-4356-ad7e-daa5e551d4a7, name=GaoTieOne, economyClass=2147483647, confortClass=2147483647, averageSpeed=250), route=Route(id=92708982-77af-4318-be25-57ccb0ff69ad, stations=[nanjing, zhenjiang, wuxi, suzhou, shanghai], distances=[0, 100, 150, 200, 250], startStation=nanjing, endStation=shanghai), prices={confortClass=50.0, economyClass=19.0})}]\n"",""stream"":""stdout"",""time"":""2025-06-06T09:23:06.902372796Z""}"
2025-06-06T09:23:06.902170564Z,1674984186902170564,33.33.33.76,ts-basic-service-5dc8d4f9fd-46997,server,e38975cbf5e2319af0fa9ea980eb7eb3,125ebd2e2c8d4892,"{""log"":""17:23:06.901 INFO  f.m.s.BasicServiceImpl#481 TraceID: e38975cbf5e2319af0fa9ea980eb7eb3 SpanID: 125ebd2e2c8d4892 [queryPriceConfigByRouteIdsAndTrainTypes][Get Price Config by routeId and trainType][Success][priceConfigs: {92708982-77af-4318-be25-57ccb0ff69ad:GaoTieOne={id=6d20b8cb-039c-474c-ae25-b6177ea41152, trainType=GaoTieOne, routeId=92708982-77af-4318-be25-57ccb0ff69ad, basicPriceRate=0.38, firstClassPriceRate=1.0}, 084837bb-53c8-4438-87c8-0321a4d09917:GaoTieTwo={id=7de18cf8-bb17-4bb2-aeb4-85d8176d3a93, trainType=GaoTieTwo, routeId=084837bb-53c8-4438-87c8-0321a4d09917, basicPriceRate=0.6, firstClassPriceRate=1.0}, a3f256c1-0e43-4f7d-9c21-121bf258101f:GaoTieOne={id=719287d6-d3e7-4b54-9a92-71d039748b22, trainType=GaoTieOne, routeId=a3f256c1-0e43-4f7d-9c21-121bf258101f, basicPriceRate=0.7, firstClassPriceRate=1.0}}]\n"",""stream"":""stdout"",""time"":""2025-06-06T09:23:06.902170564Z""}"
2025-06-06T09:23:06.891619103Z,1674984186891619103,33.33.33.76,ts-basic-service-5dc8d4f9fd-46997,server,e38975cbf5e2319af0fa9ea980eb7eb3,125ebd2e2c8d4892,"{""log"":""17:23:06.891 INFO  f.m.s.BasicServiceImpl#459 TraceID: e38975cbf5e2319af0fa9ea980eb7eb3 SpanID: 125ebd2e2c8d4892 [queryPriceConfigByRouteIdsAndTrainTypes][Query For Price Config][RouteId and TrainType: [084837bb-53c8-4438-87c8-0321a4d09917:GaoTieTwo, a3f256c1-0e43-4f7d-9c21-121bf258101f:GaoTieOne, 92708982-77af-4318-be25-57ccb0ff69ad:GaoTieOne]]\n"",""stream"":""stdout"",""time"":""2025-06-06T09:23:06.891619103Z""}"
2025-06-06T09:23:06.891181432Z,1674984186891181432,33.33.33.76,ts-basic-service-5dc8d4f9fd-46997,server,e38975cbf5e2319af0fa9ea980eb7eb3,125ebd2e2c8d4892,"{""log"":""17:23:06.890 ERROR  f.m.s.BasicServiceImpl#415 TraceID: e38975cbf5e2319af0fa9ea980eb7eb3 SpanID: 125ebd2e2c8d4892 [getRoutesByRouteIds][Get Route By Ids Failed]\n"",""stream"":""stdout"",""time"":""2025-06-06T09:23:06.891181432Z""}"
2025-06-06T09:23:06.871533785Z,1674984186871533785,33.33.33.76,ts-basic-service-5dc8d4f9fd-46997,server,e38975cbf5e2319af0fa9ea980eb7eb3,125ebd2e2c8d4892,"{""log"":""17:23:06.871 INFO  f.m.s.BasicServiceImpl#405 TraceID: e38975cbf5e2319af0fa9ea980eb7eb3 SpanID: 125ebd2e2c8d4892 [getRoutesByRouteIds][Get Route By Ids][Route IDs: [92708982-77af-4318-be25-57ccb0ff69ad, aefcef3f-3f42-46e8-afd7-6cb2a928bd3d, a3f256c1-0e43-4f7d-9c21-121bf258101f, 084837bb-53c8-4438-87c8-0321a4d09917, f3d4d4ef-693b-4456-8eed-59c0d717dd08]]\n"",""stream"":""stdout"",""time"":""2025-06-06T09:23:06.871533785Z""}"
2025-06-06T09:23:06.86158059Z,1674984186861580590,33.33.33.76,ts-basic-service-5dc8d4f9fd-46997,server,e38975cbf5e2319af0fa9ea980eb7eb3,125ebd2e2c8d4892,"{""log"":""17:23:06.861 INFO  f.m.s.BasicServiceImpl#374 TraceID: e38975cbf5e2319af0fa9ea980eb7eb3 SpanID: 125ebd2e2c8d4892 [queryTrainTypeByNames][Query Train Type][Train Type names: [DongCheOne, GaoTieOne, GaoTieTwo]]\n"",""stream"":""stdout"",""time"":""2025-06-06T09:23:06.86158059Z""}"
2025-06-06T09:23:06.856350652Z,1674984186856350652,33.33.33.76,ts-basic-service-5dc8d4f9fd-46997,server,e38975cbf5e2319af0fa9ea980eb7eb3,125ebd2e2c8d4892,"{""log"":""17:23:06.856 INFO  f.m.s.BasicServiceImpl#343 TraceID: e38975cbf5e2319af0fa9ea980eb7eb3 SpanID: 125ebd2e2c8d4892 [checkStationsExists][Check Stations Exists][stationNames: [suzhou, shanghai]]\n"",""stream"":""stdout"",""time"":""2025-06-06T09:23:06.856350652Z""}"
2025-06-06T09:23:06.856245039Z,1674984186856245039,33.33.33.76,ts-basic-service-5dc8d4f9fd-46997,server,e38975cbf5e2319af0fa9ea980eb7eb3,125ebd2e2c8d4892,"{""log"":""17:23:06.855 INFO  f.m.c.BasicController#45 TraceID: e38975cbf5e2319af0fa9ea980eb7eb3 SpanID: 125ebd2e2c8d4892 [queryForTravels][Query for travels][Travels: [Travel(trip=Trip(id=015fd636-861e-4714-9347-2efbb1a98f37, tripId=G1234, trainTypeName=GaoTieOne, routeId=92708982-77af-4318-be25-57ccb0ff69ad, startStationName=shanghai, stationsName=suzhou, terminalStationName=taiyuan, startTime=2013-05-04 09:00:00, endTime=2013-05-04 15:51:52), startPlace=suzhou, endPlace=shanghai, departureTime=2023-01-29 15:38:06), Travel(trip=Trip(id=38893061-3fd2-4ac4-bbc9-f0d727f83d6f, tripId=G1235, trainTypeName=GaoTieOne, routeId=aefcef3f-3f42-46e8-afd7-6cb2a928bd3d, startStationName=shanghai, stationsName=suzhou, terminalStationName=taiyuan, startTime=2013-05-04 12:00:00, endTime=2013-05-04 17:51:52), startPlace=suzhou, endPlace=shanghai, departureTime=2023-01-29 15:38:06), Travel(trip=Trip(id=cfcf2553-3371-42c5-b583-a3c4bb8ef505, tripId=G1236, trainTypeName=GaoTieOne, routeId=a3f256c1-0e43-4f7d-9c21-121bf258101f, startStationName=shanghai, stationsName=suzhou, terminalStationName=taiyuan, startTime=2013-05-04 14:00:00, endTime=2013-05-04 20:51:52), startPlace=suzhou, endPlace=shanghai, departureTime=2023-01-29 15:38:06), Travel(trip=Trip(id=a71c2e28-22c2-4b7f-90cf-715a7f4b35b4, tripId=G1237, trainTypeName=GaoTieTwo, routeId=084837bb-53c8-4438-87c8-0321a4d09917, startStationName=shanghai, stationsName=suzhou, terminalStationName=taiyuan, startTime=2013-05-04 08:00:00, endTime=2013-05-04 17:21:52), startPlace=suzhou, endPlace=shanghai, departureTime=2023-01-29 15:38:06), Travel(trip=Trip(id=465eec52-1bc7-4d8b-8c38-e8f210bb3a77, tripId=D1345, trainTypeName=DongCheOne, routeId=f3d4d4ef-693b-4456-8eed-59c0d717dd08, startStationName=shanghai, stationsName=suzhou, terminalStationName=taiyuan, startTime=2013-05-04 07:00:00, endTime=2013-05-04 19:59:52), startPlace=suzhou, endPlace=shanghai, departureTime=2023-01-29 15:38:06)]]\n"",""stream"":""stdout"",""time"":""2025-06-06T09:23:06.856245039Z""}"
2025-06-06T09:22:40.014383827Z,1674984160014383827,33.33.33.116,ts-travel-service-64469b5b48-25zj6,server,205298f7d11f4f70e03d39adf3ce9755,676db489cd972a61,"{""log"":""17:22:40.014 INFO  t.s.TravelServiceImpl#457 TraceID: 205298f7d11f4f70e03d39adf3ce9755 SpanID: 676db489cd972a61 [getTickets][Calculate distance][calculate time：60  time: Sat May 04 10:00:00 CST 2013]\n"",""stream"":""stdout"",""time"":""2025-06-06T09:22:40.014383827Z""}"
2025-06-06T09:22:40.01426519Z,1674984160014265190,33.33.33.116,ts-travel-service-64469b5b48-25zj6,server,205298f7d11f4f70e03d39adf3ce9755,676db489cd972a61,"{""log"":""17:22:40.014 INFO  t.s.TravelServiceImpl#451 TraceID: 205298f7d11f4f70e03d39adf3ce9755 SpanID: 676db489cd972a61 [getTickets][Calculate distance][calculate time：0  time: Sat May 04 09:00:00 CST 2013]\n"",""stream"":""stdout"",""time"":""2025-06-06T09:22:40.01426519Z""}"
2025-06-06T09:22:40.014102493Z,1674984160014102493,33.33.33.116,ts-travel-service-64469b5b48-25zj6,server,205298f7d11f4f70e03d39adf3ce9755,676db489cd972a61,"{""log"":""17:22:40.013 INFO  t.s.TravelServiceImpl#558 TraceID: 205298f7d11f4f70e03d39adf3ce9755 SpanID: 676db489cd972a61 [getRestTicketNumber][Get Rest tickets num][num is: Response(status=1, msg=Get Left Ticket of Internal Success, data=1073741823)]\n"",""stream"":""stdout"",""time"":""2025-06-06T09:22:40.014102493Z""}"
2025-06-06T09:22:40.000219589Z,1674984160000219589,33.33.33.116,ts-travel-service-64469b5b48-25zj6,server,205298f7d11f4f70e03d39adf3ce9755,676db489cd972a61,"{""log"":""17:22:40.000 INFO  t.s.TravelServiceImpl#548 TraceID: 205298f7d11f4f70e03d39adf3ce9755 SpanID: 676db489cd972a61 [getRestTicketNumber][Seat request][request: Seat(travelDate=2023-01-29 15:38:06, trainNumber=G1234, startStation=nanjing, destStation=shanghai, seatType=3, totalNum=2147483647, stations=[nanjing, zhenjiang, wuxi, suzhou, shanghai])]\n"",""stream"":""stdout"",""time"":""2025-06-06T09:22:40.000219589Z""}"
2025-06-06T09:22:40.000109214Z,1674984160000109214,33.33.33.116,ts-travel-service-64469b5b48-25zj6,server,205298f7d11f4f70e03d39adf3ce9755,676db489cd972a61,"{""log"":""17:22:39.999 INFO  t.s.TravelServiceImpl#558 TraceID: 205298f7d11f4f70e03d39adf3ce9755 SpanID: 676db489cd972a61 [getRestTicketNumber][Get Rest tickets num][num is: Response(status=1, msg=Get Left Ticket of Internal Success, data=1073741823)]\n"",""stream"":""stdout"",""time"":""2025-06-06T09:22:40.000109214Z""}"
2025-06-06T09:22:39.972509765Z,1674984159972509765,33.33.33.116,ts-travel-service-64469b5b48-25zj6,server,205298f7d11f4f70e03d39adf3ce9755,676db489cd972a61,"{""log"":""17:22:39.972 INFO  t.s.TravelServiceImpl#548 TraceID: 205298f7d11f4f70e03d39adf3ce9755 SpanID: 676db489cd972a61 [getRestTicketNumber][Seat request][request: Seat(travelDate=2023-01-29 15:38:06, trainNumber=G1234, startStation=nanjing, destStation=shanghai, seatType=2, totalNum=2147483647, stations=[nanjing, zhenjiang, wuxi, suzhou, shanghai])]\n"",""stream"":""stdout"",""time"":""2025-06-06T09:22:39.972509765Z""}"
2025-06-06T09:22:39.972368633Z,1674984159972368633,33.33.33.116,ts-travel-service-64469b5b48-25zj6,server,205298f7d11f4f70e03d39adf3ce9755,676db489cd972a61,"{""log"":""17:22:39.972 INFO  t.s.TravelServiceImpl#457 TraceID: 205298f7d11f4f70e03d39adf3ce9755 SpanID: 676db489cd972a61 [getTickets][Calculate distance][calculate time：60  time: Sat May 04 13:00:00 CST 2013]\n"",""stream"":""stdout"",""time"":""2025-06-06T09:22:39.972368633Z""}"
2025-06-06T09:22:39.972238004Z,1674984159972238004,33.33.33.116,ts-travel-service-64469b5b48-25zj6,server,205298f7d11f4f70e03d39adf3ce9755,676db489cd972a61,"{""log"":""17:22:39.972 INFO  t.s.TravelServiceImpl#451 TraceID: 205298f7d11f4f70e03d39adf3ce9755 SpanID: 676db489cd972a61 [getTickets][Calculate distance][calculate time：0  time: Sat May 04 12:00:00 CST 2013]\n"",""stream"":""stdout"",""time"":""2025-06-06T09:22:39.972238004Z""}"
2025-06-06T09:22:39.972084013Z,1674984159972084013,33.33.33.116,ts-travel-service-64469b5b48-25zj6,server,205298f7d11f4f70e03d39adf3ce9755,676db489cd972a61,"{""log"":""17:22:39.971 INFO  t.s.TravelServiceImpl#558 TraceID: 205298f7d11f4f70e03d39adf3ce9755 SpanID: 676db489cd972a61 [getRestTicketNumber][Get Rest tickets num][num is: Response(status=1, msg=Get Left Ticket of Internal Success, data=1073741823)]\n"",""stream"":""stdout"",""time"":""2025-06-06T09:22:39.972084013Z""}"
2025-06-06T09:22:39.958346728Z,1674984159958346728,33.33.33.116,ts-travel-service-64469b5b48-25zj6,server,205298f7d11f4f70e03d39adf3ce9755,676db489cd972a61,"{""log"":""17:22:39.958 INFO  t.s.TravelServiceImpl#548 TraceID: 205298f7d11f4f70e03d39adf3ce9755 SpanID: 676db489cd972a61 [getRestTicketNumber][Seat request][request: Seat(travelDate=2023-01-29 15:38:06, trainNumber=G1235, startStation=nanjing, destStation=shanghai, seatType=3, totalNum=2147483647, stations=[nanjing, shanghai])]\n"",""stream"":""stdout"",""time"":""2025-06-06T09:22:39.958346728Z""}"
2025-06-06T09:22:39.95822108Z,1674984159958221080,33.33.33.116,ts-travel-service-64469b5b48-25zj6,server,205298f7d11f4f70e03d39adf3ce9755,676db489cd972a61,"{""log"":""17:22:39.957 INFO  t.s.TravelServiceImpl#558 TraceID: 205298f7d11f4f70e03d39adf3ce9755 SpanID: 676db489cd972a61 [getRestTicketNumber][Get Rest tickets num][num is: Response(status=1, msg=Get Left Ticket of Internal Success, data=1073741823)]\n"",""stream"":""stdout"",""time"":""2025-06-06T09:22:39.95822108Z""}"
2025-06-06T09:22:39.943824049Z,1674984159943824049,33.33.33.116,ts-travel-service-64469b5b48-25zj6,server,205298f7d11f4f70e03d39adf3ce9755,676db489cd972a61,"{""log"":""17:22:39.943 INFO  t.s.TravelServiceImpl#548 TraceID: 205298f7d11f4f70e03d39adf3ce9755 SpanID: 676db489cd972a61 [getRestTicketNumber][Seat request][request: Seat(travelDate=2023-01-29 15:38:06, trainNumber=G1235, startStation=nanjing, destStation=shanghai, seatType=2, totalNum=2147483647, stations=[nanjing, shanghai])]\n"",""stream"":""stdout"",""time"":""2025-06-06T09:22:39.943824049Z""}"
2025-06-06T09:22:39.943686923Z,1674984159943686923,33.33.33.116,ts-travel-service-64469b5b48-25zj6,server,205298f7d11f4f70e03d39adf3ce9755,676db489cd972a61,"{""log"":""17:22:39.943 INFO  t.s.TravelServiceImpl#457 TraceID: 205298f7d11f4f70e03d39adf3ce9755 SpanID: 676db489cd972a61 [getTickets][Calculate distance][calculate time：60  time: Sat May 04 15:00:00 CST 2013]\n"",""stream"":""stdout"",""time"":""2025-06-06T09:22:39.943686923Z""}"
2025-06-06T09:22:39.943542006Z,1674984159943542006,33.33.33.116,ts-travel-service-64469b5b48-25zj6,server,205298f7d11f4f70e03d39adf3ce9755,676db489cd972a61,"{""log"":""17:22:39.943 INFO  t.s.TravelServiceImpl#451 TraceID: 205298f7d11f4f70e03d39adf3ce9755 SpanID: 676db489cd972a61 [getTickets][Calculate distance][calculate time：0  time: Sat May 04 14:00:00 CST 2013]\n"",""stream"":""stdout"",""time"":""2025-06-06T09:22:39.943542006Z""}"
2025-06-06T09:22:39.943371786Z,1674984159943371786,33.33.33.116,ts-travel-service-64469b5b48-25zj6,server,205298f7d11f4f70e03d39adf3ce9755,676db489cd972a61,"{""log"":""17:22:39.943 INFO  t.s.TravelServiceImpl#558 TraceID: 205298f7d11f4f70e03d39adf3ce9755 SpanID: 676db489cd972a61 [getRestTicketNumber][Get Rest tickets num][num is: Response(status=1, msg=Get Left Ticket of Internal Success, data=1073741823)]\n"",""stream"":""stdout"",""time"":""2025-06-06T09:22:39.943371786Z""}"
2025-06-06T09:22:39.927397322Z,1674984159927397322,33.33.33.116,ts-travel-service-64469b5b48-25zj6,server,205298f7d11f4f70e03d39adf3ce9755,676db489cd972a61,"{""log"":""17:22:39.927 INFO  t.s.TravelServiceImpl#548 TraceID: 205298f7d11f4f70e03d39adf3ce9755 SpanID: 676db489cd972a61 [getRestTicketNumber][Seat request][request: Seat(travelDate=2023-01-29 15:38:06, trainNumber=G1236, startStation=nanjing, destStation=shanghai, seatType=3, totalNum=2147483647, stations=[nanjing, suzhou, shanghai])]\n"",""stream"":""stdout"",""time"":""2025-06-06T09:22:39.927397322Z""}"
2025-06-06T09:22:39.927277841Z,1674984159927277841,33.33.33.116,ts-travel-service-64469b5b48-25zj6,server,205298f7d11f4f70e03d39adf3ce9755,676db489cd972a61,"{""log"":""17:22:39.927 INFO  t.s.TravelServiceImpl#558 TraceID: 205298f7d11f4f70e03d39adf3ce9755 SpanID: 676db489cd972a61 [getRestTicketNumber][Get Rest tickets num][num is: Response(status=1, msg=Get Left Ticket of Internal Success, data=1073741823)]\n"",""stream"":""stdout"",""time"":""2025-06-06T09:22:39.927277841Z""}"
2025-06-06T09:22:39.899575948Z,1674984159899575948,33.33.33.116,ts-travel-service-64469b5b48-25zj6,server,205298f7d11f4f70e03d39adf3ce9755,676db489cd972a61,"{""log"":""17:22:39.899 INFO  t.s.TravelServiceImpl#548 TraceID: 205298f7d11f4f70e03d39adf3ce9755 SpanID: 676db489cd972a61 [getRestTicketNumber][Seat request][request: Seat(travelDate=2023-01-29 15:38:06, trainNumber=G1236, startStation=nanjing, destStation=shanghai, seatType=2, totalNum=2147483647, stations=[nanjing, suzhou, shanghai])]\n"",""stream"":""stdout"",""time"":""2025-06-06T09:22:39.899575948Z""}"
2025-06-06T09:22:39.843276105Z,1674984159843276105,33.33.33.116,ts-travel-service-64469b5b48-25zj6,server,205298f7d11f4f70e03d39adf3ce9755,676db489cd972a61,"{""log"":""17:22:39.843 INFO  t.s.TravelServiceImpl#343 TraceID: 205298f7d11f4f70e03d39adf3ce9755 SpanID: 676db489cd972a61 [getTicketsByBatch][before get basic][trips: [Trip(id=015fd636-861e-4714-9347-2efbb1a98f37, tripId=G1234, trainTypeName=GaoTieOne, routeId=92708982-77af-4318-be25-57ccb0ff69ad, startStationName=shanghai, stationsName=suzhou, terminalStationName=taiyuan, startTime=2013-05-04 09:00:00, endTime=2013-05-04 15:51:52), Trip(id=38893061-3fd2-4ac4-bbc9-f0d727f83d6f, tripId=G1235, trainTypeName=GaoTieOne, routeId=aefcef3f-3f42-46e8-afd7-6cb2a928bd3d, startStationName=shanghai, stationsName=suzhou, terminalStationName=taiyuan, startTime=2013-05-04 12:00:00, endTime=2013-05-04 17:51:52), Trip(id=cfcf2553-3371-42c5-b583-a3c4bb8ef505, tripId=G1236, trainTypeName=GaoTieOne, routeId=a3f256c1-0e43-4f7d-9c21-121bf258101f, startStationName=shanghai, stationsName=suzhou, terminalStationName=taiyuan, startTime=2013-05-04 14:00:00, endTime=2013-05-04 20:51:52), Trip(id=a71c2e28-22c2-4b7f-90cf-715a7f4b35b4, tripId=G1237, trainTypeName=GaoTieTwo, routeId=084837bb-53c8-4438-87c8-0321a4d09917, startStationName=shanghai, stationsName=suzhou, terminalStationName=taiyuan, startTime=2013-05-04 08:00:00, endTime=2013-05-04 17:21:52), Trip(id=465eec52-1bc7-4d8b-8c38-e8f210bb3a77, tripId=D1345, trainTypeName=DongCheOne, routeId=f3d4d4ef-693b-4456-8eed-59c0d717dd08, startStationName=shanghai, stationsName=suzhou, terminalStationName=taiyuan, startTime=2013-05-04 07:00:00, endTime=2013-05-04 19:59:52)]]\n"",""stream"":""stdout"",""time"":""2025-06-06T09:22:39.843276105Z""}"
2025-06-06T09:22:39.843093459Z,1674984159843093459,33.33.33.116,ts-travel-service-64469b5b48-25zj6,server,205298f7d11f4f70e03d39adf3ce9755,676db489cd972a61,"{""log"":""17:22:39.842 INFO  t.s.TravelServiceImpl#487 TraceID: 205298f7d11f4f70e03d39adf3ce9755 SpanID: 676db489cd972a61 [departrue date][y: 2023][m:0][d: 29]\n"",""stream"":""stdout"",""time"":""2025-06-06T09:22:39.843093459Z""}"
2025-06-06T09:22:39.842964479Z,1674984159842964479,33.33.33.116,ts-travel-service-64469b5b48-25zj6,server,205298f7d11f4f70e03d39adf3ce9755,676db489cd972a61,"{""log"":""17:22:39.842 INFO  t.s.TravelServiceImpl#486 TraceID: 205298f7d11f4f70e03d39adf3ce9755 SpanID: 676db489cd972a61 [today date][y: 2023][m:0][d: 29]\n"",""stream"":""stdout"",""time"":""2025-06-06T09:22:39.842964479Z""}"
2025-06-06T09:22:39.840319135Z,1674984159840319135,33.33.33.116,ts-travel-service-64469b5b48-25zj6,server,205298f7d11f4f70e03d39adf3ce9755,676db489cd972a61,"{""log"":""17:22:39.839 INFO  t.c.TravelController#122 TraceID: 205298f7d11f4f70e03d39adf3ce9755 SpanID: 676db489cd972a61 [query][Query TripResponse]\n"",""stream"":""stdout"",""time"":""2025-06-06T09:22:39.840319135Z""}"
2025-06-06T09:22:39.861285632Z,1674984159861285632,33.33.33.79,ts-train-service-86f5f97bc9-dkqmf,server,205298f7d11f4f70e03d39adf3ce9755,be63922ab121b23b,"{""log"":""17:22:39.860 INFO  t.c.TrainController#72 TraceID: 205298f7d11f4f70e03d39adf3ce9755 SpanID: be63922ab121b23b [retrieveByNames][Retrieve train][TrainTypeNames: [DongCheOne, GaoTieOne, GaoTieTwo]]\n"",""stream"":""stdout"",""time"":""2025-06-06T09:22:39.861285632Z""}"
2025-06-06T09:22:39.852528955Z,1674984159852528955,33.33.33.76,ts-station-service-7f4f5f6f77-5qb6j,server,205298f7d11f4f70e03d39adf3ce9755,656b87b14dad3f49,"{""log"":""17:22:39.851 INFO  f.m.c.StationController#71 TraceID: 205298f7d11f4f70e03d39adf3ce9755 SpanID: 656b87b14dad3f49 [queryForIdBatch][Query stations for id batch][StationNameNumbers: 2]\n"",""stream"":""stdout"",""time"":""2025-06-06T09:22:39.852528955Z""}"
2025-06-06T09:22:40.012791725Z,1674984160012791725,33.33.33.82,ts-seat-service-5c95b49cff-tdsdz,server,205298f7d11f4f70e03d39adf3ce9755,03436e32a8471ef2,"{""log"":""17:22:40.012 INFO  s.s.SeatServiceImpl#217 TraceID: 205298f7d11f4f70e03d39adf3ce9755 SpanID: 03436e32a8471ef2 [getDirectProportion][Configs is : Config(name=DirectTicketAllocationProportion, value=0.5, description=Allocation Proportion Of The Direct Ticket - From Start To End)]\n"",""stream"":""stdout"",""time"":""2025-06-06T09:22:40.012791725Z""}"
2025-06-06T09:22:40.008289601Z,1674984160008289601,33.33.33.82,ts-seat-service-5c95b49cff-tdsdz,server,205298f7d11f4f70e03d39adf3ce9755,03436e32a8471ef2,"{""log"":""17:22:40.007 INFO  s.s.SeatServiceImpl#151 TraceID: 205298f7d11f4f70e03d39adf3ce9755 SpanID: 03436e32a8471ef2 [getLeftTicketOfInterval][Get Order tickets result][result is \u003c200,Response(status=0, msg=Order is Null., data=null),[vary:\""Origin,Access-Control-Request-Method,Access-Control-Request-Headers\"", x-content-type-options:\""nosniff\"", x-xss-protection:\""1; mode=block\"", cache-control:\""no-cache, no-store, max-age=0, must-revalidate\"", pragma:\""no-cache\"", expires:\""0\"", x-frame-options:\""DENY\"", content-type:\""application/json\"", date:\""Sun, 29 Jan 2023 09:22:39 GMT\"", x-envoy-upstream-service-time:\""2\"", server:\""envoy\"", transfer-encoding:\""chunked\""]\u003e]\n"",""stream"":""stdout"",""time"":""2025-06-06T09:22:40.008289601Z""}"
2025-06-06T09:22:40.003593435Z,1674984160003593435,33.33.33.82,ts-seat-service-5c95b49cff-tdsdz,server,205298f7d11f4f70e03d39adf3ce9755,03436e32a8471ef2,"{""log"":""17:22:40.003 INFO  s.s.SeatServiceImpl#139 TraceID: 205298f7d11f4f70e03d39adf3ce9755 SpanID: 03436e32a8471ef2 [getLeftTicketOfInterval][TrainNumber start with G|D][trainNumber:G1234]\n"",""stream"":""stdout"",""time"":""2025-06-06T09:22:40.003593435Z""}"
2025-06-06T09:22:40.003219424Z,1674984160003219424,33.33.33.82,ts-seat-service-5c95b49cff-tdsdz,server,205298f7d11f4f70e03d39adf3ce9755,03436e32a8471ef2,"{""log"":""17:22:40.002 INFO  s.s.SeatServiceImpl#137 TraceID: 205298f7d11f4f70e03d39adf3ce9755 SpanID: 03436e32a8471ef2 [getLeftTicketOfInterval][Seat request][request:Seat(travelDate=2023-01-29 15:38:06, trainNumber=G1234, startStation=nanjing, destStation=shanghai, seatType=3, totalNum=2147483647, stations=[nanjing, zhenjiang, wuxi, suzhou, shanghai])]\n"",""stream"":""stdout"",""time"":""2025-06-06T09:22:40.003219424Z""}"
2025-06-06T09:22:40.002869009Z,1674984160002869009,33.33.33.82,ts-seat-service-5c95b49cff-tdsdz,server,205298f7d11f4f70e03d39adf3ce9755,03436e32a8471ef2,"{""log"":""17:22:40.002 INFO  s.c.SeatController#57 TraceID: 205298f7d11f4f70e03d39adf3ce9755 SpanID: 03436e32a8471ef2 [getLeftTicketOfInterval][Get left ticket of interval][TravelDate: 2023-01-29 15:38:06,TrainNumber: G1234,SeatType: 3]\n"",""stream"":""stdout"",""time"":""2025-06-06T09:22:40.002869009Z""}"
2025-06-06T09:22:39.998574241Z,1674984159998574241,33.33.33.82,ts-seat-service-5c95b49cff-tdsdz,server,205298f7d11f4f70e03d39adf3ce9755,553eca226cd389b3,"{""log"":""17:22:39.997 INFO  s.s.SeatServiceImpl#217 TraceID: 205298f7d11f4f70e03d39adf3ce9755 SpanID: 553eca226cd389b3 [getDirectProportion][Configs is : Config(name=DirectTicketAllocationProportion, value=0.5, description=Allocation Proportion Of The Direct Ticket - From Start To End)]\n"",""stream"":""stdout"",""time"":""2025-06-06T09:22:39.998574241Z""}"
2025-06-06T09:22:39.994402614Z,1674984159994402614,33.33.33.82,ts-seat-service-5c95b49cff-tdsdz,server,205298f7d11f4f70e03d39adf3ce9755,553eca226cd389b3,"{""log"":""17:22:39.993 INFO  s.s.SeatServiceImpl#151 TraceID: 205298f7d11f4f70e03d39adf3ce9755 SpanID: 553eca226cd389b3 [getLeftTicketOfInterval][Get Order tickets result][result is \u003c200,Response(status=0, msg=Order is Null., data=null),[vary:\""Origin,Access-Control-Request-Method,Access-Control-Request-Headers\"", x-content-type-options:\""nosniff\"", x-xss-protection:\""1; mode=block\"", cache-control:\""no-cache, no-store, max-age=0, must-revalidate\"", pragma:\""no-cache\"", expires:\""0\"", x-frame-options:\""DENY\"", content-type:\""application/json\"", date:\""Sun, 29 Jan 2023 09:22:39 GMT\"", x-envoy-upstream-service-time:\""3\"", server:\""envoy\"", transfer-encoding:\""chunked\""]\u003e]\n"",""stream"":""stdout"",""time"":""2025-06-06T09:22:39.994402614Z""}"
2025-06-06T09:22:39.989170764Z,1674984159989170764,33.33.33.82,ts-seat-service-5c95b49cff-tdsdz,server,205298f7d11f4f70e03d39adf3ce9755,553eca226cd389b3,"{""log"":""17:22:39.988 INFO  s.s.SeatServiceImpl#139 TraceID: 205298f7d11f4f70e03d39adf3ce9755 SpanID: 553eca226cd389b3 [getLeftTicketOfInterval][TrainNumber start with G|D][trainNumber:G1234]\n"",""stream"":""stdout"",""time"":""2025-06-06T09:22:39.989170764Z""}"
2025-06-06T09:22:39.988845173Z,1674984159988845173,33.33.33.82,ts-seat-service-5c95b49cff-tdsdz,server,205298f7d11f4f70e03d39adf3ce9755,553eca226cd389b3,"{""log"":""17:22:39.988 INFO  s.s.SeatServiceImpl#137 TraceID: 205298f7d11f4f70e03d39adf3ce9755 SpanID: 553eca226cd389b3 [getLeftTicketOfInterval][Seat request][request:Seat(travelDate=2023-01-29 15:38:06, trainNumber=G1234, startStation=nanjing, destStation=shanghai, seatType=2, totalNum=2147483647, stations=[nanjing, zhenjiang, wuxi, suzhou, shanghai])]\n"",""stream"":""stdout"",""time"":""2025-06-06T09:22:39.988845173Z""}"
2025-06-06T09:22:39.988493087Z,1674984159988493087,33.33.33.82,ts-seat-service-5c95b49cff-tdsdz,server,205298f7d11f4f70e03d39adf3ce9755,553eca226cd389b3,"{""log"":""17:22:39.987 INFO  s.c.SeatController#57 TraceID: 205298f7d11f4f70e03d39adf3ce9755 SpanID: 553eca226cd389b3 [getLeftTicketOfInterval][Get left ticket of interval][TravelDate: 2023-01-29 15:38:06,TrainNumber: G1234,SeatType: 2]\n"",""stream"":""stdout"",""time"":""2025-06-06T09:22:39.988493087Z""}"
2025-06-06T09:22:39.970859775Z,1674984159970859775,33.33.33.82,ts-seat-service-5c95b49cff-tdsdz,server,205298f7d11f4f70e03d39adf3ce9755,76669541e51e666d,"{""log"":""17:22:39.970 INFO  s.s.SeatServiceImpl#217 TraceID: 205298f7d11f4f70e03d39adf3ce9755 SpanID: 76669541e51e666d [getDirectProportion][Configs is : Config(name=DirectTicketAllocationProportion, value=0.5, description=Allocation Proportion Of The Direct Ticket - From Start To End)]\n"",""stream"":""stdout"",""time"":""2025-06-06T09:22:39.970859775Z""}"
2025-06-06T09:22:39.966396108Z,1674984159966396108,33.33.33.82,ts-seat-service-5c95b49cff-tdsdz,server,205298f7d11f4f70e03d39adf3ce9755,76669541e51e666d,"{""log"":""17:22:39.965 INFO  s.s.SeatServiceImpl#151 TraceID: 205298f7d11f4f70e03d39adf3ce9755 SpanID: 76669541e51e666d [getLeftTicketOfInterval][Get Order tickets result][result is \u003c200,Response(status=0, msg=Order is Null., data=null),[vary:\""Origin,Access-Control-Request-Method,Access-Control-Request-Headers\"", x-content-type-options:\""nosniff\"", x-xss-protection:\""1; mode=block\"", cache-control:\""no-cache, no-store, max-age=0, must-revalidate\"", pragma:\""no-cache\"", expires:\""0\"", x-frame-options:\""DENY\"", content-type:\""application/json\"", date:\""Sun, 29 Jan 2023 09:22:39 GMT\"", x-envoy-upstream-service-time:\""2\"", server:\""envoy\"", transfer-encoding:\""chunked\""]\u003e]\n"",""stream"":""stdout"",""time"":""2025-06-06T09:22:39.966396108Z""}"
2025-06-06T09:22:39.961808567Z,1674984159961808567,33.33.33.82,ts-seat-service-5c95b49cff-tdsdz,server,205298f7d11f4f70e03d39adf3ce9755,76669541e51e666d,"{""log"":""17:22:39.961 INFO  s.s.SeatServiceImpl#139 TraceID: 205298f7d11f4f70e03d39adf3ce9755 SpanID: 76669541e51e666d [getLeftTicketOfInterval][TrainNumber start with G|D][trainNumber:G1235]\n"",""stream"":""stdout"",""time"":""2025-06-06T09:22:39.961808567Z""}"
2025-06-06T09:22:39.961389855Z,1674984159961389855,33.33.33.82,ts-seat-service-5c95b49cff-tdsdz,server,205298f7d11f4f70e03d39adf3ce9755,76669541e51e666d,"{""log"":""17:22:39.960 INFO  s.s.SeatServiceImpl#137 TraceID: 205298f7d11f4f70e03d39adf3ce9755 SpanID: 76669541e51e666d [getLeftTicketOfInterval][Seat request][request:Seat(travelDate=2023-01-29 15:38:06, trainNumber=G1235, startStation=nanjing, destStation=shanghai, seatType=3, totalNum=2147483647, stations=[nanjing, shanghai])]\n"",""stream"":""stdout"",""time"":""2025-06-06T09:22:39.961389855Z""}"
2025-06-06T09:22:39.961003304Z,1674984159961003304,33.33.33.82,ts-seat-service-5c95b49cff-tdsdz,server,205298f7d11f4f70e03d39adf3ce9755,76669541e51e666d,"{""log"":""17:22:39.960 INFO  s.c.SeatController#57 TraceID: 205298f7d11f4f70e03d39adf3ce9755 SpanID: 76669541e51e666d [getLeftTicketOfInterval][Get left ticket of interval][TravelDate: 2023-01-29 15:38:06,TrainNumber: G1235,SeatType: 3]\n"",""stream"":""stdout"",""time"":""2025-06-06T09:22:39.961003304Z""}"
2025-06-06T09:22:39.956814173Z,1674984159956814173,33.33.33.82,ts-seat-service-5c95b49cff-tdsdz,server,205298f7d11f4f70e03d39adf3ce9755,8618ebf565735412,"{""log"":""17:22:39.956 INFO  s.s.SeatServiceImpl#217 TraceID: 205298f7d11f4f70e03d39adf3ce9755 SpanID: 8618ebf565735412 [getDirectProportion][Configs is : Config(name=DirectTicketAllocationProportion, value=0.5, description=Allocation Proportion Of The Direct Ticket - From Start To End)]\n"",""stream"":""stdout"",""time"":""2025-06-06T09:22:39.956814173Z""}"
2025-06-06T09:22:39.952545474Z,1674984159952545474,33.33.33.82,ts-seat-service-5c95b49cff-tdsdz,server,205298f7d11f4f70e03d39adf3ce9755,8618ebf565735412,"{""log"":""17:22:39.951 INFO  s.s.SeatServiceImpl#151 TraceID: 205298f7d11f4f70e03d39adf3ce9755 SpanID: 8618ebf565735412 [getLeftTicketOfInterval][Get Order tickets result][result is \u003c200,Response(status=0, msg=Order is Null., data=null),[vary:\""Origin,Access-Control-Request-Method,Access-Control-Request-Headers\"", x-content-type-options:\""nosniff\"", x-xss-protection:\""1; mode=block\"", cache-control:\""no-cache, no-store, max-age=0, must-revalidate\"", pragma:\""no-cache\"", expires:\""0\"", x-frame-options:\""DENY\"", content-type:\""application/json\"", date:\""Sun, 29 Jan 2023 09:22:39 GMT\"", x-envoy-upstream-service-time:\""3\"", server:\""envoy\"", transfer-encoding:\""chunked\""]\u003e]\n"",""stream"":""stdout"",""time"":""2025-06-06T09:22:39.952545474Z""}"
2025-06-06T09:22:39.947439302Z,1674984159947439302,33.33.33.82,ts-seat-service-5c95b49cff-tdsdz,server,205298f7d11f4f70e03d39adf3ce9755,8618ebf565735412,"{""log"":""17:22:39.946 INFO  s.s.SeatServiceImpl#139 TraceID: 205298f7d11f4f70e03d39adf3ce9755 SpanID: 8618ebf565735412 [getLeftTicketOfInterval][TrainNumber start with G|D][trainNumber:G1235]\n"",""stream"":""stdout"",""time"":""2025-06-06T09:22:39.947439302Z""}"
2025-06-06T09:22:39.947115139Z,1674984159947115139,33.33.33.82,ts-seat-service-5c95b49cff-tdsdz,server,205298f7d11f4f70e03d39adf3ce9755,8618ebf565735412,"{""log"":""17:22:39.946 INFO  s.s.SeatServiceImpl#137 TraceID: 205298f7d11f4f70e03d39adf3ce9755 SpanID: 8618ebf565735412 [getLeftTicketOfInterval][Seat request][request:Seat(travelDate=2023-01-29 15:38:06, trainNumber=G1235, startStation=nanjing, destStation=shanghai, seatType=2, totalNum=2147483647, stations=[nanjing, shanghai])]\n"",""stream"":""stdout"",""time"":""2025-06-06T09:22:39.947115139Z""}"
2025-06-06T09:22:39.946735589Z,1674984159946735589,33.33.33.82,ts-seat-service-5c95b49cff-tdsdz,server,205298f7d11f4f70e03d39adf3ce9755,8618ebf565735412,"{""log"":""17:22:39.946 INFO  s.c.SeatController#57 TraceID: 205298f7d11f4f70e03d39adf3ce9755 SpanID: 8618ebf565735412 [getLeftTicketOfInterval][Get left ticket of interval][TravelDate: 2023-01-29 15:38:06,TrainNumber: G1235,SeatType: 2]\n"",""stream"":""stdout"",""time"":""2025-06-06T09:22:39.946735589Z""}"
2025-06-06T09:22:39.941893911Z,1674984159941893911,33.33.33.82,ts-seat-service-5c95b49cff-tdsdz,server,205298f7d11f4f70e03d39adf3ce9755,e4341a72b9c23055,"{""log"":""17:22:39.941 INFO  s.s.SeatServiceImpl#217 TraceID: 205298f7d11f4f70e03d39adf3ce9755 SpanID: e4341a72b9c23055 [getDirectProportion][Configs is : Config(name=DirectTicketAllocationProportion, value=0.5, description=Allocation Proportion Of The Direct Ticket - From Start To End)]\n"",""stream"":""stdout"",""time"":""2025-06-06T09:22:39.941893911Z""}"
2025-06-06T09:22:39.937160477Z,1674984159937160477,33.33.33.82,ts-seat-service-5c95b49cff-tdsdz,server,205298f7d11f4f70e03d39adf3ce9755,e4341a72b9c23055,"{""log"":""17:22:39.936 INFO  s.s.SeatServiceImpl#151 TraceID: 205298f7d11f4f70e03d39adf3ce9755 SpanID: e4341a72b9c23055 [getLeftTicketOfInterval][Get Order tickets result][result is \u003c200,Response(status=0, msg=Order is Null., data=null),[vary:\""Origin,Access-Control-Request-Method,Access-Control-Request-Headers\"", x-content-type-options:\""nosniff\"", x-xss-protection:\""1; mode=block\"", cache-control:\""no-cache, no-store, max-age=0, must-revalidate\"", pragma:\""no-cache\"", expires:\""0\"", x-frame-options:\""DENY\"", content-type:\""application/json\"", date:\""Sun, 29 Jan 2023 09:22:39 GMT\"", x-envoy-upstream-service-time:\""3\"", server:\""envoy\"", transfer-encoding:\""chunked\""]\u003e]\n"",""stream"":""stdout"",""time"":""2025-06-06T09:22:39.937160477Z""}"
2025-06-06T09:22:39.931189077Z,1674984159931189077,33.33.33.82,ts-seat-service-5c95b49cff-tdsdz,server,205298f7d11f4f70e03d39adf3ce9755,e4341a72b9c23055,"{""log"":""17:22:39.930 INFO  s.s.SeatServiceImpl#139 TraceID: 205298f7d11f4f70e03d39adf3ce9755 SpanID: e4341a72b9c23055 [getLeftTicketOfInterval][TrainNumber start with G|D][trainNumber:G1236]\n"",""stream"":""stdout"",""time"":""2025-06-06T09:22:39.931189077Z""}"
2025-06-06T09:22:39.930858521Z,1674984159930858521,33.33.33.82,ts-seat-service-5c95b49cff-tdsdz,server,205298f7d11f4f70e03d39adf3ce9755,e4341a72b9c23055,"{""log"":""17:22:39.930 INFO  s.s.SeatServiceImpl#137 TraceID: 205298f7d11f4f70e03d39adf3ce9755 SpanID: e4341a72b9c23055 [getLeftTicketOfInterval][Seat request][request:Seat(travelDate=2023-01-29 15:38:06, trainNumber=G1236, startStation=nanjing, destStation=shanghai, seatType=3, totalNum=2147483647, stations=[nanjing, suzhou, shanghai])]\n"",""stream"":""stdout"",""time"":""2025-06-06T09:22:39.930858521Z""}"
2025-06-06T09:22:39.930469995Z,1674984159930469995,33.33.33.82,ts-seat-service-5c95b49cff-tdsdz,server,205298f7d11f4f70e03d39adf3ce9755,e4341a72b9c23055,"{""log"":""17:22:39.929 INFO  s.c.SeatController#57 TraceID: 205298f7d11f4f70e03d39adf3ce9755 SpanID: e4341a72b9c23055 [getLeftTicketOfInterval][Get left ticket of interval][TravelDate: 2023-01-29 15:38:06,TrainNumber: G1236,SeatType: 3]\n"",""stream"":""stdout"",""time"":""2025-06-06T09:22:39.930469995Z""}"
2025-06-06T09:22:39.925474331Z,1674984159925474331,33.33.33.82,ts-seat-service-5c95b49cff-tdsdz,server,205298f7d11f4f70e03d39adf3ce9755,cba821df8b7fd7d5,"{""log"":""17:22:39.924 INFO  s.s.SeatServiceImpl#217 TraceID: 205298f7d11f4f70e03d39adf3ce9755 SpanID: cba821df8b7fd7d5 [getDirectProportion][Configs is : Config(name=DirectTicketAllocationProportion, value=0.5, description=Allocation Proportion Of The Direct Ticket - From Start To End)]\n"",""stream"":""stdout"",""time"":""2025-06-06T09:22:39.925474331Z""}"
2025-06-06T09:22:39.916230582Z,1674984159916230582,33.33.33.82,ts-seat-service-5c95b49cff-tdsdz,server,205298f7d11f4f70e03d39adf3ce9755,cba821df8b7fd7d5,"{""log"":""17:22:39.915 INFO  s.s.SeatServiceImpl#151 TraceID: 205298f7d11f4f70e03d39adf3ce9755 SpanID: cba821df8b7fd7d5 [getLeftTicketOfInterval][Get Order tickets result][result is \u003c200,Response(status=0, msg=Order is Null., data=null),[vary:\""Origin,Access-Control-Request-Method,Access-Control-Request-Headers\"", x-content-type-options:\""nosniff\"", x-xss-protection:\""1; mode=block\"", cache-control:\""no-cache, no-store, max-age=0, must-revalidate\"", pragma:\""no-cache\"", expires:\""0\"", x-frame-options:\""DENY\"", content-type:\""application/json\"", date:\""Sun, 29 Jan 2023 09:22:39 GMT\"", x-envoy-upstream-service-time:\""5\"", server:\""envoy\"", transfer-encoding:\""chunked\""]\u003e]\n"",""stream"":""stdout"",""time"":""2025-06-06T09:22:39.916230582Z""}"
2025-06-06T09:22:39.906064895Z,1674984159906064895,33.33.33.82,ts-seat-service-5c95b49cff-tdsdz,server,205298f7d11f4f70e03d39adf3ce9755,cba821df8b7fd7d5,"{""log"":""17:22:39.905 INFO  s.s.SeatServiceImpl#139 TraceID: 205298f7d11f4f70e03d39adf3ce9755 SpanID: cba821df8b7fd7d5 [getLeftTicketOfInterval][TrainNumber start with G|D][trainNumber:G1236]\n"",""stream"":""stdout"",""time"":""2025-06-06T09:22:39.906064895Z""}"
2025-06-06T09:22:39.905664293Z,1674984159905664293,33.33.33.82,ts-seat-service-5c95b49cff-tdsdz,server,205298f7d11f4f70e03d39adf3ce9755,cba821df8b7fd7d5,"{""log"":""17:22:39.905 INFO  s.s.SeatServiceImpl#137 TraceID: 205298f7d11f4f70e03d39adf3ce9755 SpanID: cba821df8b7fd7d5 [getLeftTicketOfInterval][Seat request][request:Seat(travelDate=2023-01-29 15:38:06, trainNumber=G1236, startStation=nanjing, destStation=shanghai, seatType=2, totalNum=2147483647, stations=[nanjing, suzhou, shanghai])]\n"",""stream"":""stdout"",""time"":""2025-06-06T09:22:39.905664293Z""}"
2025-06-06T09:22:39.905320973Z,1674984159905320973,33.33.33.82,ts-seat-service-5c95b49cff-tdsdz,server,205298f7d11f4f70e03d39adf3ce9755,cba821df8b7fd7d5,"{""log"":""17:22:39.904 INFO  s.c.SeatController#57 TraceID: 205298f7d11f4f70e03d39adf3ce9755 SpanID: cba821df8b7fd7d5 [getLeftTicketOfInterval][Get left ticket of interval][TravelDate: 2023-01-29 15:38:06,TrainNumber: G1236,SeatType: 2]\n"",""stream"":""stdout"",""time"":""2025-06-06T09:22:39.905320973Z""}"
2025-06-06T09:22:39.872993157Z,1674984159872993157,33.33.33.80,ts-route-service-b6c59fb57-zv8dt,server,205298f7d11f4f70e03d39adf3ce9755,4562ac97b1891ac1,"{""log"":""17:22:39.871 INFO  r.c.RouteController#53 TraceID: 205298f7d11f4f70e03d39adf3ce9755 SpanID: 4562ac97b1891ac1 [getRouteById][Query route by id][RouteId: [92708982-77af-4318-be25-57ccb0ff69ad, aefcef3f-3f42-46e8-afd7-6cb2a928bd3d, a3f256c1-0e43-4f7d-9c21-121bf258101f, 084837bb-53c8-4438-87c8-0321a4d09917, f3d4d4ef-693b-4456-8eed-59c0d717dd08]]\n"",""stream"":""stdout"",""time"":""2025-06-06T09:22:39.872993157Z""}"
2025-06-06T09:22:39.892590786Z,1674984159892590786,33.33.33.79,ts-price-service-76846864d9-g465z,server,205298f7d11f4f70e03d39adf3ce9755,d45cd754bc6459e3,"{""log"":""17:22:39.891 INFO  p.c.PriceController#46 TraceID: 205298f7d11f4f70e03d39adf3ce9755 SpanID: d45cd754bc6459e3 [findByRouteIdAndTrainType][Query price][routeId and Train Type: [a3f256c1-0e43-4f7d-9c21-121bf258101f:GaoTieOne, aefcef3f-3f42-46e8-afd7-6cb2a928bd3d:GaoTieOne, 92708982-77af-4318-be25-57ccb0ff69ad:GaoTieOne]]\n"",""stream"":""stdout"",""time"":""2025-06-06T09:22:39.892590786Z""}"
2025-06-06T09:22:40.006424825Z,1674984160006424825,33.33.33.76,ts-order-service-5b67c48447-mv5hb,server,205298f7d11f4f70e03d39adf3ce9755,dab7d3c6cb84eec2,"{""log"":""17:22:40.006 WARN  o.s.OrderServiceImpl#68 TraceID: 205298f7d11f4f70e03d39adf3ce9755 SpanID: dab7d3c6cb84eec2 [getSoldTickets][Seat][Left ticket info is empty][seat from date: 2023-01-29 15:38:06, train number: G1234]\n"",""stream"":""stdout"",""time"":""2025-06-06T09:22:40.006424825Z""}"
2025-06-06T09:22:40.005415182Z,1674984160005415182,33.33.33.76,ts-order-service-5b67c48447-mv5hb,server,205298f7d11f4f70e03d39adf3ce9755,dab7d3c6cb84eec2,"{""log"":""17:22:40.005 INFO  o.c.OrderController#39 TraceID: 205298f7d11f4f70e03d39adf3ce9755 SpanID: dab7d3c6cb84eec2 [getSoldTickets][Get Sold Ticket][Travel Date: 2023-01-29 15:38:06]\n"",""stream"":""stdout"",""time"":""2025-06-06T09:22:40.005415182Z""}"
2025-06-06T09:22:39.992330817Z,1674984159992330817,33.33.33.76,ts-order-service-5b67c48447-mv5hb,server,205298f7d11f4f70e03d39adf3ce9755,baf24ecf2a544696,"{""log"":""17:22:39.991 WARN  o.s.OrderServiceImpl#68 TraceID: 205298f7d11f4f70e03d39adf3ce9755 SpanID: baf24ecf2a544696 [getSoldTickets][Seat][Left ticket info is empty][seat from date: 2023-01-29 15:38:06, train number: G1234]\n"",""stream"":""stdout"",""time"":""2025-06-06T09:22:39.992330817Z""}"
2025-06-06T09:22:39.991240024Z,1674984159991240024,33.33.33.76,ts-order-service-5b67c48447-mv5hb,server,205298f7d11f4f70e03d39adf3ce9755,baf24ecf2a544696,"{""log"":""17:22:39.990 INFO  o.c.OrderController#39 TraceID: 205298f7d11f4f70e03d39adf3ce9755 SpanID: baf24ecf2a544696 [getSoldTickets][Get Sold Ticket][Travel Date: 2023-01-29 15:38:06]\n"",""stream"":""stdout"",""time"":""2025-06-06T09:22:39.991240024Z""}"
2025-06-06T09:22:39.964657171Z,1674984159964657171,33.33.33.76,ts-order-service-5b67c48447-mv5hb,server,205298f7d11f4f70e03d39adf3ce9755,8f32548196660c5d,"{""log"":""17:22:39.964 WARN  o.s.OrderServiceImpl#68 TraceID: 205298f7d11f4f70e03d39adf3ce9755 SpanID: 8f32548196660c5d [getSoldTickets][Seat][Left ticket info is empty][seat from date: 2023-01-29 15:38:06, train number: G1235]\n"",""stream"":""stdout"",""time"":""2025-06-06T09:22:39.964657171Z""}"
2025-06-06T09:22:39.963751037Z,1674984159963751037,33.33.33.76,ts-order-service-5b67c48447-mv5hb,server,205298f7d11f4f70e03d39adf3ce9755,8f32548196660c5d,"{""log"":""17:22:39.963 INFO  o.c.OrderController#39 TraceID: 205298f7d11f4f70e03d39adf3ce9755 SpanID: 8f32548196660c5d [getSoldTickets][Get Sold Ticket][Travel Date: 2023-01-29 15:38:06]\n"",""stream"":""stdout"",""time"":""2025-06-06T09:22:39.963751037Z""}"
2025-06-06T09:22:39.950725988Z,1674984159950725988,33.33.33.76,ts-order-service-5b67c48447-mv5hb,server,205298f7d11f4f70e03d39adf3ce9755,0a7f97ce5813ff9b,"{""log"":""17:22:39.950 WARN  o.s.OrderServiceImpl#68 TraceID: 205298f7d11f4f70e03d39adf3ce9755 SpanID: 0a7f97ce5813ff9b [getSoldTickets][Seat][Left ticket info is empty][seat from date: 2023-01-29 15:38:06, train number: G1235]\n"",""stream"":""stdout"",""time"":""2025-06-06T09:22:39.950725988Z""}"
2025-06-06T09:22:39.949575455Z,1674984159949575455,33.33.33.76,ts-order-service-5b67c48447-mv5hb,server,205298f7d11f4f70e03d39adf3ce9755,0a7f97ce5813ff9b,"{""log"":""17:22:39.949 INFO  o.c.OrderController#39 TraceID: 205298f7d11f4f70e03d39adf3ce9755 SpanID: 0a7f97ce5813ff9b [getSoldTickets][Get Sold Ticket][Travel Date: 2023-01-29 15:38:06]\n"",""stream"":""stdout"",""time"":""2025-06-06T09:22:39.949575455Z""}"
2025-06-06T09:22:39.935209698Z,1674984159935209698,33.33.33.76,ts-order-service-5b67c48447-mv5hb,server,205298f7d11f4f70e03d39adf3ce9755,9c9513f32fad2bbb,"{""log"":""17:22:39.934 WARN  o.s.OrderServiceImpl#68 TraceID: 205298f7d11f4f70e03d39adf3ce9755 SpanID: 9c9513f32fad2bbb [getSoldTickets][Seat][Left ticket info is empty][seat from date: 2023-01-29 15:38:06, train number: G1236]\n"",""stream"":""stdout"",""time"":""2025-06-06T09:22:39.935209698Z""}"
2025-06-06T09:22:39.933645995Z,1674984159933645995,33.33.33.76,ts-order-service-5b67c48447-mv5hb,server,205298f7d11f4f70e03d39adf3ce9755,9c9513f32fad2bbb,"{""log"":""17:22:39.933 INFO  o.c.OrderController#39 TraceID: 205298f7d11f4f70e03d39adf3ce9755 SpanID: 9c9513f32fad2bbb [getSoldTickets][Get Sold Ticket][Travel Date: 2023-01-29 15:38:06]\n"",""stream"":""stdout"",""time"":""2025-06-06T09:22:39.933645995Z""}"
2025-06-06T09:22:39.91356753Z,1674984159913567530,33.33.33.76,ts-order-service-5b67c48447-mv5hb,server,205298f7d11f4f70e03d39adf3ce9755,17d52f4ff97607dc,"{""log"":""17:22:39.913 WARN  o.s.OrderServiceImpl#68 TraceID: 205298f7d11f4f70e03d39adf3ce9755 SpanID: 17d52f4ff97607dc [getSoldTickets][Seat][Left ticket info is empty][seat from date: 2023-01-29 15:38:06, train number: G1236]\n"",""stream"":""stdout"",""time"":""2025-06-06T09:22:39.91356753Z""}"
2025-06-06T09:22:39.911910658Z,1674984159911910658,33.33.33.76,ts-order-service-5b67c48447-mv5hb,server,205298f7d11f4f70e03d39adf3ce9755,17d52f4ff97607dc,"{""log"":""17:22:39.911 INFO  o.c.OrderController#39 TraceID: 205298f7d11f4f70e03d39adf3ce9755 SpanID: 17d52f4ff97607dc [getSoldTickets][Get Sold Ticket][Travel Date: 2023-01-29 15:38:06]\n"",""stream"":""stdout"",""time"":""2025-06-06T09:22:39.911910658Z""}"
2025-06-06T09:22:40.010697657Z,1674984160010697657,33.33.33.115,ts-config-service-5fcd447d84-wxwjd,server,205298f7d11f4f70e03d39adf3ce9755,5afa6542867b3db1,"{""log"":""17:22:40.010 INFO  c.s.ConfigServiceImpl#65 TraceID: 205298f7d11f4f70e03d39adf3ce9755 SpanID: 5afa6542867b3db1 [query][Query config success][config name: DirectTicketAllocationProportion]\n"",""stream"":""stdout"",""time"":""2025-06-06T09:22:40.010697657Z""}"
2025-06-06T09:22:40.010009514Z,1674984160010009514,33.33.33.115,ts-config-service-5fcd447d84-wxwjd,server,205298f7d11f4f70e03d39adf3ce9755,5afa6542867b3db1,"{""log"":""17:22:40.009 INFO  c.c.ConfigController#67 TraceID: 205298f7d11f4f70e03d39adf3ce9755 SpanID: 5afa6542867b3db1 [retrieve][Retrieve config][configName: DirectTicketAllocationProportion]\n"",""stream"":""stdout"",""time"":""2025-06-06T09:22:40.010009514Z""}"
2025-06-06T09:22:39.996784468Z,1674984159996784468,33.33.33.115,ts-config-service-5fcd447d84-wxwjd,server,205298f7d11f4f70e03d39adf3ce9755,6ffddc1dbc9f5cb9,"{""log"":""17:22:39.996 INFO  c.s.ConfigServiceImpl#65 TraceID: 205298f7d11f4f70e03d39adf3ce9755 SpanID: 6ffddc1dbc9f5cb9 [query][Query config success][config name: DirectTicketAllocationProportion]\n"",""stream"":""stdout"",""time"":""2025-06-06T09:22:39.996784468Z""}"
2025-06-06T09:22:39.996115724Z,1674984159996115724,33.33.33.115,ts-config-service-5fcd447d84-wxwjd,server,205298f7d11f4f70e03d39adf3ce9755,6ffddc1dbc9f5cb9,"{""log"":""17:22:39.995 INFO  c.c.ConfigController#67 TraceID: 205298f7d11f4f70e03d39adf3ce9755 SpanID: 6ffddc1dbc9f5cb9 [retrieve][Retrieve config][configName: DirectTicketAllocationProportion]\n"",""stream"":""stdout"",""time"":""2025-06-06T09:22:39.996115724Z""}"
2025-06-06T09:22:39.968736076Z,1674984159968736076,33.33.33.115,ts-config-service-5fcd447d84-wxwjd,server,205298f7d11f4f70e03d39adf3ce9755,c9b9979d5ec46377,"{""log"":""17:22:39.968 INFO  c.s.ConfigServiceImpl#65 TraceID: 205298f7d11f4f70e03d39adf3ce9755 SpanID: c9b9979d5ec46377 [query][Query config success][config name: DirectTicketAllocationProportion]\n"",""stream"":""stdout"",""time"":""2025-06-06T09:22:39.968736076Z""}"
2025-06-06T09:22:39.968040926Z,1674984159968040926,33.33.33.115,ts-config-service-5fcd447d84-wxwjd,server,205298f7d11f4f70e03d39adf3ce9755,c9b9979d5ec46377,"{""log"":""17:22:39.967 INFO  c.c.ConfigController#67 TraceID: 205298f7d11f4f70e03d39adf3ce9755 SpanID: c9b9979d5ec46377 [retrieve][Retrieve config][configName: DirectTicketAllocationProportion]\n"",""stream"":""stdout"",""time"":""2025-06-06T09:22:39.968040926Z""}"
2025-06-06T09:22:39.955016569Z,1674984159955016569,33.33.33.115,ts-config-service-5fcd447d84-wxwjd,server,205298f7d11f4f70e03d39adf3ce9755,f1cbaeb17a822cfb,"{""log"":""17:22:39.954 INFO  c.s.ConfigServiceImpl#65 TraceID: 205298f7d11f4f70e03d39adf3ce9755 SpanID: f1cbaeb17a822cfb [query][Query config success][config name: DirectTicketAllocationProportion]\n"",""stream"":""stdout"",""time"":""2025-06-06T09:22:39.955016569Z""}"
2025-06-06T09:22:39.954286692Z,1674984159954286692,33.33.33.115,ts-config-service-5fcd447d84-wxwjd,server,205298f7d11f4f70e03d39adf3ce9755,f1cbaeb17a822cfb,"{""log"":""17:22:39.953 INFO  c.c.ConfigController#67 TraceID: 205298f7d11f4f70e03d39adf3ce9755 SpanID: f1cbaeb17a822cfb [retrieve][Retrieve config][configName: DirectTicketAllocationProportion]\n"",""stream"":""stdout"",""time"":""2025-06-06T09:22:39.954286692Z""}"
2025-06-06T09:22:39.940028962Z,1674984159940028962,33.33.33.115,ts-config-service-5fcd447d84-wxwjd,server,205298f7d11f4f70e03d39adf3ce9755,d22524968346f86f,"{""log"":""17:22:39.939 INFO  c.s.ConfigServiceImpl#65 TraceID: 205298f7d11f4f70e03d39adf3ce9755 SpanID: d22524968346f86f [query][Query config success][config name: DirectTicketAllocationProportion]\n"",""stream"":""stdout"",""time"":""2025-06-06T09:22:39.940028962Z""}"
2025-06-06T09:22:39.939238013Z,1674984159939238013,33.33.33.115,ts-config-service-5fcd447d84-wxwjd,server,205298f7d11f4f70e03d39adf3ce9755,d22524968346f86f,"{""log"":""17:22:39.938 INFO  c.c.ConfigController#67 TraceID: 205298f7d11f4f70e03d39adf3ce9755 SpanID: d22524968346f86f [retrieve][Retrieve config][configName: DirectTicketAllocationProportion]\n"",""stream"":""stdout"",""time"":""2025-06-06T09:22:39.939238013Z""}"
2025-06-06T09:22:39.922938306Z,1674984159922938306,33.33.33.115,ts-config-service-5fcd447d84-wxwjd,server,205298f7d11f4f70e03d39adf3ce9755,47252217c2ff6e4d,"{""log"":""17:22:39.922 INFO  c.s.ConfigServiceImpl#65 TraceID: 205298f7d11f4f70e03d39adf3ce9755 SpanID: 47252217c2ff6e4d [query][Query config success][config name: DirectTicketAllocationProportion]\n"",""stream"":""stdout"",""time"":""2025-06-06T09:22:39.922938306Z""}"
2025-06-06T09:22:39.921408603Z,1674984159921408603,33.33.33.115,ts-config-service-5fcd447d84-wxwjd,server,205298f7d11f4f70e03d39adf3ce9755,47252217c2ff6e4d,"{""log"":""17:22:39.920 INFO  c.c.ConfigController#67 TraceID: 205298f7d11f4f70e03d39adf3ce9755 SpanID: 47252217c2ff6e4d [retrieve][Retrieve config][configName: DirectTicketAllocationProportion]\n"",""stream"":""stdout"",""time"":""2025-06-06T09:22:39.921408603Z""}"
2025-06-06T09:22:39.89760105Z,1674984159897601050,33.33.33.76,ts-basic-service-5dc8d4f9fd-46997,server,205298f7d11f4f70e03d39adf3ce9755,e200215f37d006c1,"{""log"":""17:22:39.897 INFO  f.m.s.BasicServiceImpl#320 TraceID: 205298f7d11f4f70e03d39adf3ce9755 SpanID: e200215f37d006c1 [queryForTravels][all done][result map: {G1236=TravelResult(status=true, percent=1.0, trainType=TrainType(id=111e1aed-10dc-4356-ad7e-daa5e551d4a7, name=GaoTieOne, economyClass=2147483647, confortClass=2147483647, averageSpeed=250), route=Route(id=a3f256c1-0e43-4f7d-9c21-121bf258101f, stations=[nanjing, suzhou, shanghai], distances=[0, 200, 250], startStation=nanjing, endStation=shanghai), prices={confortClass=250.0, economyClass=175.0}), G1235=TravelResult(status=true, percent=1.0, trainType=TrainType(id=111e1aed-10dc-4356-ad7e-daa5e551d4a7, name=GaoTieOne, economyClass=2147483647, confortClass=2147483647, averageSpeed=250), route=Route(id=aefcef3f-3f42-46e8-afd7-6cb2a928bd3d, stations=[nanjing, shanghai], distances=[0, 250], startStation=nanjing, endStation=shanghai), prices={confortClass=250.0, economyClass=125.0}), G1234=TravelResult(status=true, percent=1.0, trainType=TrainType(id=111e1aed-10dc-4356-ad7e-daa5e551d4a7, name=GaoTieOne, economyClass=2147483647, confortClass=2147483647, averageSpeed=250), route=Route(id=92708982-77af-4318-be25-57ccb0ff69ad, stations=[nanjing, zhenjiang, wuxi, suzhou, shanghai], distances=[0, 100, 150, 200, 250], startStation=nanjing, endStation=shanghai), prices={confortClass=250.0, economyClass=95.0})}]\n"",""stream"":""stdout"",""time"":""2025-06-06T09:22:39.89760105Z""}"
2025-06-06T09:22:39.89741636Z,1674984159897416360,33.33.33.76,ts-basic-service-5dc8d4f9fd-46997,server,205298f7d11f4f70e03d39adf3ce9755,e200215f37d006c1,"{""log"":""17:22:39.897 INFO  f.m.s.BasicServiceImpl#481 TraceID: 205298f7d11f4f70e03d39adf3ce9755 SpanID: e200215f37d006c1 [queryPriceConfigByRouteIdsAndTrainTypes][Get Price Config by routeId and trainType][Success][priceConfigs: {92708982-77af-4318-be25-57ccb0ff69ad:GaoTieOne={id=6d20b8cb-039c-474c-ae25-b6177ea41152, trainType=GaoTieOne, routeId=92708982-77af-4318-be25-57ccb0ff69ad, basicPriceRate=0.38, firstClassPriceRate=1.0}, aefcef3f-3f42-46e8-afd7-6cb2a928bd3d:GaoTieOne={id=c5679b7e-4a54-4f52-9939-1ae86ba16fa7, trainType=GaoTieOne, routeId=aefcef3f-3f42-46e8-afd7-6cb2a928bd3d, basicPriceRate=0.5, firstClassPriceRate=1.0}, a3f256c1-0e43-4f7d-9c21-121bf258101f:GaoTieOne={id=719287d6-d3e7-4b54-9a92-71d039748b22, trainType=GaoTieOne, routeId=a3f256c1-0e43-4f7d-9c21-121bf258101f, basicPriceRate=0.7, firstClassPriceRate=1.0}}]\n"",""stream"":""stdout"",""time"":""2025-06-06T09:22:39.89741636Z""}"
2025-06-06T09:22:39.888271003Z,1674984159888271003,33.33.33.76,ts-basic-service-5dc8d4f9fd-46997,server,205298f7d11f4f70e03d39adf3ce9755,e200215f37d006c1,"{""log"":""17:22:39.887 INFO  f.m.s.BasicServiceImpl#459 TraceID: 205298f7d11f4f70e03d39adf3ce9755 SpanID: e200215f37d006c1 [queryPriceConfigByRouteIdsAndTrainTypes][Query For Price Config][RouteId and TrainType: [a3f256c1-0e43-4f7d-9c21-121bf258101f:GaoTieOne, aefcef3f-3f42-46e8-afd7-6cb2a928bd3d:GaoTieOne, 92708982-77af-4318-be25-57ccb0ff69ad:GaoTieOne]]\n"",""stream"":""stdout"",""time"":""2025-06-06T09:22:39.888271003Z""}"
2025-06-06T09:22:39.88763292Z,1674984159887632920,33.33.33.76,ts-basic-service-5dc8d4f9fd-46997,server,205298f7d11f4f70e03d39adf3ce9755,e200215f37d006c1,"{""log"":""17:22:39.887 ERROR  f.m.s.BasicServiceImpl#415 TraceID: 205298f7d11f4f70e03d39adf3ce9755 SpanID: e200215f37d006c1 [getRoutesByRouteIds][Get Route By Ids Failed]\n"",""stream"":""stdout"",""time"":""2025-06-06T09:22:39.88763292Z""}"
2025-06-06T09:22:39.866125393Z,1674984159866125393,33.33.33.76,ts-basic-service-5dc8d4f9fd-46997,server,205298f7d11f4f70e03d39adf3ce9755,e200215f37d006c1,"{""log"":""17:22:39.865 INFO  f.m.s.BasicServiceImpl#405 TraceID: 205298f7d11f4f70e03d39adf3ce9755 SpanID: e200215f37d006c1 [getRoutesByRouteIds][Get Route By Ids][Route IDs: [92708982-77af-4318-be25-57ccb0ff69ad, aefcef3f-3f42-46e8-afd7-6cb2a928bd3d, a3f256c1-0e43-4f7d-9c21-121bf258101f, 084837bb-53c8-4438-87c8-0321a4d09917, f3d4d4ef-693b-4456-8eed-59c0d717dd08]]\n"",""stream"":""stdout"",""time"":""2025-06-06T09:22:39.866125393Z""}"
2025-06-06T09:22:39.855602173Z,1674984159855602173,33.33.33.76,ts-basic-service-5dc8d4f9fd-46997,server,205298f7d11f4f70e03d39adf3ce9755,e200215f37d006c1,"{""log"":""17:22:39.855 INFO  f.m.s.BasicServiceImpl#374 TraceID: 205298f7d11f4f70e03d39adf3ce9755 SpanID: e200215f37d006c1 [queryTrainTypeByNames][Query Train Type][Train Type names: [DongCheOne, GaoTieOne, GaoTieTwo]]\n"",""stream"":""stdout"",""time"":""2025-06-06T09:22:39.855602173Z""}"
2025-06-06T09:22:39.848284758Z,1674984159848284758,33.33.33.76,ts-basic-service-5dc8d4f9fd-46997,server,205298f7d11f4f70e03d39adf3ce9755,e200215f37d006c1,"{""log"":""17:22:39.847 INFO  f.m.s.BasicServiceImpl#343 TraceID: 205298f7d11f4f70e03d39adf3ce9755 SpanID: e200215f37d006c1 [checkStationsExists][Check Stations Exists][stationNames: [nanjing, shanghai]]\n"",""stream"":""stdout"",""time"":""2025-06-06T09:22:39.848284758Z""}"
2025-06-06T09:22:39.848058892Z,1674984159848058892,33.33.33.76,ts-basic-service-5dc8d4f9fd-46997,server,205298f7d11f4f70e03d39adf3ce9755,e200215f37d006c1,"{""log"":""17:22:39.847 INFO  f.m.c.BasicController#45 TraceID: 205298f7d11f4f70e03d39adf3ce9755 SpanID: e200215f37d006c1 [queryForTravels][Query for travels][Travels: [Travel(trip=Trip(id=015fd636-861e-4714-9347-2efbb1a98f37, tripId=G1234, trainTypeName=GaoTieOne, routeId=92708982-77af-4318-be25-57ccb0ff69ad, startStationName=shanghai, stationsName=suzhou, terminalStationName=taiyuan, startTime=2013-05-04 09:00:00, endTime=2013-05-04 15:51:52), startPlace=nanjing, endPlace=shanghai, departureTime=2023-01-29 15:38:06), Travel(trip=Trip(id=38893061-3fd2-4ac4-bbc9-f0d727f83d6f, tripId=G1235, trainTypeName=GaoTieOne, routeId=aefcef3f-3f42-46e8-afd7-6cb2a928bd3d, startStationName=shanghai, stationsName=suzhou, terminalStationName=taiyuan, startTime=2013-05-04 12:00:00, endTime=2013-05-04 17:51:52), startPlace=nanjing, endPlace=shanghai, departureTime=2023-01-29 15:38:06), Travel(trip=Trip(id=cfcf2553-3371-42c5-b583-a3c4bb8ef505, tripId=G1236, trainTypeName=GaoTieOne, routeId=a3f256c1-0e43-4f7d-9c21-121bf258101f, startStationName=shanghai, stationsName=suzhou, terminalStationName=taiyuan, startTime=2013-05-04 14:00:00, endTime=2013-05-04 20:51:52), startPlace=nanjing, endPlace=shanghai, departureTime=2023-01-29 15:38:06), Travel(trip=Trip(id=a71c2e28-22c2-4b7f-90cf-715a7f4b35b4, tripId=G1237, trainTypeName=GaoTieTwo, routeId=084837bb-53c8-4438-87c8-0321a4d09917, startStationName=shanghai, stationsName=suzhou, terminalStationName=taiyuan, startTime=2013-05-04 08:00:00, endTime=2013-05-04 17:21:52), startPlace=nanjing, endPlace=shanghai, departureTime=2023-01-29 15:38:06), Travel(trip=Trip(id=465eec52-1bc7-4d8b-8c38-e8f210bb3a77, tripId=D1345, trainTypeName=DongCheOne, routeId=f3d4d4ef-693b-4456-8eed-59c0d717dd08, startStationName=shanghai, stationsName=suzhou, terminalStationName=taiyuan, startTime=2013-05-04 07:00:00, endTime=2013-05-04 19:59:52), startPlace=nanjing, endPlace=shanghai, departureTime=2023-01-29 15:38:06)]]\n"",""stream"":""stdout"",""time"":""2025-06-06T09:22:39.848058892Z""}"
2025-06-06T09:23:03.227138411Z,1674984183227138411,33.33.33.116,ts-travel-service-64469b5b48-25zj6,server,be4c7a66156e6a057958e50daa319846,6653ef6ff51b2c9f,"{""log"":""17:23:03.226 INFO  t.s.TravelServiceImpl#457 TraceID: be4c7a66156e6a057958e50daa319846 SpanID: 6653ef6ff51b2c9f [getTickets][Calculate distance][calculate time：16  time: Sat May 04 07:16:00 CST 2013]\n"",""stream"":""stdout"",""time"":""2025-06-06T09:23:03.227138411Z""}"
2025-06-06T09:23:03.227016011Z,1674984183227016011,33.33.33.116,ts-travel-service-64469b5b48-25zj6,server,be4c7a66156e6a057958e50daa319846,6653ef6ff51b2c9f,"{""log"":""17:23:03.226 INFO  t.s.TravelServiceImpl#451 TraceID: be4c7a66156e6a057958e50daa319846 SpanID: 6653ef6ff51b2c9f [getTickets][Calculate distance][calculate time：0  time: Sat May 04 07:00:00 CST 2013]\n"",""stream"":""stdout"",""time"":""2025-06-06T09:23:03.227016011Z""}"
2025-06-06T09:23:03.22683481Z,1674984183226834810,33.33.33.116,ts-travel-service-64469b5b48-25zj6,server,be4c7a66156e6a057958e50daa319846,6653ef6ff51b2c9f,"{""log"":""17:23:03.226 INFO  t.s.TravelServiceImpl#558 TraceID: be4c7a66156e6a057958e50daa319846 SpanID: 6653ef6ff51b2c9f [getRestTicketNumber][Get Rest tickets num][num is: Response(status=1, msg=Get Left Ticket of Internal Success, data=1073741823)]\n"",""stream"":""stdout"",""time"":""2025-06-06T09:23:03.22683481Z""}"
2025-06-06T09:23:03.210971114Z,1674984183210971114,33.33.33.116,ts-travel-service-64469b5b48-25zj6,server,be4c7a66156e6a057958e50daa319846,6653ef6ff51b2c9f,"{""log"":""17:23:03.210 INFO  t.s.TravelServiceImpl#548 TraceID: be4c7a66156e6a057958e50daa319846 SpanID: 6653ef6ff51b2c9f [getRestTicketNumber][Seat request][request: Seat(travelDate=2023-01-29 15:38:06, trainNumber=D1345, startStation=shanghai, destStation=suzhou, seatType=3, totalNum=2147483647, stations=[shanghai, suzhou])]\n"",""stream"":""stdout"",""time"":""2025-06-06T09:23:03.210971114Z""}"
2025-06-06T09:23:03.210846857Z,1674984183210846857,33.33.33.116,ts-travel-service-64469b5b48-25zj6,server,be4c7a66156e6a057958e50daa319846,6653ef6ff51b2c9f,"{""log"":""17:23:03.210 INFO  t.s.TravelServiceImpl#558 TraceID: be4c7a66156e6a057958e50daa319846 SpanID: 6653ef6ff51b2c9f [getRestTicketNumber][Get Rest tickets num][num is: Response(status=1, msg=Get Left Ticket of Internal Success, data=1073741823)]\n"",""stream"":""stdout"",""time"":""2025-06-06T09:23:03.210846857Z""}"
2025-06-06T09:23:03.187418482Z,1674984183187418482,33.33.33.116,ts-travel-service-64469b5b48-25zj6,server,be4c7a66156e6a057958e50daa319846,6653ef6ff51b2c9f,"{""log"":""17:23:03.187 INFO  t.s.TravelServiceImpl#548 TraceID: be4c7a66156e6a057958e50daa319846 SpanID: 6653ef6ff51b2c9f [getRestTicketNumber][Seat request][request: Seat(travelDate=2023-01-29 15:38:06, trainNumber=D1345, startStation=shanghai, destStation=suzhou, seatType=2, totalNum=2147483647, stations=[shanghai, suzhou])]\n"",""stream"":""stdout"",""time"":""2025-06-06T09:23:03.187418482Z""}"
2025-06-06T09:23:03.091857279Z,1674984183091857279,33.33.33.116,ts-travel-service-64469b5b48-25zj6,server,be4c7a66156e6a057958e50daa319846,6653ef6ff51b2c9f,"{""log"":""17:23:03.091 INFO  t.s.TravelServiceImpl#343 TraceID: be4c7a66156e6a057958e50daa319846 SpanID: 6653ef6ff51b2c9f [getTicketsByBatch][before get basic][trips: [Trip(id=015fd636-861e-4714-9347-2efbb1a98f37, tripId=G1234, trainTypeName=GaoTieOne, routeId=92708982-77af-4318-be25-57ccb0ff69ad, startStationName=shanghai, stationsName=suzhou, terminalStationName=taiyuan, startTime=2013-05-04 09:00:00, endTime=2013-05-04 15:51:52), Trip(id=38893061-3fd2-4ac4-bbc9-f0d727f83d6f, tripId=G1235, trainTypeName=GaoTieOne, routeId=aefcef3f-3f42-46e8-afd7-6cb2a928bd3d, startStationName=shanghai, stationsName=suzhou, terminalStationName=taiyuan, startTime=2013-05-04 12:00:00, endTime=2013-05-04 17:51:52), Trip(id=cfcf2553-3371-42c5-b583-a3c4bb8ef505, tripId=G1236, trainTypeName=GaoTieOne, routeId=a3f256c1-0e43-4f7d-9c21-121bf258101f, startStationName=shanghai, stationsName=suzhou, terminalStationName=taiyuan, startTime=2013-05-04 14:00:00, endTime=2013-05-04 20:51:52), Trip(id=a71c2e28-22c2-4b7f-90cf-715a7f4b35b4, tripId=G1237, trainTypeName=GaoTieTwo, routeId=084837bb-53c8-4438-87c8-0321a4d09917, startStationName=shanghai, stationsName=suzhou, terminalStationName=taiyuan, startTime=2013-05-04 08:00:00, endTime=2013-05-04 17:21:52), Trip(id=465eec52-1bc7-4d8b-8c38-e8f210bb3a77, tripId=D1345, trainTypeName=DongCheOne, routeId=f3d4d4ef-693b-4456-8eed-59c0d717dd08, startStationName=shanghai, stationsName=suzhou, terminalStationName=taiyuan, startTime=2013-05-04 07:00:00, endTime=2013-05-04 19:59:52)]]\n"",""stream"":""stdout"",""time"":""2025-06-06T09:23:03.091857279Z""}"
2025-06-06T09:23:03.091705282Z,1674984183091705282,33.33.33.116,ts-travel-service-64469b5b48-25zj6,server,be4c7a66156e6a057958e50daa319846,6653ef6ff51b2c9f,"{""log"":""17:23:03.091 INFO  t.s.TravelServiceImpl#487 TraceID: be4c7a66156e6a057958e50daa319846 SpanID: 6653ef6ff51b2c9f [departrue date][y: 2023][m:0][d: 29]\n"",""stream"":""stdout"",""time"":""2025-06-06T09:23:03.091705282Z""}"
2025-06-06T09:23:03.091530767Z,1674984183091530767,33.33.33.116,ts-travel-service-64469b5b48-25zj6,server,be4c7a66156e6a057958e50daa319846,6653ef6ff51b2c9f,"{""log"":""17:23:03.091 INFO  t.s.TravelServiceImpl#486 TraceID: be4c7a66156e6a057958e50daa319846 SpanID: 6653ef6ff51b2c9f [today date][y: 2023][m:0][d: 29]\n"",""stream"":""stdout"",""time"":""2025-06-06T09:23:03.091530767Z""}"
2025-06-06T09:23:03.089111945Z,1674984183089111945,33.33.33.116,ts-travel-service-64469b5b48-25zj6,server,be4c7a66156e6a057958e50daa319846,6653ef6ff51b2c9f,"{""log"":""17:23:03.088 INFO  t.c.TravelController#122 TraceID: be4c7a66156e6a057958e50daa319846 SpanID: 6653ef6ff51b2c9f [query][Query TripResponse]\n"",""stream"":""stdout"",""time"":""2025-06-06T09:23:03.089111945Z""}"
2025-06-06T09:23:03.125487156Z,1674984183125487156,33.33.33.79,ts-train-service-86f5f97bc9-dkqmf,server,be4c7a66156e6a057958e50daa319846,7aec17dd61e43c64,"{""log"":""17:23:03.124 INFO  t.c.TrainController#72 TraceID: be4c7a66156e6a057958e50daa319846 SpanID: 7aec17dd61e43c64 [retrieveByNames][Retrieve train][TrainTypeNames: [DongCheOne, GaoTieOne, GaoTieTwo]]\n"",""stream"":""stdout"",""time"":""2025-06-06T09:23:03.125487156Z""}"
2025-06-06T09:23:03.09923165Z,1674984183099231650,33.33.33.76,ts-station-service-7f4f5f6f77-5qb6j,server,be4c7a66156e6a057958e50daa319846,a7aa1542e6fe8112,"{""log"":""17:23:03.098 INFO  f.m.c.StationController#71 TraceID: be4c7a66156e6a057958e50daa319846 SpanID: a7aa1542e6fe8112 [queryForIdBatch][Query stations for id batch][StationNameNumbers: 2]\n"",""stream"":""stdout"",""time"":""2025-06-06T09:23:03.09923165Z""}"
2025-06-06T09:23:03.225540732Z,1674984183225540732,33.33.33.82,ts-seat-service-5c95b49cff-tdsdz,server,be4c7a66156e6a057958e50daa319846,fdcbbe12141ecdf3,"{""log"":""17:23:03.224 INFO  s.s.SeatServiceImpl#217 TraceID: be4c7a66156e6a057958e50daa319846 SpanID: fdcbbe12141ecdf3 [getDirectProportion][Configs is : Config(name=DirectTicketAllocationProportion, value=0.5, description=Allocation Proportion Of The Direct Ticket - From Start To End)]\n"",""stream"":""stdout"",""time"":""2025-06-06T09:23:03.225540732Z""}"
2025-06-06T09:23:03.22068469Z,1674984183220684690,33.33.33.82,ts-seat-service-5c95b49cff-tdsdz,server,be4c7a66156e6a057958e50daa319846,fdcbbe12141ecdf3,"{""log"":""17:23:03.219 INFO  s.s.SeatServiceImpl#151 TraceID: be4c7a66156e6a057958e50daa319846 SpanID: fdcbbe12141ecdf3 [getLeftTicketOfInterval][Get Order tickets result][result is \u003c200,Response(status=0, msg=Order is Null., data=null),[vary:\""Origin,Access-Control-Request-Method,Access-Control-Request-Headers\"", x-content-type-options:\""nosniff\"", x-xss-protection:\""1; mode=block\"", cache-control:\""no-cache, no-store, max-age=0, must-revalidate\"", pragma:\""no-cache\"", expires:\""0\"", x-frame-options:\""DENY\"", content-type:\""application/json\"", date:\""Sun, 29 Jan 2023 09:23:03 GMT\"", x-envoy-upstream-service-time:\""3\"", server:\""envoy\"", transfer-encoding:\""chunked\""]\u003e]\n"",""stream"":""stdout"",""time"":""2025-06-06T09:23:03.22068469Z""}"
2025-06-06T09:23:03.214857374Z,1674984183214857374,33.33.33.82,ts-seat-service-5c95b49cff-tdsdz,server,be4c7a66156e6a057958e50daa319846,fdcbbe12141ecdf3,"{""log"":""17:23:03.214 INFO  s.s.SeatServiceImpl#139 TraceID: be4c7a66156e6a057958e50daa319846 SpanID: fdcbbe12141ecdf3 [getLeftTicketOfInterval][TrainNumber start with G|D][trainNumber:D1345]\n"",""stream"":""stdout"",""time"":""2025-06-06T09:23:03.214857374Z""}"
2025-06-06T09:23:03.214491884Z,1674984183214491884,33.33.33.82,ts-seat-service-5c95b49cff-tdsdz,server,be4c7a66156e6a057958e50daa319846,fdcbbe12141ecdf3,"{""log"":""17:23:03.213 INFO  s.s.SeatServiceImpl#137 TraceID: be4c7a66156e6a057958e50daa319846 SpanID: fdcbbe12141ecdf3 [getLeftTicketOfInterval][Seat request][request:Seat(travelDate=2023-01-29 15:38:06, trainNumber=D1345, startStation=shanghai, destStation=suzhou, seatType=3, totalNum=2147483647, stations=[shanghai, suzhou])]\n"",""stream"":""stdout"",""time"":""2025-06-06T09:23:03.214491884Z""}"
2025-06-06T09:23:03.21411008Z,1674984183214110080,33.33.33.82,ts-seat-service-5c95b49cff-tdsdz,server,be4c7a66156e6a057958e50daa319846,fdcbbe12141ecdf3,"{""log"":""17:23:03.213 INFO  s.c.SeatController#57 TraceID: be4c7a66156e6a057958e50daa319846 SpanID: fdcbbe12141ecdf3 [getLeftTicketOfInterval][Get left ticket of interval][TravelDate: 2023-01-29 15:38:06,TrainNumber: D1345,SeatType: 3]\n"",""stream"":""stdout"",""time"":""2025-06-06T09:23:03.21411008Z""}"
2025-06-06T09:23:03.209213735Z,1674984183209213735,33.33.33.82,ts-seat-service-5c95b49cff-tdsdz,server,be4c7a66156e6a057958e50daa319846,2651a43537e7e82d,"{""log"":""17:23:03.208 INFO  s.s.SeatServiceImpl#217 TraceID: be4c7a66156e6a057958e50daa319846 SpanID: 2651a43537e7e82d [getDirectProportion][Configs is : Config(name=DirectTicketAllocationProportion, value=0.5, description=Allocation Proportion Of The Direct Ticket - From Start To End)]\n"",""stream"":""stdout"",""time"":""2025-06-06T09:23:03.209213735Z""}"
2025-06-06T09:23:03.202642642Z,1674984183202642642,33.33.33.82,ts-seat-service-5c95b49cff-tdsdz,server,be4c7a66156e6a057958e50daa319846,2651a43537e7e82d,"{""log"":""17:23:03.201 INFO  s.s.SeatServiceImpl#151 TraceID: be4c7a66156e6a057958e50daa319846 SpanID: 2651a43537e7e82d [getLeftTicketOfInterval][Get Order tickets result][result is \u003c200,Response(status=0, msg=Order is Null., data=null),[vary:\""Origin,Access-Control-Request-Method,Access-Control-Request-Headers\"", x-content-type-options:\""nosniff\"", x-xss-protection:\""1; mode=block\"", cache-control:\""no-cache, no-store, max-age=0, must-revalidate\"", pragma:\""no-cache\"", expires:\""0\"", x-frame-options:\""DENY\"", content-type:\""application/json\"", date:\""Sun, 29 Jan 2023 09:23:03 GMT\"", x-envoy-upstream-service-time:\""5\"", server:\""envoy\"", transfer-encoding:\""chunked\""]\u003e]\n"",""stream"":""stdout"",""time"":""2025-06-06T09:23:03.202642642Z""}"
2025-06-06T09:23:03.193256431Z,1674984183193256431,33.33.33.82,ts-seat-service-5c95b49cff-tdsdz,server,be4c7a66156e6a057958e50daa319846,2651a43537e7e82d,"{""log"":""17:23:03.192 INFO  s.s.SeatServiceImpl#139 TraceID: be4c7a66156e6a057958e50daa319846 SpanID: 2651a43537e7e82d [getLeftTicketOfInterval][TrainNumber start with G|D][trainNumber:D1345]\n"",""stream"":""stdout"",""time"":""2025-06-06T09:23:03.193256431Z""}"
2025-06-06T09:23:03.192930927Z,1674984183192930927,33.33.33.82,ts-seat-service-5c95b49cff-tdsdz,server,be4c7a66156e6a057958e50daa319846,2651a43537e7e82d,"{""log"":""17:23:03.192 INFO  s.s.SeatServiceImpl#137 TraceID: be4c7a66156e6a057958e50daa319846 SpanID: 2651a43537e7e82d [getLeftTicketOfInterval][Seat request][request:Seat(travelDate=2023-01-29 15:38:06, trainNumber=D1345, startStation=shanghai, destStation=suzhou, seatType=2, totalNum=2147483647, stations=[shanghai, suzhou])]\n"",""stream"":""stdout"",""time"":""2025-06-06T09:23:03.192930927Z""}"
2025-06-06T09:23:03.192589213Z,1674984183192589213,33.33.33.82,ts-seat-service-5c95b49cff-tdsdz,server,be4c7a66156e6a057958e50daa319846,2651a43537e7e82d,"{""log"":""17:23:03.191 INFO  s.c.SeatController#57 TraceID: be4c7a66156e6a057958e50daa319846 SpanID: 2651a43537e7e82d [getLeftTicketOfInterval][Get left ticket of interval][TravelDate: 2023-01-29 15:38:06,TrainNumber: D1345,SeatType: 2]\n"",""stream"":""stdout"",""time"":""2025-06-06T09:23:03.192589213Z""}"
2025-06-06T09:23:03.16226196Z,1674984183162261960,33.33.33.80,ts-route-service-b6c59fb57-zv8dt,server,be4c7a66156e6a057958e50daa319846,d4a9777140d0ff32,"{""log"":""17:23:03.161 INFO  r.c.RouteController#53 TraceID: be4c7a66156e6a057958e50daa319846 SpanID: d4a9777140d0ff32 [getRouteById][Query route by id][RouteId: [92708982-77af-4318-be25-57ccb0ff69ad, aefcef3f-3f42-46e8-afd7-6cb2a928bd3d, a3f256c1-0e43-4f7d-9c21-121bf258101f, 084837bb-53c8-4438-87c8-0321a4d09917, f3d4d4ef-693b-4456-8eed-59c0d717dd08]]\n"",""stream"":""stdout"",""time"":""2025-06-06T09:23:03.16226196Z""}"
2025-06-06T09:23:03.180984814Z,1674984183180984814,33.33.33.79,ts-price-service-76846864d9-g465z,server,be4c7a66156e6a057958e50daa319846,a5c774b58c67ec26,"{""log"":""17:23:03.180 INFO  p.c.PriceController#46 TraceID: be4c7a66156e6a057958e50daa319846 SpanID: a5c774b58c67ec26 [findByRouteIdAndTrainType][Query price][routeId and Train Type: [f3d4d4ef-693b-4456-8eed-59c0d717dd08:DongCheOne]]\n"",""stream"":""stdout"",""time"":""2025-06-06T09:23:03.180984814Z""}"
2025-06-06T09:23:03.21854267Z,1674984183218542670,33.33.33.76,ts-order-service-5b67c48447-mv5hb,server,be4c7a66156e6a057958e50daa319846,126e4bef4f885008,"{""log"":""17:23:03.218 WARN  o.s.OrderServiceImpl#68 TraceID: be4c7a66156e6a057958e50daa319846 SpanID: 126e4bef4f885008 [getSoldTickets][Seat][Left ticket info is empty][seat from date: 2023-01-29 15:38:06, train number: D1345]\n"",""stream"":""stdout"",""time"":""2025-06-06T09:23:03.21854267Z""}"
2025-06-06T09:23:03.21745628Z,1674984183217456280,33.33.33.76,ts-order-service-5b67c48447-mv5hb,server,be4c7a66156e6a057958e50daa319846,126e4bef4f885008,"{""log"":""17:23:03.217 INFO  o.c.OrderController#39 TraceID: be4c7a66156e6a057958e50daa319846 SpanID: 126e4bef4f885008 [getSoldTickets][Get Sold Ticket][Travel Date: 2023-01-29 15:38:06]\n"",""stream"":""stdout"",""time"":""2025-06-06T09:23:03.21745628Z""}"
2025-06-06T09:23:03.199954109Z,1674984183199954109,33.33.33.76,ts-order-service-5b67c48447-mv5hb,server,be4c7a66156e6a057958e50daa319846,995e2f18d59333ce,"{""log"":""17:23:03.199 WARN  o.s.OrderServiceImpl#68 TraceID: be4c7a66156e6a057958e50daa319846 SpanID: 995e2f18d59333ce [getSoldTickets][Seat][Left ticket info is empty][seat from date: 2023-01-29 15:38:06, train number: D1345]\n"",""stream"":""stdout"",""time"":""2025-06-06T09:23:03.199954109Z""}"
2025-06-06T09:23:03.198293809Z,1674984183198293809,33.33.33.76,ts-order-service-5b67c48447-mv5hb,server,be4c7a66156e6a057958e50daa319846,995e2f18d59333ce,"{""log"":""17:23:03.197 INFO  o.c.OrderController#39 TraceID: be4c7a66156e6a057958e50daa319846 SpanID: 995e2f18d59333ce [getSoldTickets][Get Sold Ticket][Travel Date: 2023-01-29 15:38:06]\n"",""stream"":""stdout"",""time"":""2025-06-06T09:23:03.198293809Z""}"
2025-06-06T09:23:03.223582306Z,1674984183223582306,33.33.33.115,ts-config-service-5fcd447d84-wxwjd,server,be4c7a66156e6a057958e50daa319846,843782818b2355dd,"{""log"":""17:23:03.223 INFO  c.s.ConfigServiceImpl#65 TraceID: be4c7a66156e6a057958e50daa319846 SpanID: 843782818b2355dd [query][Query config success][config name: DirectTicketAllocationProportion]\n"",""stream"":""stdout"",""time"":""2025-06-06T09:23:03.223582306Z""}"
2025-06-06T09:23:03.22282468Z,1674984183222824680,33.33.33.115,ts-config-service-5fcd447d84-wxwjd,server,be4c7a66156e6a057958e50daa319846,843782818b2355dd,"{""log"":""17:23:03.222 INFO  c.c.ConfigController#67 TraceID: be4c7a66156e6a057958e50daa319846 SpanID: 843782818b2355dd [retrieve][Retrieve config][configName: DirectTicketAllocationProportion]\n"",""stream"":""stdout"",""time"":""2025-06-06T09:23:03.22282468Z""}"
2025-06-06T09:23:03.206851691Z,1674984183206851691,33.33.33.115,ts-config-service-5fcd447d84-wxwjd,server,be4c7a66156e6a057958e50daa319846,b6c7fbc309f9ef54,"{""log"":""17:23:03.206 INFO  c.s.ConfigServiceImpl#65 TraceID: be4c7a66156e6a057958e50daa319846 SpanID: b6c7fbc309f9ef54 [query][Query config success][config name: DirectTicketAllocationProportion]\n"",""stream"":""stdout"",""time"":""2025-06-06T09:23:03.206851691Z""}"
2025-06-06T09:23:03.20559699Z,1674984183205596990,33.33.33.115,ts-config-service-5fcd447d84-wxwjd,server,be4c7a66156e6a057958e50daa319846,b6c7fbc309f9ef54,"{""log"":""17:23:03.205 INFO  c.c.ConfigController#67 TraceID: be4c7a66156e6a057958e50daa319846 SpanID: b6c7fbc309f9ef54 [retrieve][Retrieve config][configName: DirectTicketAllocationProportion]\n"",""stream"":""stdout"",""time"":""2025-06-06T09:23:03.20559699Z""}"
2025-06-06T09:23:03.185627546Z,1674984183185627546,33.33.33.76,ts-basic-service-5dc8d4f9fd-46997,server,be4c7a66156e6a057958e50daa319846,dac0fa7782e7ec35,"{""log"":""17:23:03.185 INFO  f.m.s.BasicServiceImpl#320 TraceID: be4c7a66156e6a057958e50daa319846 SpanID: dac0fa7782e7ec35 [queryForTravels][all done][result map: {D1345=TravelResult(status=true, percent=1.0, trainType=TrainType(id=a14b45f8-64d9-4e40-9d78-5152f726ba8d, name=DongCheOne, economyClass=2147483647, confortClass=2147483647, averageSpeed=180), route=Route(id=f3d4d4ef-693b-4456-8eed-59c0d717dd08, stations=[shanghai, suzhou], distances=[0, 50], startStation=shanghai, endStation=suzhou), prices={confortClass=50.0, economyClass=22.5})}]\n"",""stream"":""stdout"",""time"":""2025-06-06T09:23:03.185627546Z""}"
2025-06-06T09:23:03.185465721Z,1674984183185465721,33.33.33.76,ts-basic-service-5dc8d4f9fd-46997,server,be4c7a66156e6a057958e50daa319846,dac0fa7782e7ec35,"{""log"":""17:23:03.185 INFO  f.m.s.BasicServiceImpl#481 TraceID: be4c7a66156e6a057958e50daa319846 SpanID: dac0fa7782e7ec35 [queryPriceConfigByRouteIdsAndTrainTypes][Get Price Config by routeId and trainType][Success][priceConfigs: {f3d4d4ef-693b-4456-8eed-59c0d717dd08:DongCheOne={id=d5c4523a-827c-468c-95be-e9024a40572e, trainType=DongCheOne, routeId=f3d4d4ef-693b-4456-8eed-59c0d717dd08, basicPriceRate=0.45, firstClassPriceRate=1.0}}]\n"",""stream"":""stdout"",""time"":""2025-06-06T09:23:03.185465721Z""}"
2025-06-06T09:23:03.176894595Z,1674984183176894595,33.33.33.76,ts-basic-service-5dc8d4f9fd-46997,server,be4c7a66156e6a057958e50daa319846,dac0fa7782e7ec35,"{""log"":""17:23:03.176 INFO  f.m.s.BasicServiceImpl#459 TraceID: be4c7a66156e6a057958e50daa319846 SpanID: dac0fa7782e7ec35 [queryPriceConfigByRouteIdsAndTrainTypes][Query For Price Config][RouteId and TrainType: [f3d4d4ef-693b-4456-8eed-59c0d717dd08:DongCheOne]]\n"",""stream"":""stdout"",""time"":""2025-06-06T09:23:03.176894595Z""}"
2025-06-06T09:23:03.176253386Z,1674984183176253386,33.33.33.76,ts-basic-service-5dc8d4f9fd-46997,server,be4c7a66156e6a057958e50daa319846,dac0fa7782e7ec35,"{""log"":""17:23:03.175 ERROR  f.m.s.BasicServiceImpl#415 TraceID: be4c7a66156e6a057958e50daa319846 SpanID: dac0fa7782e7ec35 [getRoutesByRouteIds][Get Route By Ids Failed]\n"",""stream"":""stdout"",""time"":""2025-06-06T09:23:03.176253386Z""}"
2025-06-06T09:23:03.130398334Z,1674984183130398334,33.33.33.76,ts-basic-service-5dc8d4f9fd-46997,server,be4c7a66156e6a057958e50daa319846,dac0fa7782e7ec35,"{""log"":""17:23:03.129 INFO  f.m.s.BasicServiceImpl#405 TraceID: be4c7a66156e6a057958e50daa319846 SpanID: dac0fa7782e7ec35 [getRoutesByRouteIds][Get Route By Ids][Route IDs: [92708982-77af-4318-be25-57ccb0ff69ad, aefcef3f-3f42-46e8-afd7-6cb2a928bd3d, a3f256c1-0e43-4f7d-9c21-121bf258101f, 084837bb-53c8-4438-87c8-0321a4d09917, f3d4d4ef-693b-4456-8eed-59c0d717dd08]]\n"",""stream"":""stdout"",""time"":""2025-06-06T09:23:03.130398334Z""}"
2025-06-06T09:23:03.102550456Z,1674984183102550456,33.33.33.76,ts-basic-service-5dc8d4f9fd-46997,server,be4c7a66156e6a057958e50daa319846,dac0fa7782e7ec35,"{""log"":""17:23:03.102 INFO  f.m.s.BasicServiceImpl#374 TraceID: be4c7a66156e6a057958e50daa319846 SpanID: dac0fa7782e7ec35 [queryTrainTypeByNames][Query Train Type][Train Type names: [DongCheOne, GaoTieOne, GaoTieTwo]]\n"",""stream"":""stdout"",""time"":""2025-06-06T09:23:03.102550456Z""}"
2025-06-06T09:23:03.096089839Z,1674984183096089839,33.33.33.76,ts-basic-service-5dc8d4f9fd-46997,server,be4c7a66156e6a057958e50daa319846,dac0fa7782e7ec35,"{""log"":""17:23:03.095 INFO  f.m.s.BasicServiceImpl#343 TraceID: be4c7a66156e6a057958e50daa319846 SpanID: dac0fa7782e7ec35 [checkStationsExists][Check Stations Exists][stationNames: [suzhou, shanghai]]\n"",""stream"":""stdout"",""time"":""2025-06-06T09:23:03.096089839Z""}"
2025-06-06T09:23:03.095938931Z,1674984183095938931,33.33.33.76,ts-basic-service-5dc8d4f9fd-46997,server,be4c7a66156e6a057958e50daa319846,dac0fa7782e7ec35,"{""log"":""17:23:03.095 INFO  f.m.c.BasicController#45 TraceID: be4c7a66156e6a057958e50daa319846 SpanID: dac0fa7782e7ec35 [queryForTravels][Query for travels][Travels: [Travel(trip=Trip(id=015fd636-861e-4714-9347-2efbb1a98f37, tripId=G1234, trainTypeName=GaoTieOne, routeId=92708982-77af-4318-be25-57ccb0ff69ad, startStationName=shanghai, stationsName=suzhou, terminalStationName=taiyuan, startTime=2013-05-04 09:00:00, endTime=2013-05-04 15:51:52), startPlace=shanghai, endPlace=suzhou, departureTime=2023-01-29 15:38:06), Travel(trip=Trip(id=38893061-3fd2-4ac4-bbc9-f0d727f83d6f, tripId=G1235, trainTypeName=GaoTieOne, routeId=aefcef3f-3f42-46e8-afd7-6cb2a928bd3d, startStationName=shanghai, stationsName=suzhou, terminalStationName=taiyuan, startTime=2013-05-04 12:00:00, endTime=2013-05-04 17:51:52), startPlace=shanghai, endPlace=suzhou, departureTime=2023-01-29 15:38:06), Travel(trip=Trip(id=cfcf2553-3371-42c5-b583-a3c4bb8ef505, tripId=G1236, trainTypeName=GaoTieOne, routeId=a3f256c1-0e43-4f7d-9c21-121bf258101f, startStationName=shanghai, stationsName=suzhou, terminalStationName=taiyuan, startTime=2013-05-04 14:00:00, endTime=2013-05-04 20:51:52), startPlace=shanghai, endPlace=suzhou, departureTime=2023-01-29 15:38:06), Travel(trip=Trip(id=a71c2e28-22c2-4b7f-90cf-715a7f4b35b4, tripId=G1237, trainTypeName=GaoTieTwo, routeId=084837bb-53c8-4438-87c8-0321a4d09917, startStationName=shanghai, stationsName=suzhou, terminalStationName=taiyuan, startTime=2013-05-04 08:00:00, endTime=2013-05-04 17:21:52), startPlace=shanghai, endPlace=suzhou, departureTime=2023-01-29 15:38:06), Travel(trip=Trip(id=465eec52-1bc7-4d8b-8c38-e8f210bb3a77, tripId=D1345, trainTypeName=DongCheOne, routeId=f3d4d4ef-693b-4456-8eed-59c0d717dd08, startStationName=shanghai, stationsName=suzhou, terminalStationName=taiyuan, startTime=2013-05-04 07:00:00, endTime=2013-05-04 19:59:52), startPlace=shanghai, endPlace=suzhou, departureTime=2023-01-29 15:38:06)]]\n"",""stream"":""stdout"",""time"":""2025-06-06T09:23:03.095938931Z""}"
2025-06-06T09:22:08.555975266Z,1674984128555975266,33.33.33.155,ts-verification-code-service-7b6dc75c45-2z9p2,server,a0d80a44d4465d537f863d6ff77acfc8,22005f21c308d8f7,"{""log"":""17:22:08.555 INFO  v.c.VerifyCodeController#54 TraceID: a0d80a44d4465d537f863d6ff77acfc8 SpanID: 22005f21c308d8f7 [verifyCode][verify result: false]\n"",""stream"":""stdout"",""time"":""2025-06-06T09:22:08.555975266Z""}"
2025-06-06T09:22:08.555808138Z,1674984128555808138,33.33.33.155,ts-verification-code-service-7b6dc75c45-2z9p2,server,a0d80a44d4465d537f863d6ff77acfc8,22005f21c308d8f7,"{""log"":""17:22:08.555 INFO  v.s.i.VerifyCodeServiceImpl#132 TraceID: a0d80a44d4465d537f863d6ff77acfc8 SpanID: 22005f21c308d8f7 [verifyCode]GET Code By cookieId\n"",""stream"":""stdout"",""time"":""2025-06-06T09:22:08.555808138Z""}"
2025-06-06T09:22:08.555654843Z,1674984128555654843,33.33.33.155,ts-verification-code-service-7b6dc75c45-2z9p2,server,a0d80a44d4465d537f863d6ff77acfc8,22005f21c308d8f7,"{""log"":""17:22:08.555 WARN  v.s.i.VerifyCodeServiceImpl#114 TraceID: a0d80a44d4465d537f863d6ff77acfc8 SpanID: 22005f21c308d8f7 [verifyCode][Verify code start]\n"",""stream"":""stdout"",""time"":""2025-06-06T09:22:08.555654843Z""}"
2025-06-06T09:22:08.555499804Z,1674984128555499804,33.33.33.155,ts-verification-code-service-7b6dc75c45-2z9p2,server,a0d80a44d4465d537f863d6ff77acfc8,22005f21c308d8f7,"{""log"":""17:22:08.555 INFO  v.c.VerifyCodeController#51 TraceID: a0d80a44d4465d537f863d6ff77acfc8 SpanID: 22005f21c308d8f7 [verifyCode][receivedCode: 1234]\n"",""stream"":""stdout"",""time"":""2025-06-06T09:22:08.555499804Z""}"
2025-06-06T09:22:08.708436262Z,1674984128708436262,33.33.33.155,ts-auth-service-7f8d7d756d-k7b9j,server,a0d80a44d4465d537f863d6ff77acfc8,2faef23d4095627f,"{""log"":""17:22:08.707 INFO  a.s.i.TokenServiceImpl#95 TraceID: a0d80a44d4465d537f863d6ff77acfc8 SpanID: 2faef23d4095627f [getToken][success][USER TOKEN: eyJhbGciOiJIUzI1NiJ9.eyJzdWIiOiJmZHNlX21pY3Jvc2VydmljZSIsInJvbGVzIjpbIlJPTEVfVVNFUiJdLCJpZCI6IjRkMmE0NmM3LTcxY2ItNGNmMS1iNWJiLWI2ODQwNmQ5ZGE2ZiIsImlhdCI6MTY3NDk4NDEyOCwiZXhwIjoxNjc0OTg3NzI4fQ.RjRMjqRBQ6QHX1jWeOrgwTfcq-fWEP8nOE-eb4lNDCA USER ID: 4d2a46c7-71cb-4cf1-b5bb-b68406d9da6f]\n"",""stream"":""stdout"",""time"":""2025-06-06T09:22:08.708436262Z""}"
2025-06-06T09:22:08.557571016Z,1674984128557571016,33.33.33.155,ts-auth-service-7f8d7d756d-k7b9j,server,a0d80a44d4465d537f863d6ff77acfc8,2faef23d4095627f,"{""log"":""17:22:08.557 INFO  a.s.UserDetailsServiceImpl#28 TraceID: a0d80a44d4465d537f863d6ff77acfc8 SpanID: 2faef23d4095627f [loadUserByUsername][load UsernamePasswordAuthenticationToken][username: fdse_microservice]\n"",""stream"":""stdout"",""time"":""2025-06-06T09:22:08.557571016Z""}"
2025-06-06T09:22:08.552459062Z,1674984128552459062,33.33.33.155,ts-auth-service-7f8d7d756d-k7b9j,server,a0d80a44d4465d537f863d6ff77acfc8,2faef23d4095627f,"{""log"":""17:22:08.552 INFO  a.c.UserController#43 TraceID: a0d80a44d4465d537f863d6ff77acfc8 SpanID: 2faef23d4095627f Login request of username: fdse_microservice\n"",""stream"":""stdout"",""time"":""2025-06-06T09:22:08.552459062Z""}"
2025-06-06T09:22:32.686467503Z,1674984152686467503,33.33.33.76,ts-order-service-5b67c48447-mv5hb,server,37d022da19cca6eb00deb9c4dd350b56,c17349dce8cc92a8,"{""log"":""17:22:32.686 INFO  o.s.OrderServiceImpl#324 TraceID: 37d022da19cca6eb00deb9c4dd350b56 SpanID: c17349dce8cc92a8 [modifyOrder][Modify order Success][OrderId: ad1fcf0a-52e3-4e84-b535-9a9a0a17873f]\n"",""stream"":""stdout"",""time"":""2025-06-06T09:22:32.686467503Z""}"
2025-06-06T09:22:32.652952188Z,1674984152652952188,33.33.33.76,ts-order-service-5b67c48447-mv5hb,server,37d022da19cca6eb00deb9c4dd350b56,c17349dce8cc92a8,"{""log"":""17:22:32.652 INFO  o.c.OrderController#108 TraceID: 37d022da19cca6eb00deb9c4dd350b56 SpanID: c17349dce8cc92a8 [modifyOrder][Modify Order Status][OrderId: ad1fcf0a-52e3-4e84-b535-9a9a0a17873f]\n"",""stream"":""stdout"",""time"":""2025-06-06T09:22:32.652952188Z""}"
2025-06-06T09:22:32.648454196Z,1674984152648454196,33.33.33.76,ts-order-service-5b67c48447-mv5hb,server,37d022da19cca6eb00deb9c4dd350b56,0321f950b04e9d97,"{""log"":""17:22:32.648 INFO  o.s.OrderServiceImpl#365 TraceID: 37d022da19cca6eb00deb9c4dd350b56 SpanID: 0321f950b04e9d97 [getOrderById][Get Order By ID Success][OrderId: ad1fcf0a-52e3-4e84-b535-9a9a0a17873f]\n"",""stream"":""stdout"",""time"":""2025-06-06T09:22:32.648454196Z""}"
2025-06-06T09:22:32.628750069Z,1674984152628750069,33.33.33.76,ts-order-service-5b67c48447-mv5hb,server,37d022da19cca6eb00deb9c4dd350b56,0321f950b04e9d97,"{""log"":""17:22:32.628 INFO  o.c.OrderController#100 TraceID: 37d022da19cca6eb00deb9c4dd350b56 SpanID: 0321f950b04e9d97 [getOrderById][Get Order By Id][OrderId: ad1fcf0a-52e3-4e84-b535-9a9a0a17873f]\n"",""stream"":""stdout"",""time"":""2025-06-06T09:22:32.628750069Z""}"
2025-06-06T09:22:32.650590371Z,1674984152650590371,33.33.33.115,ts-execute-service-775f544d9-zqvjb,server,37d022da19cca6eb00deb9c4dd350b56,c739284dfed441db,"{""log"":""17:22:32.650 INFO  e.s.ExecuteServiceImpl#137 TraceID: 37d022da19cca6eb00deb9c4dd350b56 SpanID: c739284dfed441db [Execute Service][Execute Order] Executing....\n"",""stream"":""stdout"",""time"":""2025-06-06T09:22:32.650590371Z""}"
2025-06-06T09:22:32.618189827Z,1674984152618189827,33.33.33.115,ts-execute-service-775f544d9-zqvjb,server,37d022da19cca6eb00deb9c4dd350b56,c739284dfed441db,"{""log"":""17:22:32.617 INFO  e.s.ExecuteServiceImpl#164 TraceID: 37d022da19cca6eb00deb9c4dd350b56 SpanID: c739284dfed441db [Execute Service][Get Order] Getting....\n"",""stream"":""stdout"",""time"":""2025-06-06T09:22:32.618189827Z""}"
2025-06-06T09:22:32.618063226Z,1674984152618063226,33.33.33.115,ts-execute-service-775f544d9-zqvjb,server,37d022da19cca6eb00deb9c4dd350b56,c739284dfed441db,"{""log"":""17:22:32.617 INFO  e.c.ExecuteControlller#41 TraceID: 37d022da19cca6eb00deb9c4dd350b56 SpanID: c739284dfed441db [collectTicket][Collect][Id: ad1fcf0a-52e3-4e84-b535-9a9a0a17873f]\n"",""stream"":""stdout"",""time"":""2025-06-06T09:22:32.618063226Z""}"
2025-06-06T09:22:50.936272243Z,1674984170936272243,33.33.33.155,ts-verification-code-service-7b6dc75c45-2z9p2,server,f5b4dcfa553500f815ce65f1a0abe596,29f186b44a5d8412,"{""log"":""17:22:50.936 INFO  v.c.VerifyCodeController#54 TraceID: f5b4dcfa553500f815ce65f1a0abe596 SpanID: 29f186b44a5d8412 [verifyCode][verify result: false]\n"",""stream"":""stdout"",""time"":""2025-06-06T09:22:50.936272243Z""}"
2025-06-06T09:22:50.936114384Z,1674984170936114384,33.33.33.155,ts-verification-code-service-7b6dc75c45-2z9p2,server,f5b4dcfa553500f815ce65f1a0abe596,29f186b44a5d8412,"{""log"":""17:22:50.935 INFO  v.s.i.VerifyCodeServiceImpl#132 TraceID: f5b4dcfa553500f815ce65f1a0abe596 SpanID: 29f186b44a5d8412 [verifyCode]GET Code By cookieId\n"",""stream"":""stdout"",""time"":""2025-06-06T09:22:50.936114384Z""}"
2025-06-06T09:22:50.935885658Z,1674984170935885658,33.33.33.155,ts-verification-code-service-7b6dc75c45-2z9p2,server,f5b4dcfa553500f815ce65f1a0abe596,29f186b44a5d8412,"{""log"":""17:22:50.935 WARN  v.s.i.VerifyCodeServiceImpl#114 TraceID: f5b4dcfa553500f815ce65f1a0abe596 SpanID: 29f186b44a5d8412 [verifyCode][Verify code start]\n"",""stream"":""stdout"",""time"":""2025-06-06T09:22:50.935885658Z""}"
2025-06-06T09:22:50.935725214Z,1674984170935725214,33.33.33.155,ts-verification-code-service-7b6dc75c45-2z9p2,server,f5b4dcfa553500f815ce65f1a0abe596,29f186b44a5d8412,"{""log"":""17:22:50.935 INFO  v.c.VerifyCodeController#51 TraceID: f5b4dcfa553500f815ce65f1a0abe596 SpanID: 29f186b44a5d8412 [verifyCode][receivedCode: 1234]\n"",""stream"":""stdout"",""time"":""2025-06-06T09:22:50.935725214Z""}"
2025-06-06T09:22:51.216863927Z,1674984171216863927,33.33.33.155,ts-auth-service-7f8d7d756d-k7b9j,server,f5b4dcfa553500f815ce65f1a0abe596,fc712218e549b9dc,"{""log"":""17:22:51.216 INFO  a.s.i.TokenServiceImpl#95 TraceID: f5b4dcfa553500f815ce65f1a0abe596 SpanID: fc712218e549b9dc [getToken][success][USER TOKEN: eyJhbGciOiJIUzI1NiJ9.eyJzdWIiOiJmZHNlX21pY3Jvc2VydmljZSIsInJvbGVzIjpbIlJPTEVfVVNFUiJdLCJpZCI6IjRkMmE0NmM3LTcxY2ItNGNmMS1iNWJiLWI2ODQwNmQ5ZGE2ZiIsImlhdCI6MTY3NDk4NDE3MSwiZXhwIjoxNjc0OTg3NzcxfQ.adgFxtsvkHi2knj_qLRsQawv5qsgneShLuRG4F09HbU USER ID: 4d2a46c7-71cb-4cf1-b5bb-b68406d9da6f]\n"",""stream"":""stdout"",""time"":""2025-06-06T09:22:51.216863927Z""}"
2025-06-06T09:22:50.938008958Z,1674984170938008958,33.33.33.155,ts-auth-service-7f8d7d756d-k7b9j,server,f5b4dcfa553500f815ce65f1a0abe596,fc712218e549b9dc,"{""log"":""17:22:50.937 INFO  a.s.UserDetailsServiceImpl#28 TraceID: f5b4dcfa553500f815ce65f1a0abe596 SpanID: fc712218e549b9dc [loadUserByUsername][load UsernamePasswordAuthenticationToken][username: fdse_microservice]\n"",""stream"":""stdout"",""time"":""2025-06-06T09:22:50.938008958Z""}"
2025-06-06T09:22:50.932159715Z,1674984170932159715,33.33.33.155,ts-auth-service-7f8d7d756d-k7b9j,server,f5b4dcfa553500f815ce65f1a0abe596,fc712218e549b9dc,"{""log"":""17:22:50.931 INFO  a.c.UserController#43 TraceID: f5b4dcfa553500f815ce65f1a0abe596 SpanID: fc712218e549b9dc Login request of username: fdse_microservice\n"",""stream"":""stdout"",""time"":""2025-06-06T09:22:50.932159715Z""}"
2025-06-06T09:22:50.84917395Z,1674984170849173950,33.33.33.155,ts-verification-code-service-7b6dc75c45-2z9p2,server,6fc57998c71c7a7738a5acc62b838b9c,e877b67e288afe63,"{""log"":""17:22:50.848 INFO  v.c.VerifyCodeController#54 TraceID: 6fc57998c71c7a7738a5acc62b838b9c SpanID: e877b67e288afe63 [verifyCode][verify result: false]\n"",""stream"":""stdout"",""time"":""2025-06-06T09:22:50.84917395Z""}"
2025-06-06T09:22:50.849064294Z,1674984170849064294,33.33.33.155,ts-verification-code-service-7b6dc75c45-2z9p2,server,6fc57998c71c7a7738a5acc62b838b9c,e877b67e288afe63,"{""log"":""17:22:50.848 INFO  v.s.i.VerifyCodeServiceImpl#132 TraceID: 6fc57998c71c7a7738a5acc62b838b9c SpanID: e877b67e288afe63 [verifyCode]GET Code By cookieId\n"",""stream"":""stdout"",""time"":""2025-06-06T09:22:50.849064294Z""}"
2025-06-06T09:22:50.848906099Z,1674984170848906099,33.33.33.155,ts-verification-code-service-7b6dc75c45-2z9p2,server,6fc57998c71c7a7738a5acc62b838b9c,e877b67e288afe63,"{""log"":""17:22:50.848 WARN  v.s.i.VerifyCodeServiceImpl#114 TraceID: 6fc57998c71c7a7738a5acc62b838b9c SpanID: e877b67e288afe63 [verifyCode][Verify code start]\n"",""stream"":""stdout"",""time"":""2025-06-06T09:22:50.848906099Z""}"
2025-06-06T09:22:50.84876396Z,1674984170848763960,33.33.33.155,ts-verification-code-service-7b6dc75c45-2z9p2,server,6fc57998c71c7a7738a5acc62b838b9c,e877b67e288afe63,"{""log"":""17:22:50.848 INFO  v.c.VerifyCodeController#51 TraceID: 6fc57998c71c7a7738a5acc62b838b9c SpanID: e877b67e288afe63 [verifyCode][receivedCode: 1234]\n"",""stream"":""stdout"",""time"":""2025-06-06T09:22:50.84876396Z""}"
2025-06-06T09:22:51.011679877Z,1674984171011679877,33.33.33.155,ts-auth-service-7f8d7d756d-k7b9j,server,6fc57998c71c7a7738a5acc62b838b9c,6b29dbd242208c91,"{""log"":""17:22:51.011 INFO  a.s.i.TokenServiceImpl#95 TraceID: 6fc57998c71c7a7738a5acc62b838b9c SpanID: 6b29dbd242208c91 [getToken][success][USER TOKEN: eyJhbGciOiJIUzI1NiJ9.eyJzdWIiOiJmZHNlX21pY3Jvc2VydmljZSIsInJvbGVzIjpbIlJPTEVfVVNFUiJdLCJpZCI6IjRkMmE0NmM3LTcxY2ItNGNmMS1iNWJiLWI2ODQwNmQ5ZGE2ZiIsImlhdCI6MTY3NDk4NDE3MSwiZXhwIjoxNjc0OTg3NzcxfQ.adgFxtsvkHi2knj_qLRsQawv5qsgneShLuRG4F09HbU USER ID: 4d2a46c7-71cb-4cf1-b5bb-b68406d9da6f]\n"",""stream"":""stdout"",""time"":""2025-06-06T09:22:51.011679877Z""}"
2025-06-06T09:22:50.851316044Z,1674984170851316044,33.33.33.155,ts-auth-service-7f8d7d756d-k7b9j,server,6fc57998c71c7a7738a5acc62b838b9c,6b29dbd242208c91,"{""log"":""17:22:50.850 INFO  a.s.UserDetailsServiceImpl#28 TraceID: 6fc57998c71c7a7738a5acc62b838b9c SpanID: 6b29dbd242208c91 [loadUserByUsername][load UsernamePasswordAuthenticationToken][username: fdse_microservice]\n"",""stream"":""stdout"",""time"":""2025-06-06T09:22:50.851316044Z""}"
2025-06-06T09:22:50.842570538Z,1674984170842570538,33.33.33.155,ts-auth-service-7f8d7d756d-k7b9j,server,6fc57998c71c7a7738a5acc62b838b9c,6b29dbd242208c91,"{""log"":""17:22:50.841 INFO  a.c.UserController#43 TraceID: 6fc57998c71c7a7738a5acc62b838b9c SpanID: 6b29dbd242208c91 Login request of username: fdse_microservice\n"",""stream"":""stdout"",""time"":""2025-06-06T09:22:50.842570538Z""}"
2025-06-06T09:22:56.940377186Z,1674984176940377186,33.33.33.76,ts-order-service-5b67c48447-mv5hb,server,2eb7eafa97c37db699135d2d17fcf46d,2920bad52d981a7b,"{""log"":""17:22:56.940 INFO  o.s.OrderServiceImpl#365 TraceID: 2eb7eafa97c37db699135d2d17fcf46d SpanID: 2920bad52d981a7b [getOrderById][Get Order By ID Success][OrderId: 305d6bc7-3d48-423d-b446-1361eac43da3]\n"",""stream"":""stdout"",""time"":""2025-06-06T09:22:56.940377186Z""}"
2025-06-06T09:22:56.936924888Z,1674984176936924888,33.33.33.76,ts-order-service-5b67c48447-mv5hb,server,2eb7eafa97c37db699135d2d17fcf46d,2920bad52d981a7b,"{""log"":""17:22:56.936 INFO  o.c.OrderController#100 TraceID: 2eb7eafa97c37db699135d2d17fcf46d SpanID: 2920bad52d981a7b [getOrderById][Get Order By Id][OrderId: 305d6bc7-3d48-423d-b446-1361eac43da3]\n"",""stream"":""stdout"",""time"":""2025-06-06T09:22:56.936924888Z""}"
2025-06-06T09:22:56.942005686Z,1674984176942005686,33.33.33.115,ts-execute-service-775f544d9-zqvjb,server,2eb7eafa97c37db699135d2d17fcf46d,75e4818d091313ac,"{""log"":""17:22:56.941 ERROR e.s.ExecuteServiceImpl#51 TraceID: 2eb7eafa97c37db699135d2d17fcf46d SpanID: 75e4818d091313ac [ticketExecute][getOrderByIdFromOrder][ticket execute error: Order Status Wrong][orderId: 305d6bc7-3d48-423d-b446-1361eac43da3]\n"",""stream"":""stdout"",""time"":""2025-06-06T09:22:56.942005686Z""}"
2025-06-06T09:22:56.932235652Z,1674984176932235652,33.33.33.115,ts-execute-service-775f544d9-zqvjb,server,2eb7eafa97c37db699135d2d17fcf46d,75e4818d091313ac,"{""log"":""17:22:56.932 INFO  e.s.ExecuteServiceImpl#164 TraceID: 2eb7eafa97c37db699135d2d17fcf46d SpanID: 75e4818d091313ac [Execute Service][Get Order] Getting....\n"",""stream"":""stdout"",""time"":""2025-06-06T09:22:56.932235652Z""}"
2025-06-06T09:22:56.932131742Z,1674984176932131742,33.33.33.115,ts-execute-service-775f544d9-zqvjb,server,2eb7eafa97c37db699135d2d17fcf46d,75e4818d091313ac,"{""log"":""17:22:56.931 INFO  e.c.ExecuteControlller#33 TraceID: 2eb7eafa97c37db699135d2d17fcf46d SpanID: 75e4818d091313ac [executeTicket][Execute][Id: 305d6bc7-3d48-423d-b446-1361eac43da3]\n"",""stream"":""stdout"",""time"":""2025-06-06T09:22:56.932131742Z""}"
2025-06-06T09:22:48.870349464Z,1674984168870349464,33.33.33.82,ts-payment-service-7fc6f5476f-cr76x,server,92f253711ff15b797035dec08451a7ce,82f734653d0773f0,"{""log"":""17:22:48.869 INFO  c.t.c.PaymentController#34 TraceID: 92f253711ff15b797035dec08451a7ce SpanID: 82f734653d0773f0 [pay][Pay][PaymentId: null]\n"",""stream"":""stdout"",""time"":""2025-06-06T09:22:48.870349464Z""}"
2025-06-06T09:22:48.921708505Z,1674984168921708505,33.33.33.155,ts-order-other-service-6cdbf9b4cc-h7mqk,server,92f253711ff15b797035dec08451a7ce,cee2b805f2ffd017,"{""log"":""17:22:48.921 INFO  o.s.OrderOtherServiceImpl#342 TraceID: 92f253711ff15b797035dec08451a7ce SpanID: cee2b805f2ffd017 [modifyOrder][Modify order Success][OrderId: 199e2ee4-e9b8-4584-9877-9a2c3e5e1c54]\n"",""stream"":""stdout"",""time"":""2025-06-06T09:22:48.921708505Z""}"
2025-06-06T09:22:48.916274918Z,1674984168916274918,33.33.33.155,ts-order-other-service-6cdbf9b4cc-h7mqk,server,92f253711ff15b797035dec08451a7ce,cee2b805f2ffd017,"{""log"":""17:22:48.915 INFO  o.c.OrderOtherController#110 TraceID: 92f253711ff15b797035dec08451a7ce SpanID: cee2b805f2ffd017 [modifyOrder][Modify Order Status][Order Id: 199e2ee4-e9b8-4584-9877-9a2c3e5e1c54]\n"",""stream"":""stdout"",""time"":""2025-06-06T09:22:48.916274918Z""}"
2025-06-06T09:22:48.611481184Z,1674984168611481184,33.33.33.155,ts-order-other-service-6cdbf9b4cc-h7mqk,server,92f253711ff15b797035dec08451a7ce,f4b66cd9ea59e441,"{""log"":""17:22:48.611 INFO  o.s.OrderOtherServiceImpl#384 TraceID: 92f253711ff15b797035dec08451a7ce SpanID: f4b66cd9ea59e441 [getOrderById][Get Order By ID Success][OrderId: 199e2ee4-e9b8-4584-9877-9a2c3e5e1c54]\n"",""stream"":""stdout"",""time"":""2025-06-06T09:22:48.611481184Z""}"
2025-06-06T09:22:48.60831988Z,1674984168608319880,33.33.33.155,ts-order-other-service-6cdbf9b4cc-h7mqk,server,92f253711ff15b797035dec08451a7ce,f4b66cd9ea59e441,"{""log"":""17:22:48.607 INFO  o.c.OrderOtherController#103 TraceID: 92f253711ff15b797035dec08451a7ce SpanID: f4b66cd9ea59e441 [getOrderById][Get Order By Id][Order Id: 199e2ee4-e9b8-4584-9877-9a2c3e5e1c54]\n"",""stream"":""stdout"",""time"":""2025-06-06T09:22:48.60831988Z""}"
2025-06-06T09:22:48.889634779Z,1674984168889634779,33.33.33.80,ts-inside-payment-service-6f94c49ccd-4rdb2,server,92f253711ff15b797035dec08451a7ce,4fc0d049cf1ca4e4,"{""log"":""17:22:48.888 INFO  i.s.InsidePaymentServiceImpl#117 TraceID: 92f253711ff15b797035dec08451a7ce SpanID: 4fc0d049cf1ca4e4 [Inside Payment Service.pay][outside Pay][Out pay result: Response(status=1, msg=Pay Success, data=null)]\n"",""stream"":""stdout"",""time"":""2025-06-06T09:22:48.889634779Z""}"
2025-06-06T09:22:48.598325796Z,1674984168598325796,33.33.33.80,ts-inside-payment-service-6f94c49ccd-4rdb2,server,92f253711ff15b797035dec08451a7ce,4fc0d049cf1ca4e4,"{""log"":""17:22:48.596 INFO  i.c.InsidePaymentController#33 TraceID: 92f253711ff15b797035dec08451a7ce SpanID: 4fc0d049cf1ca4e4 [pay][Inside Payment Service.Pay][Pay for: 199e2ee4-e9b8-4584-9877-9a2c3e5e1c54]\n"",""stream"":""stdout"",""time"":""2025-06-06T09:22:48.598325796Z""}"
2025-06-06T09:23:03.533757271Z,1674984183533757271,33.33.33.76,ts-order-service-5b67c48447-mv5hb,server,c89b8754914a5440e9ded4e68ae50458,a9c82dcc9b952084,"{""log"":""17:23:03.533 WARN  o.s.OrderServiceImpl#361 TraceID: c89b8754914a5440e9ded4e68ae50458 SpanID: a9c82dcc9b952084 [getOrderById][Get Order By ID Fail][Order not found][OrderId: 40f6493b-75c0-49a2-a872-ecb6f41f4789]\n"",""stream"":""stdout"",""time"":""2025-06-06T09:23:03.533757271Z""}"
2025-06-06T09:23:03.529713709Z,1674984183529713709,33.33.33.76,ts-order-service-5b67c48447-mv5hb,server,c89b8754914a5440e9ded4e68ae50458,a9c82dcc9b952084,"{""log"":""17:23:03.529 INFO  o.c.OrderController#100 TraceID: c89b8754914a5440e9ded4e68ae50458 SpanID: a9c82dcc9b952084 [getOrderById][Get Order By Id][OrderId: 40f6493b-75c0-49a2-a872-ecb6f41f4789]\n"",""stream"":""stdout"",""time"":""2025-06-06T09:23:03.529713709Z""}"
2025-06-06T09:23:03.628524271Z,1674984183628524271,33.33.33.155,ts-order-other-service-6cdbf9b4cc-h7mqk,server,c89b8754914a5440e9ded4e68ae50458,c2036d0dbf9b88ac,"{""log"":""17:23:03.628 INFO  o.s.OrderOtherServiceImpl#263 TraceID: c89b8754914a5440e9ded4e68ae50458 SpanID: c2036d0dbf9b88ac [saveChanges][Modify Order Success][OrderId: 40f6493b-75c0-49a2-a872-ecb6f41f4789]\n"",""stream"":""stdout"",""time"":""2025-06-06T09:23:03.628524271Z""}"
2025-06-06T09:23:03.622672077Z,1674984183622672077,33.33.33.155,ts-order-other-service-6cdbf9b4cc-h7mqk,server,c89b8754914a5440e9ded4e68ae50458,c2036d0dbf9b88ac,"{""log"":""17:23:03.622 INFO  o.c.OrderOtherController#127 TraceID: c89b8754914a5440e9ded4e68ae50458 SpanID: c2036d0dbf9b88ac [saveChanges][Save Order Info][OrderId:40f6493b-75c0-49a2-a872-ecb6f41f4789]\n"",""stream"":""stdout"",""time"":""2025-06-06T09:23:03.622672077Z""}"
2025-06-06T09:23:03.614446373Z,1674984183614446373,33.33.33.155,ts-order-other-service-6cdbf9b4cc-h7mqk,server,c89b8754914a5440e9ded4e68ae50458,b9f5fcab2fbdeeae,"{""log"":""17:23:03.614 INFO  o.s.OrderOtherServiceImpl#384 TraceID: c89b8754914a5440e9ded4e68ae50458 SpanID: b9f5fcab2fbdeeae [getOrderById][Get Order By ID Success][OrderId: 40f6493b-75c0-49a2-a872-ecb6f41f4789]\n"",""stream"":""stdout"",""time"":""2025-06-06T09:23:03.614446373Z""}"
2025-06-06T09:23:03.611769726Z,1674984183611769726,33.33.33.155,ts-order-other-service-6cdbf9b4cc-h7mqk,server,c89b8754914a5440e9ded4e68ae50458,b9f5fcab2fbdeeae,"{""log"":""17:23:03.611 INFO  o.c.OrderOtherController#103 TraceID: c89b8754914a5440e9ded4e68ae50458 SpanID: b9f5fcab2fbdeeae [getOrderById][Get Order By Id][Order Id: 40f6493b-75c0-49a2-a872-ecb6f41f4789]\n"",""stream"":""stdout"",""time"":""2025-06-06T09:23:03.611769726Z""}"
2025-06-06T09:23:03.647759735Z,1674984183647759735,33.33.33.80,ts-inside-payment-service-6f94c49ccd-4rdb2,server,c89b8754914a5440e9ded4e68ae50458,fe185878f942d9a5,"{""log"":""17:23:03.646 INFO  i.c.InsidePaymentController#64 TraceID: c89b8754914a5440e9ded4e68ae50458 SpanID: fe185878f942d9a5 [drawBack][draw back payment][userId: 4d2a46c7-71cb-4cf1-b5bb-b68406d9da6f, money: 98.00]\n"",""stream"":""stdout"",""time"":""2025-06-06T09:23:03.647759735Z""}"
2025-06-06T09:23:03.713717098Z,1674984183713717098,33.33.33.80,ts-cancel-service-756f6c4675-vhtvd,server,c89b8754914a5440e9ded4e68ae50458,c0eb060a9075f846,"{""log"":""17:23:03.712 INFO  c.s.CancelServiceImpl#123 TraceID: c89b8754914a5440e9ded4e68ae50458 SpanID: c0eb060a9075f846 [cancelOrder][Draw Back Money Success]\n"",""stream"":""stdout"",""time"":""2025-06-06T09:23:03.713717098Z""}"
2025-06-06T09:23:03.633903796Z,1674984183633903796,33.33.33.80,ts-cancel-service-756f6c4675-vhtvd,server,c89b8754914a5440e9ded4e68ae50458,c0eb060a9075f846,"{""log"":""17:23:03.633 INFO  c.s.CancelServiceImpl#279 TraceID: c89b8754914a5440e9ded4e68ae50458 SpanID: c0eb060a9075f846 [drawbackMoney][Draw Back Money]\n"",""stream"":""stdout"",""time"":""2025-06-06T09:23:03.633903796Z""}"
2025-06-06T09:23:03.633566451Z,1674984183633566451,33.33.33.80,ts-cancel-service-756f6c4675-vhtvd,server,c89b8754914a5440e9ded4e68ae50458,c0eb060a9075f846,"{""log"":""17:23:03.633 INFO  c.s.CancelServiceImpl#232 TraceID: c89b8754914a5440e9ded4e68ae50458 SpanID: c0eb060a9075f846 [calculateRefund][calculate refund][refund: 98.00]\n"",""stream"":""stdout"",""time"":""2025-06-06T09:23:03.633566451Z""}"
2025-06-06T09:23:03.632825066Z,1674984183632825066,33.33.33.80,ts-cancel-service-756f6c4675-vhtvd,server,c89b8754914a5440e9ded4e68ae50458,c0eb060a9075f846,"{""log"":""17:23:03.632 INFO  c.s.CancelServiceImpl#223 TraceID: c89b8754914a5440e9ded4e68ae50458 SpanID: c0eb060a9075f846 [calculateRefund][Cancel Order][startTime: Mon Jan 29 09:51:52 CST 3923]\n"",""stream"":""stdout"",""time"":""2025-06-06T09:23:03.632825066Z""}"
2025-06-06T09:23:03.63240923Z,1674984183632409230,33.33.33.80,ts-cancel-service-756f6c4675-vhtvd,server,c89b8754914a5440e9ded4e68ae50458,c0eb060a9075f846,"{""log"":""17:23:03.631 INFO  c.s.CancelServiceImpl#222 TraceID: c89b8754914a5440e9ded4e68ae50458 SpanID: c0eb060a9075f846 [calculateRefund][Cancel Order][nowDate  : Sun Jan 29 17:23:03 CST 2023]\n"",""stream"":""stdout"",""time"":""2025-06-06T09:23:03.63240923Z""}"
2025-06-06T09:23:03.631394555Z,1674984183631394555,33.33.33.80,ts-cancel-service-756f6c4675-vhtvd,server,c89b8754914a5440e9ded4e68ae50458,c0eb060a9075f846,"{""log"":""17:23:03.630 INFO  c.s.CancelServiceImpl#204 TraceID: c89b8754914a5440e9ded4e68ae50458 SpanID: c0eb060a9075f846 [calculateRefund][Cancel Order][Order Travel Date: 2023-01-29]\n"",""stream"":""stdout"",""time"":""2025-06-06T09:23:03.631394555Z""}"
2025-06-06T09:23:03.631002204Z,1674984183631002204,33.33.33.80,ts-cancel-service-756f6c4675-vhtvd,server,c89b8754914a5440e9ded4e68ae50458,c0eb060a9075f846,"{""log"":""17:23:03.630 INFO  c.s.CancelServiceImpl#118 TraceID: c89b8754914a5440e9ded4e68ae50458 SpanID: c0eb060a9075f846 [cancelOrder][Cancel Order Success]\n"",""stream"":""stdout"",""time"":""2025-06-06T09:23:03.631002204Z""}"
2025-06-06T09:23:03.618454891Z,1674984183618454891,33.33.33.80,ts-cancel-service-756f6c4675-vhtvd,server,c89b8754914a5440e9ded4e68ae50458,c0eb060a9075f846,"{""log"":""17:23:03.617 INFO  c.s.CancelServiceImpl#264 TraceID: c89b8754914a5440e9ded4e68ae50458 SpanID: c0eb060a9075f846 [cancelFromOtherOrder][Change Order Status]\n"",""stream"":""stdout"",""time"":""2025-06-06T09:23:03.618454891Z""}"
2025-06-06T09:23:03.618130477Z,1674984183618130477,33.33.33.80,ts-cancel-service-756f6c4675-vhtvd,server,c89b8754914a5440e9ded4e68ae50458,c0eb060a9075f846,"{""log"":""17:23:03.617 INFO  c.s.CancelServiceImpl#112 TraceID: c89b8754914a5440e9ded4e68ae50458 SpanID: c0eb060a9075f846 [cancelOrder][Cancel Order, Order status ok]\n"",""stream"":""stdout"",""time"":""2025-06-06T09:23:03.618130477Z""}"
2025-06-06T09:23:03.61778931Z,1674984183617789310,33.33.33.80,ts-cancel-service-756f6c4675-vhtvd,server,c89b8754914a5440e9ded4e68ae50458,c0eb060a9075f846,"{""log"":""17:23:03.617 INFO  c.s.CancelServiceImpl#106 TraceID: c89b8754914a5440e9ded4e68ae50458 SpanID: c0eb060a9075f846 [cancelOrder][Cancel Order, Order found Z|K|Other]\n"",""stream"":""stdout"",""time"":""2025-06-06T09:23:03.61778931Z""}"
2025-06-06T09:23:03.538578624Z,1674984183538578624,33.33.33.80,ts-cancel-service-756f6c4675-vhtvd,server,c89b8754914a5440e9ded4e68ae50458,c0eb060a9075f846,"{""log"":""17:23:03.537 INFO  c.s.CancelServiceImpl#323 TraceID: c89b8754914a5440e9ded4e68ae50458 SpanID: c0eb060a9075f846 [getOrderByIdFromOrderOther][Get Order][orderId: 40f6493b-75c0-49a2-a872-ecb6f41f4789]\n"",""stream"":""stdout"",""time"":""2025-06-06T09:23:03.538578624Z""}"
2025-06-06T09:23:03.514903436Z,1674984183514903436,33.33.33.80,ts-cancel-service-756f6c4675-vhtvd,server,c89b8754914a5440e9ded4e68ae50458,c0eb060a9075f846,"{""log"":""17:23:03.514 INFO  c.s.CancelServiceImpl#309 TraceID: c89b8754914a5440e9ded4e68ae50458 SpanID: c0eb060a9075f846 [getOrderByIdFromOrder][Get Order][orderId: 40f6493b-75c0-49a2-a872-ecb6f41f4789]\n"",""stream"":""stdout"",""time"":""2025-06-06T09:23:03.514903436Z""}"
2025-06-06T09:23:03.51461904Z,1674984183514619040,33.33.33.80,ts-cancel-service-756f6c4675-vhtvd,server,c89b8754914a5440e9ded4e68ae50458,c0eb060a9075f846,"{""log"":""17:23:03.513 INFO  c.c.CancelController#46 TraceID: c89b8754914a5440e9ded4e68ae50458 SpanID: c0eb060a9075f846 [cancelTicket][Cancel Ticket, Verify Success]\n"",""stream"":""stdout"",""time"":""2025-06-06T09:23:03.51461904Z""}"
2025-06-06T09:23:03.514354215Z,1674984183514354215,33.33.33.80,ts-cancel-service-756f6c4675-vhtvd,server,c89b8754914a5440e9ded4e68ae50458,c0eb060a9075f846,"{""log"":""17:23:03.512 INFO  c.c.CancelController#44 TraceID: c89b8754914a5440e9ded4e68ae50458 SpanID: c0eb060a9075f846 [cancelTicket][Cancel Ticket][info: 40f6493b-75c0-49a2-a872-ecb6f41f4789]\n"",""stream"":""stdout"",""time"":""2025-06-06T09:23:03.514354215Z""}"
2025-06-06T09:22:31.023112038Z,1674984151023112038,33.33.33.82,ts-payment-service-7fc6f5476f-cr76x,server,995dde1aee17a6e563d54996921be2aa,3dd8f82a0aaf9eeb,"{""log"":""17:22:31.021 INFO  c.t.c.PaymentController#34 TraceID: 995dde1aee17a6e563d54996921be2aa SpanID: 3dd8f82a0aaf9eeb [pay][Pay][PaymentId: null]\n"",""stream"":""stdout"",""time"":""2025-06-06T09:22:31.023112038Z""}"
2025-06-06T09:22:31.096071776Z,1674984151096071776,33.33.33.76,ts-order-service-5b67c48447-mv5hb,server,995dde1aee17a6e563d54996921be2aa,4203bbb8e85c1b42,"{""log"":""17:22:31.095 INFO  o.s.OrderServiceImpl#324 TraceID: 995dde1aee17a6e563d54996921be2aa SpanID: 4203bbb8e85c1b42 [modifyOrder][Modify order Success][OrderId: ad1fcf0a-52e3-4e84-b535-9a9a0a17873f]\n"",""stream"":""stdout"",""time"":""2025-06-06T09:22:31.096071776Z""}"
2025-06-06T09:22:31.086252639Z,1674984151086252639,33.33.33.76,ts-order-service-5b67c48447-mv5hb,server,995dde1aee17a6e563d54996921be2aa,4203bbb8e85c1b42,"{""log"":""17:22:31.085 INFO  o.c.OrderController#108 TraceID: 995dde1aee17a6e563d54996921be2aa SpanID: 4203bbb8e85c1b42 [modifyOrder][Modify Order Status][OrderId: ad1fcf0a-52e3-4e84-b535-9a9a0a17873f]\n"",""stream"":""stdout"",""time"":""2025-06-06T09:22:31.086252639Z""}"
2025-06-06T09:23:06.445915528Z,1674984186445915528,33.33.33.76,ts-order-service-5b67c48447-mv5hb,server,0f93311b9f55672b68a7a29fb85c7fdf,aa7f15168f58fbc7,"{""log"":""17:23:06.445 WARN  o.s.OrderServiceImpl#361 TraceID: 0f93311b9f55672b68a7a29fb85c7fdf SpanID: aa7f15168f58fbc7 [getOrderById][Get Order By ID Fail][Order not found][OrderId: f0a59a13-2603-4b6e-b948-df296b847e25]\n"",""stream"":""stdout"",""time"":""2025-06-06T09:23:06.445915528Z""}"
2025-06-06T09:22:30.93447531Z,1674984150934475310,33.33.33.76,ts-order-service-5b67c48447-mv5hb,server,995dde1aee17a6e563d54996921be2aa,28177aea613efa90,"{""log"":""17:22:30.905 INFO  o.s.OrderServiceImpl#365 TraceID: 995dde1aee17a6e563d54996921be2aa SpanID: 28177aea613efa90 [getOrderById][Get Order By ID Success][OrderId: ad1fcf0a-52e3-4e84-b535-9a9a0a17873f]\n"",""stream"":""stdout"",""time"":""2025-06-06T09:22:30.93447531Z""}"
2025-06-06T09:23:06.442213544Z,1674984186442213544,33.33.33.76,ts-order-service-5b67c48447-mv5hb,server,0f93311b9f55672b68a7a29fb85c7fdf,aa7f15168f58fbc7,"{""log"":""17:23:06.441 INFO  o.c.OrderController#100 TraceID: 0f93311b9f55672b68a7a29fb85c7fdf SpanID: aa7f15168f58fbc7 [getOrderById][Get Order By Id][OrderId: f0a59a13-2603-4b6e-b948-df296b847e25]\n"",""stream"":""stdout"",""time"":""2025-06-06T09:23:06.442213544Z""}"
2025-06-06T09:22:30.90203361Z,1674984150902033610,33.33.33.76,ts-order-service-5b67c48447-mv5hb,server,995dde1aee17a6e563d54996921be2aa,28177aea613efa90,"{""log"":""17:22:30.901 INFO  o.c.OrderController#100 TraceID: 995dde1aee17a6e563d54996921be2aa SpanID: 28177aea613efa90 [getOrderById][Get Order By Id][OrderId: ad1fcf0a-52e3-4e84-b535-9a9a0a17873f]\n"",""stream"":""stdout"",""time"":""2025-06-06T09:22:30.90203361Z""}"
2025-06-06T09:23:06.519730792Z,1674984186519730792,33.33.33.155,ts-order-other-service-6cdbf9b4cc-h7mqk,server,0f93311b9f55672b68a7a29fb85c7fdf,5d6ae253b2892bfa,"{""log"":""17:23:06.519 INFO  o.s.OrderOtherServiceImpl#263 TraceID: 0f93311b9f55672b68a7a29fb85c7fdf SpanID: 5d6ae253b2892bfa [saveChanges][Modify Order Success][OrderId: f0a59a13-2603-4b6e-b948-df296b847e25]\n"",""stream"":""stdout"",""time"":""2025-06-06T09:23:06.519730792Z""}"
2025-06-06T09:22:31.064867302Z,1674984151064867302,33.33.33.80,ts-inside-payment-service-6f94c49ccd-4rdb2,server,995dde1aee17a6e563d54996921be2aa,cc57ce89dcec2006,"{""log"":""17:22:31.064 INFO  i.s.InsidePaymentServiceImpl#117 TraceID: 995dde1aee17a6e563d54996921be2aa SpanID: cc57ce89dcec2006 [Inside Payment Service.pay][outside Pay][Out pay result: Response(status=1, msg=Pay Success, data=null)]\n"",""stream"":""stdout"",""time"":""2025-06-06T09:22:31.064867302Z""}"
2025-06-06T09:23:06.513275384Z,1674984186513275384,33.33.33.155,ts-order-other-service-6cdbf9b4cc-h7mqk,server,0f93311b9f55672b68a7a29fb85c7fdf,5d6ae253b2892bfa,"{""log"":""17:23:06.512 INFO  o.c.OrderOtherController#127 TraceID: 0f93311b9f55672b68a7a29fb85c7fdf SpanID: 5d6ae253b2892bfa [saveChanges][Save Order Info][OrderId:f0a59a13-2603-4b6e-b948-df296b847e25]\n"",""stream"":""stdout"",""time"":""2025-06-06T09:23:06.513275384Z""}"
2025-06-06T09:22:30.893545727Z,1674984150893545727,33.33.33.80,ts-inside-payment-service-6f94c49ccd-4rdb2,server,995dde1aee17a6e563d54996921be2aa,cc57ce89dcec2006,"{""log"":""17:22:30.892 INFO  i.c.InsidePaymentController#33 TraceID: 995dde1aee17a6e563d54996921be2aa SpanID: cc57ce89dcec2006 [pay][Inside Payment Service.Pay][Pay for: ad1fcf0a-52e3-4e84-b535-9a9a0a17873f]\n"",""stream"":""stdout"",""time"":""2025-06-06T09:22:30.893545727Z""}"
2025-06-06T09:23:06.457044334Z,1674984186457044334,33.33.33.155,ts-order-other-service-6cdbf9b4cc-h7mqk,server,0f93311b9f55672b68a7a29fb85c7fdf,b34aec8086906f3d,"{""log"":""17:23:06.456 INFO  o.s.OrderOtherServiceImpl#384 TraceID: 0f93311b9f55672b68a7a29fb85c7fdf SpanID: b34aec8086906f3d [getOrderById][Get Order By ID Success][OrderId: f0a59a13-2603-4b6e-b948-df296b847e25]\n"",""stream"":""stdout"",""time"":""2025-06-06T09:23:06.457044334Z""}"
2025-06-06T09:23:06.454439938Z,1674984186454439938,33.33.33.155,ts-order-other-service-6cdbf9b4cc-h7mqk,server,0f93311b9f55672b68a7a29fb85c7fdf,b34aec8086906f3d,"{""log"":""17:23:06.453 INFO  o.c.OrderOtherController#103 TraceID: 0f93311b9f55672b68a7a29fb85c7fdf SpanID: b34aec8086906f3d [getOrderById][Get Order By Id][Order Id: f0a59a13-2603-4b6e-b948-df296b847e25]\n"",""stream"":""stdout"",""time"":""2025-06-06T09:23:06.454439938Z""}"
2025-06-06T09:23:06.534774743Z,1674984186534774743,33.33.33.80,ts-inside-payment-service-6f94c49ccd-4rdb2,server,0f93311b9f55672b68a7a29fb85c7fdf,c5e5c7a38e7afe93,"{""log"":""17:23:06.533 INFO  i.c.InsidePaymentController#64 TraceID: 0f93311b9f55672b68a7a29fb85c7fdf SpanID: c5e5c7a38e7afe93 [drawBack][draw back payment][userId: 4d2a46c7-71cb-4cf1-b5bb-b68406d9da6f, money: 280.00]\n"",""stream"":""stdout"",""time"":""2025-06-06T09:23:06.534774743Z""}"
2025-06-06T09:23:06.551683452Z,1674984186551683452,33.33.33.80,ts-cancel-service-756f6c4675-vhtvd,server,0f93311b9f55672b68a7a29fb85c7fdf,dbd17b300d3dbe24,"{""log"":""17:23:06.550 INFO  c.s.CancelServiceImpl#123 TraceID: 0f93311b9f55672b68a7a29fb85c7fdf SpanID: dbd17b300d3dbe24 [cancelOrder][Draw Back Money Success]\n"",""stream"":""stdout"",""time"":""2025-06-06T09:23:06.551683452Z""}"
2025-06-06T09:23:06.524203291Z,1674984186524203291,33.33.33.80,ts-cancel-service-756f6c4675-vhtvd,server,0f93311b9f55672b68a7a29fb85c7fdf,dbd17b300d3dbe24,"{""log"":""17:23:06.523 INFO  c.s.CancelServiceImpl#279 TraceID: 0f93311b9f55672b68a7a29fb85c7fdf SpanID: dbd17b300d3dbe24 [drawbackMoney][Draw Back Money]\n"",""stream"":""stdout"",""time"":""2025-06-06T09:23:06.524203291Z""}"
2025-06-06T09:23:06.523871133Z,1674984186523871133,33.33.33.80,ts-cancel-service-756f6c4675-vhtvd,server,0f93311b9f55672b68a7a29fb85c7fdf,dbd17b300d3dbe24,"{""log"":""17:23:06.523 INFO  c.s.CancelServiceImpl#232 TraceID: 0f93311b9f55672b68a7a29fb85c7fdf SpanID: dbd17b300d3dbe24 [calculateRefund][calculate refund][refund: 280.00]\n"",""stream"":""stdout"",""time"":""2025-06-06T09:23:06.523871133Z""}"
2025-06-06T09:23:06.52338048Z,1674984186523380480,33.33.33.80,ts-cancel-service-756f6c4675-vhtvd,server,0f93311b9f55672b68a7a29fb85c7fdf,dbd17b300d3dbe24,"{""log"":""17:23:06.522 INFO  c.s.CancelServiceImpl#223 TraceID: 0f93311b9f55672b68a7a29fb85c7fdf SpanID: dbd17b300d3dbe24 [calculateRefund][Cancel Order][startTime: Mon Jan 29 09:51:52 CST 3923]\n"",""stream"":""stdout"",""time"":""2025-06-06T09:23:06.52338048Z""}"
2025-06-06T09:23:06.523006952Z,1674984186523006952,33.33.33.80,ts-cancel-service-756f6c4675-vhtvd,server,0f93311b9f55672b68a7a29fb85c7fdf,dbd17b300d3dbe24,"{""log"":""17:23:06.522 INFO  c.s.CancelServiceImpl#222 TraceID: 0f93311b9f55672b68a7a29fb85c7fdf SpanID: dbd17b300d3dbe24 [calculateRefund][Cancel Order][nowDate  : Sun Jan 29 17:23:06 CST 2023]\n"",""stream"":""stdout"",""time"":""2025-06-06T09:23:06.523006952Z""}"
2025-06-06T09:23:06.522300352Z,1674984186522300352,33.33.33.80,ts-cancel-service-756f6c4675-vhtvd,server,0f93311b9f55672b68a7a29fb85c7fdf,dbd17b300d3dbe24,"{""log"":""17:23:06.521 INFO  c.s.CancelServiceImpl#204 TraceID: 0f93311b9f55672b68a7a29fb85c7fdf SpanID: dbd17b300d3dbe24 [calculateRefund][Cancel Order][Order Travel Date: 2023-01-29]\n"",""stream"":""stdout"",""time"":""2025-06-06T09:23:06.522300352Z""}"
2025-06-06T09:23:06.521976173Z,1674984186521976173,33.33.33.80,ts-cancel-service-756f6c4675-vhtvd,server,0f93311b9f55672b68a7a29fb85c7fdf,dbd17b300d3dbe24,"{""log"":""17:23:06.521 INFO  c.s.CancelServiceImpl#118 TraceID: 0f93311b9f55672b68a7a29fb85c7fdf SpanID: dbd17b300d3dbe24 [cancelOrder][Cancel Order Success]\n"",""stream"":""stdout"",""time"":""2025-06-06T09:23:06.521976173Z""}"
2025-06-06T09:23:06.509340865Z,1674984186509340865,33.33.33.80,ts-cancel-service-756f6c4675-vhtvd,server,0f93311b9f55672b68a7a29fb85c7fdf,dbd17b300d3dbe24,"{""log"":""17:23:06.508 INFO  c.s.CancelServiceImpl#264 TraceID: 0f93311b9f55672b68a7a29fb85c7fdf SpanID: dbd17b300d3dbe24 [cancelFromOtherOrder][Change Order Status]\n"",""stream"":""stdout"",""time"":""2025-06-06T09:23:06.509340865Z""}"
2025-06-06T09:23:06.508996794Z,1674984186508996794,33.33.33.80,ts-cancel-service-756f6c4675-vhtvd,server,0f93311b9f55672b68a7a29fb85c7fdf,dbd17b300d3dbe24,"{""log"":""17:23:06.508 INFO  c.s.CancelServiceImpl#112 TraceID: 0f93311b9f55672b68a7a29fb85c7fdf SpanID: dbd17b300d3dbe24 [cancelOrder][Cancel Order, Order status ok]\n"",""stream"":""stdout"",""time"":""2025-06-06T09:23:06.508996794Z""}"
2025-06-06T09:23:06.508744885Z,1674984186508744885,33.33.33.80,ts-cancel-service-756f6c4675-vhtvd,server,0f93311b9f55672b68a7a29fb85c7fdf,dbd17b300d3dbe24,"{""log"":""17:23:06.507 INFO  c.s.CancelServiceImpl#106 TraceID: 0f93311b9f55672b68a7a29fb85c7fdf SpanID: dbd17b300d3dbe24 [cancelOrder][Cancel Order, Order found Z|K|Other]\n"",""stream"":""stdout"",""time"":""2025-06-06T09:23:06.508744885Z""}"
2025-06-06T09:23:06.449233636Z,1674984186449233636,33.33.33.80,ts-cancel-service-756f6c4675-vhtvd,server,0f93311b9f55672b68a7a29fb85c7fdf,dbd17b300d3dbe24,"{""log"":""17:23:06.448 INFO  c.s.CancelServiceImpl#323 TraceID: 0f93311b9f55672b68a7a29fb85c7fdf SpanID: dbd17b300d3dbe24 [getOrderByIdFromOrderOther][Get Order][orderId: f0a59a13-2603-4b6e-b948-df296b847e25]\n"",""stream"":""stdout"",""time"":""2025-06-06T09:23:06.449233636Z""}"
2025-06-06T09:23:06.159452188Z,1674984186159452188,33.33.33.80,ts-cancel-service-756f6c4675-vhtvd,server,0f93311b9f55672b68a7a29fb85c7fdf,dbd17b300d3dbe24,"{""log"":""17:23:06.158 INFO  c.s.CancelServiceImpl#309 TraceID: 0f93311b9f55672b68a7a29fb85c7fdf SpanID: dbd17b300d3dbe24 [getOrderByIdFromOrder][Get Order][orderId: f0a59a13-2603-4b6e-b948-df296b847e25]\n"",""stream"":""stdout"",""time"":""2025-06-06T09:23:06.159452188Z""}"
2025-06-06T09:23:06.159112018Z,1674984186159112018,33.33.33.80,ts-cancel-service-756f6c4675-vhtvd,server,0f93311b9f55672b68a7a29fb85c7fdf,dbd17b300d3dbe24,"{""log"":""17:23:06.158 INFO  c.c.CancelController#46 TraceID: 0f93311b9f55672b68a7a29fb85c7fdf SpanID: dbd17b300d3dbe24 [cancelTicket][Cancel Ticket, Verify Success]\n"",""stream"":""stdout"",""time"":""2025-06-06T09:23:06.159112018Z""}"
2025-06-06T09:23:06.158816253Z,1674984186158816253,33.33.33.80,ts-cancel-service-756f6c4675-vhtvd,server,0f93311b9f55672b68a7a29fb85c7fdf,dbd17b300d3dbe24,"{""log"":""17:23:06.157 INFO  c.c.CancelController#44 TraceID: 0f93311b9f55672b68a7a29fb85c7fdf SpanID: dbd17b300d3dbe24 [cancelTicket][Cancel Ticket][info: f0a59a13-2603-4b6e-b948-df296b847e25]\n"",""stream"":""stdout"",""time"":""2025-06-06T09:23:06.158816253Z""}"
2025-06-06T09:22:35.269643475Z,1674984155269643475,33.33.33.82,ts-payment-service-7fc6f5476f-cr76x,server,eef79aee8f0627eeea5c3a04028d9c04,e5437b4394ebb810,"{""log"":""17:22:35.268 INFO  c.t.c.PaymentController#34 TraceID: eef79aee8f0627eeea5c3a04028d9c04 SpanID: e5437b4394ebb810 [pay][Pay][PaymentId: null]\n"",""stream"":""stdout"",""time"":""2025-06-06T09:22:35.269643475Z""}"
2025-06-06T09:22:35.348986121Z,1674984155348986121,33.33.33.76,ts-order-service-5b67c48447-mv5hb,server,eef79aee8f0627eeea5c3a04028d9c04,6f5ea133a7407449,"{""log"":""17:22:35.347 INFO  o.s.OrderServiceImpl#324 TraceID: eef79aee8f0627eeea5c3a04028d9c04 SpanID: 6f5ea133a7407449 [modifyOrder][Modify order Success][OrderId: 305d6bc7-3d48-423d-b446-1361eac43da3]\n"",""stream"":""stdout"",""time"":""2025-06-06T09:22:35.348986121Z""}"
2025-06-06T09:22:35.310894721Z,1674984155310894721,33.33.33.76,ts-order-service-5b67c48447-mv5hb,server,eef79aee8f0627eeea5c3a04028d9c04,6f5ea133a7407449,"{""log"":""17:22:35.310 INFO  o.c.OrderController#108 TraceID: eef79aee8f0627eeea5c3a04028d9c04 SpanID: 6f5ea133a7407449 [modifyOrder][Modify Order Status][OrderId: 305d6bc7-3d48-423d-b446-1361eac43da3]\n"",""stream"":""stdout"",""time"":""2025-06-06T09:22:35.310894721Z""}"
2025-06-06T09:22:35.233760616Z,1674984155233760616,33.33.33.76,ts-order-service-5b67c48447-mv5hb,server,eef79aee8f0627eeea5c3a04028d9c04,a8dbce8c8b33ea38,"{""log"":""17:22:35.233 INFO  o.s.OrderServiceImpl#365 TraceID: eef79aee8f0627eeea5c3a04028d9c04 SpanID: a8dbce8c8b33ea38 [getOrderById][Get Order By ID Success][OrderId: 305d6bc7-3d48-423d-b446-1361eac43da3]\n"",""stream"":""stdout"",""time"":""2025-06-06T09:22:35.233760616Z""}"
2025-06-06T09:22:35.211711794Z,1674984155211711794,33.33.33.76,ts-order-service-5b67c48447-mv5hb,server,eef79aee8f0627eeea5c3a04028d9c04,a8dbce8c8b33ea38,"{""log"":""17:22:35.211 INFO  o.c.OrderController#100 TraceID: eef79aee8f0627eeea5c3a04028d9c04 SpanID: a8dbce8c8b33ea38 [getOrderById][Get Order By Id][OrderId: 305d6bc7-3d48-423d-b446-1361eac43da3]\n"",""stream"":""stdout"",""time"":""2025-06-06T09:22:35.211711794Z""}"
2025-06-06T09:22:35.291532063Z,1674984155291532063,33.33.33.80,ts-inside-payment-service-6f94c49ccd-4rdb2,server,eef79aee8f0627eeea5c3a04028d9c04,7cf2158d86d6fec3,"{""log"":""17:22:35.290 INFO  i.s.InsidePaymentServiceImpl#117 TraceID: eef79aee8f0627eeea5c3a04028d9c04 SpanID: 7cf2158d86d6fec3 [Inside Payment Service.pay][outside Pay][Out pay result: Response(status=1, msg=Pay Success, data=null)]\n"",""stream"":""stdout"",""time"":""2025-06-06T09:22:35.291532063Z""}"
2025-06-06T09:22:35.200995959Z,1674984155200995959,33.33.33.80,ts-inside-payment-service-6f94c49ccd-4rdb2,server,eef79aee8f0627eeea5c3a04028d9c04,7cf2158d86d6fec3,"{""log"":""17:22:35.199 INFO  i.c.InsidePaymentController#33 TraceID: eef79aee8f0627eeea5c3a04028d9c04 SpanID: 7cf2158d86d6fec3 [pay][Inside Payment Service.Pay][Pay for: 305d6bc7-3d48-423d-b446-1361eac43da3]\n"",""stream"":""stdout"",""time"":""2025-06-06T09:22:35.200995959Z""}"
